1	0.5
2	0.5
3	0.5
4	0.5
5	0.5
6	0.5
7	0.5
8	0.5
9	0.5
10	0.5
11	0.5
12	0.5
13	0.5
14	0.5
15	0.5
16	0.5
17	0.5
18	0.5
19	0.515625
20	0.515625
21	0.515625
22	0.515625
23	0.515625
24	0.515625
25	0.515625
26	0.515625
27	0.515625
28	0.515625
29	0.515625
30	0.515625
31	0.515625
32	0.515625
33	0.515625
34	0.515625
35	0.515625
36	0.515625
37	0.515625
38	0.515625
39	0.515625
40	0.515625
41	0.515625
42	0.515625
43	0.515625
44	0.515625
45	0.515625
46	0.515625
47	0.515625
48	0.515625
49	0.515625
50	0.515625
51	0.515625
52	0.515625
53	0.515625
54	0.515625
55	0.515625
56	0.515625
57	0.515625
58	0.515625
59	0.515625
60	0.515625
61	0.515625
62	0.515625
63	0.515625
64	0.515625
65	0.515625
66	0.515625
67	0.515625
68	0.515625
69	0.515625
70	0.515625
71	0.515625
72	0.515625
73	0.515625
74	0.515625
75	0.515625
76	0.515625
77	0.515625
78	0.515625
79	0.515625
80	0.515625
81	0.515625
82	0.515625
83	0.515625
84	0.515625
85	0.515625
86	0.515625
87	0.515625
88	0.515625
89	0.515625
90	0.515625
91	0.515625
92	0.515625
93	0.515625
94	0.515625
95	0.53125
96	0.53125
97	0.53125
98	0.53125
99	0.546875
100	0.546875
101	0.546875
102	0.546875
103	0.546875
104	0.546875
105	0.546875
106	0.546875
107	0.546875
108	0.546875
109	0.546875
110	0.546875
111	0.546875
112	0.546875
113	0.59375
114	0.625
115	0.625
116	0.625
117	0.625
118	0.625
119	0.625
120	0.625
121	0.625
122	0.625
123	0.625
124	0.625
125	0.625
126	0.625
127	0.625
128	0.625
129	0.625
130	0.625
131	0.625
132	0.625
133	0.625
134	0.625
135	0.625
136	0.625
137	0.625
138	0.625
139	0.625
140	0.625
141	0.625
142	0.625
143	0.625
144	0.625
145	0.625
146	0.625
147	0.625
148	0.625
149	0.625
150	0.625
151	0.625
152	0.625
153	0.625
154	0.625
155	0.625
156	0.625
157	0.625
158	0.625
159	0.625
160	0.625
161	0.625
162	0.625
163	0.625
164	0.625
165	0.625
166	0.625
167	0.625
168	0.625
169	0.625
170	0.625
171	0.625
172	0.625
173	0.625
174	0.625
175	0.625
176	0.625
177	0.625
178	0.65625
179	0.65625
180	0.65625
181	0.65625
182	0.65625
183	0.65625
184	0.65625
185	0.65625
186	0.6875
187	0.6875
188	0.6875
189	0.6875
190	0.6875
191	0.6875
192	0.6875
193	0.6875
194	0.6875
195	0.6875
196	0.6875
197	0.6875
198	0.6875
199	0.6875
200	0.6875
201	0.6875
202	0.703125
203	0.703125
204	0.703125
205	0.703125
206	0.75
207	0.75
208	0.75
209	0.75
210	0.75
211	0.75
212	0.75
213	0.75
214	0.75
215	0.75
216	0.75
217	0.78125
218	0.78125
219	0.78125
220	0.78125
221	0.78125
222	0.78125
223	0.78125
224	0.78125
225	0.78125
226	0.78125
227	0.78125
228	0.78125
229	0.78125
230	0.78125
231	0.78125
232	0.78125
233	0.8125
234	0.8125
235	0.8125
236	0.8125
237	0.8125
238	0.8125
239	0.8125
240	0.8125
241	0.8125
242	0.8125
243	0.8125
244	0.8125
245	0.8125
246	0.8125
247	0.8125
248	0.8125
249	0.8125
250	0.8125
251	0.8125
252	0.8125
253	0.8125
254	0.8125
255	0.8125
256	0.8125
257	0.8125
258	0.8125
259	0.8125
260	0.8125
261	0.84375
262	0.84375
263	0.84375
264	0.84375
265	0.84375
266	0.84375
267	0.84375
268	0.84375
269	0.84375
270	0.84375
271	0.84375
272	0.84375
273	0.84375
274	0.84375
275	0.84375
276	0.84375
277	0.84375
278	0.84375
279	0.84375
280	0.84375
281	0.84375
282	0.84375
283	0.84375
284	0.84375
285	0.875
286	0.875
287	0.875
288	0.875
289	0.875
290	0.875
291	0.875
292	0.875
293	0.875
294	0.875
295	0.875
296	0.875
297	0.875
298	0.875
299	0.875
300	0.875
301	0.875
302	0.875
303	0.875
304	0.875
305	0.875
306	0.875
307	0.875
308	0.875
309	0.875
310	0.875
311	0.875
312	0.875
313	0.875
314	0.875
315	0.875
316	0.875
317	0.875
318	0.875
319	0.875
320	0.875
321	0.875
322	0.875
323	0.875
324	0.875
325	0.875
326	0.875
327	0.875
328	0.875
329	0.875
330	0.875
331	0.875
332	0.875
333	0.875
334	0.875
335	0.875
336	0.875
337	0.875
338	0.875
339	0.875
340	0.875
341	0.875
342	0.875
343	0.875
344	0.875
345	0.875
346	0.875
347	0.875
348	0.875
349	0.875
350	0.875
351	0.875
352	0.875
353	0.875
354	0.875
355	0.875
356	0.875
357	0.875
358	0.875
359	0.875
360	0.875
361	0.875
362	0.875
363	0.875
364	0.875
365	0.875
366	0.875
367	0.875
368	0.875
369	0.875
370	0.875
371	0.875
372	0.875
373	0.875
374	0.875
375	0.875
376	0.875
377	0.875
378	0.875
379	0.875
380	0.875
381	0.875
382	0.875
383	0.875
384	0.875
385	0.875
386	0.875
387	0.875
388	0.875
389	0.875
390	0.875
391	0.875
392	0.875
393	0.875
394	0.875
395	0.875
396	0.875
397	0.875
398	0.875
399	0.875
400	0.875
401	0.875
402	0.875
403	0.875
404	0.875
405	0.875
406	0.875
407	0.875
408	0.875
409	0.875
410	0.875
411	0.875
412	0.875
413	0.875
414	0.875
415	0.875
416	0.875
417	0.875
418	0.875
419	0.875
420	0.875
421	0.875
422	0.875
423	0.875
424	0.875
425	0.875
426	0.875
427	0.875
428	0.875
429	0.875
430	0.875
431	0.875
432	0.875
433	0.875
434	0.875
435	0.875
436	0.875
437	0.875
438	0.875
439	0.875
440	0.875
441	0.875
442	0.875
443	0.875
444	0.875
445	0.875
446	0.875
447	0.875
448	0.875
449	0.875
450	0.875
451	0.875
452	0.875
453	0.875
454	0.875
455	0.875
456	0.875
457	0.875
458	0.875
459	0.875
460	0.875
461	0.875
462	0.875
463	0.875
464	0.875
465	0.875
466	0.875
467	0.875
468	0.875
469	0.875
470	0.875
471	0.875
472	0.875
473	0.875
474	0.875
475	0.875
476	0.875
477	0.875
478	0.875
479	0.875
480	0.875
481	0.875
482	0.875
483	0.875
484	0.875
485	0.875
486	0.875
487	0.875
488	0.875
489	0.875
490	0.875
491	0.875
492	0.875
493	0.875
494	0.875
495	0.875
496	0.875
497	0.875
498	0.875
499	0.875
500	0.875
501	0.875
502	0.875
503	0.875
504	0.875
505	0.875
506	0.875
507	0.875
508	0.875
509	0.875
510	0.875
511	0.875
512	0.875
513	0.875
514	0.875
515	0.875
516	0.875
517	0.875
518	0.875
519	0.875
520	0.875
521	0.875
522	0.875
523	0.875
524	0.875
525	0.875
526	0.875
527	0.875
528	0.875
529	0.875
530	0.875
531	0.875
532	0.875
533	0.875
534	0.875
535	0.875
536	0.875
537	0.875
538	0.875
539	0.875
540	0.875
541	0.875
542	0.875
543	0.875
544	0.875
545	0.875
546	0.875
547	0.875
548	0.875
549	0.875
550	0.875
551	0.875
552	0.875
553	0.875
554	0.875
555	0.875
556	0.875
557	0.875
558	0.875
559	0.875
560	0.875
561	0.875
562	0.875
563	0.875
564	0.875
565	0.875
566	0.875
567	0.875
568	0.875
569	0.875
570	0.875
571	0.875
572	0.875
573	0.875
574	0.875
575	0.875
576	0.875
577	0.875
578	0.875
579	0.875
580	0.875
581	0.875
582	0.875
583	0.875
584	0.875
585	0.875
586	0.875
587	0.875
588	0.875
589	0.875
590	0.875
591	0.875
592	0.875
593	0.875
594	0.875
595	0.875
596	0.875
597	0.875
598	0.875
599	0.875
600	0.875
601	0.875
602	0.875
603	0.875
604	0.875
605	0.875
606	0.875
607	0.875
608	0.875
609	0.875
610	0.875
611	0.875
612	0.875
613	0.9375
614	0.9375
615	0.9375
616	0.9375
617	0.9375
618	0.9375
619	0.9375
620	0.9375
621	0.9375
622	0.9375
623	0.9375
624	0.9375
625	0.9375
626	0.9375
627	0.9375
628	0.9375
629	0.9375
630	0.9375
631	0.9375
632	1
## No. organisms: 10
## Seeds        : 1002906142, 72738
## Runtime      : 0h 0m 8s.
## Started at   : Mon Aug 24 16:49:25 2020
## Ended at     : Mon Aug 24 16:49:33 2020
