1	0.5
2	0.5
3	0.5
4	0.5
5	0.5
6	0.5
7	0.5
8	0.5
9	0.5
10	0.5
11	0.5
12	0.5
13	0.5
14	0.5
15	0.5
16	0.5
17	0.5
18	0.5
19	0.5
20	0.5
21	0.5
22	0.5
23	0.5
24	0.5
25	0.5
26	0.5
27	0.5
28	0.5
29	0.5
30	0.5
31	0.5
32	0.5
33	0.5
34	0.5
35	0.5
36	0.5
37	0.5
38	0.5
39	0.5
40	0.5
41	0.5
42	0.5
43	0.5
44	0.5
45	0.5
46	0.5
47	0.5
48	0.5
49	0.5
50	0.5
51	0.5
52	0.5
53	0.5
54	0.5
55	0.5
56	0.5
57	0.5
58	0.5
59	0.5
60	0.5
61	0.5
62	0.5
63	0.5
64	0.5
65	0.5
66	0.5
67	0.5
68	0.5
69	0.5
70	0.5
71	0.625
72	0.625
73	0.625
74	0.625
75	0.6875
76	0.6875
77	0.6875
78	0.6875
79	0.6875
80	0.6875
81	0.6875
82	0.6875
83	0.6875
84	0.6875
85	0.6875
86	0.6875
87	0.6875
88	0.6875
89	0.6875
90	0.75
91	0.75
92	0.75
93	0.75
94	0.75
95	0.75
96	0.75
97	0.75
98	0.75
99	0.75
100	0.75
101	0.75
102	0.75
103	0.75
104	0.75
105	0.75
106	0.75
107	0.75
108	0.75
109	0.75
110	0.75
111	0.75
112	0.75
113	0.75
114	0.75
115	0.75
116	0.75
117	0.75
118	0.75
119	0.75
120	0.75
121	0.75
122	0.75
123	0.75
124	0.75
125	0.75
126	0.75
127	0.75
128	0.75
129	0.75
130	0.75
131	0.75
132	0.75
133	0.75
134	0.75
135	0.75
136	0.75
137	0.75
138	0.75
139	0.75
140	0.75
141	0.75
142	0.75
143	0.75
144	0.75
145	0.75
146	0.75
147	0.75
148	0.75
149	0.75
150	0.75
151	0.75
152	0.75
153	0.75
154	0.75
155	0.75
156	0.75
157	0.75
158	0.75
159	0.75
160	0.75
161	0.75
162	0.75
163	0.75
164	0.75
165	0.75
166	0.75
167	0.75
168	0.75
169	0.75
170	0.75
171	0.875
172	0.875
173	0.875
174	0.875
175	0.875
176	0.875
177	0.875
178	0.875
179	0.875
180	0.875
181	0.875
182	0.875
183	0.875
184	0.875
185	0.875
186	0.875
187	0.875
188	0.875
189	0.875
190	0.875
191	0.875
192	0.875
193	0.875
194	0.875
195	0.875
196	0.875
197	0.875
198	0.875
199	0.875
200	0.875
201	0.875
202	0.875
203	0.875
204	0.875
205	0.875
206	0.875
207	0.875
208	0.875
209	0.875
210	0.875
211	0.875
212	0.875
213	0.875
214	0.875
215	0.875
216	0.875
217	0.875
218	0.875
219	0.875
220	0.875
221	0.875
222	0.875
223	0.875
224	0.875
225	0.875
226	0.875
227	0.875
228	0.875
229	0.875
230	0.875
231	0.875
232	0.875
233	0.875
234	0.875
235	0.875
236	0.875
237	0.875
238	0.875
239	0.875
240	0.875
241	0.875
242	0.875
243	0.875
244	0.875
245	0.875
246	0.875
247	0.875
248	0.875
249	0.875
250	0.875
251	0.875
252	0.875
253	0.875
254	0.875
255	0.875
256	0.875
257	0.875
258	0.875
259	0.875
260	0.875
261	0.875
262	0.875
263	0.875
264	0.875
265	0.875
266	0.875
267	0.875
268	0.875
269	0.875
270	0.875
271	0.875
272	0.875
273	0.875
274	0.875
275	0.875
276	0.875
277	0.875
278	0.875
279	0.875
280	0.875
281	0.875
282	0.875
283	0.875
284	0.875
285	0.875
286	0.875
287	0.875
288	0.875
289	0.875
290	0.875
291	0.875
292	0.875
293	0.875
294	0.875
295	0.875
296	0.875
297	0.875
298	0.875
299	0.875
300	0.875
301	0.875
302	0.875
303	0.875
304	0.875
305	0.875
306	0.875
307	0.875
308	0.875
309	0.875
310	0.875
311	0.875
312	0.875
313	0.875
314	0.875
315	0.875
316	0.875
317	0.875
318	0.875
319	0.875
320	0.875
321	0.875
322	0.875
323	0.875
324	0.875
325	0.875
326	0.875
327	0.875
328	0.875
329	0.875
330	0.875
331	0.875
332	0.875
333	0.875
334	0.875
335	0.875
336	0.875
337	0.875
338	0.875
339	0.875
340	0.875
341	0.875
342	0.875
343	0.875
344	0.875
345	0.875
346	0.875
347	0.875
348	0.875
349	0.875
350	0.875
351	0.875
352	0.875
353	0.875
354	0.875
355	0.875
356	0.875
357	0.875
358	0.875
359	0.875
360	0.875
361	0.875
362	0.875
363	0.875
364	0.875
365	0.875
366	0.875
367	0.875
368	0.875
369	0.875
370	0.875
371	0.875
372	0.875
373	0.875
374	0.875
375	0.875
376	0.875
377	0.875
378	0.875
379	0.875
380	0.875
381	0.875
382	0.875
383	0.875
384	0.875
385	0.875
386	0.875
387	0.875
388	0.875
389	0.875
390	0.875
391	0.875
392	0.875
393	0.875
394	0.875
395	0.875
396	0.875
397	0.875
398	0.875
399	0.875
400	0.875
401	0.875
402	0.875
403	0.875
404	0.875
405	0.875
406	0.875
407	0.875
408	0.875
409	0.875
410	0.875
411	0.875
412	0.875
413	0.875
414	0.875
415	0.9375
416	0.9375
417	0.9375
418	0.9375
419	0.9375
420	0.9375
421	0.9375
422	0.9375
423	0.9375
424	0.9375
425	0.9375
426	0.9375
427	0.9375
428	1
## No. organisms: 20
## Seeds        : 1502474719, 33833
## Runtime      : 0h 0m 6s.
## Started at   : Sun Aug 30 11:25:53 2020
## Ended at     : Sun Aug 30 11:25:59 2020
