1	0.5	0.5	1	60	1
2	0.5	0.5	1	60	3
3	0.5	0.5	1	60	5
4	0.5	0.5	1	60	2
5	0.5	0.5	1	60	3
6	0.5	0.5	1	60	4
7	0.5	0.5	1	60	4
8	0.5	0.5	1	60	3
9	0.5	0.5	1	60	1
10	0.5	0.5	1	60	1
11	0.5	0.5	1	60	1
12	0.5	0.5	1	60	3
13	0.5	0.5	1	60	4
14	0.5	0.5	1	60	2
15	0.5	0.5	1	60	1
16	0.5	0.5	1	60	3
17	0.5	0.5	1	60	1
18	0.5	0.5	1	60	2
19	0.5	0.5	1	60	2
20	0.5	0.5	1	60	1
21	0.5	0.5	1	60	4
22	0.5	0.5	1	60	2
23	0.5	0.5	1	60	3
24	0.5	0.5	1	60	1
25	0.5	0.5	1	60	3
26	0.5	0.5	1	60	3
27	0.5	0.5	1	60	1
28	0.5	0.5	1	60	4
29	0.5	0.5	1	60	2
30	0.5	0.5	1	60	4
31	0.5	0.5	1	60	1
32	0.5	0.5	1	60	3
33	0.5	0.5	1	60	1
34	0.5	0.5	1	60	2
35	0.5	0.5	1	60	3
36	0.5	0.5	1	60	3
37	0.5	0.5	1	60	3
38	0.5	0.5	1	60	3
39	0.5	0.5	1	60	2
40	0.5	0.5	1	60	2
41	0.5	0.5	1	60	2
42	0.5	0.5	1	60	2
43	0.5	0.5	1	60	1
44	0.5	0.5	1	60	2
45	0.5	0.5	1	60	2
46	0.5	0.5	1	60	3
47	0.5	0.5	1	60	3
48	0.5	0.5	1	60	1
49	0.5	0.5	1	60	1
50	0.5	0.5	1	60	1
51	0.5	0.5	1	60	4
52	0.5	0.5	1	60	4
53	0.5	0.5	1	60	3
54	0.5	0.5	1	60	3
55	0.5	0.5	1	60	4
56	0.5	0.5	1	60	3
57	0.5	0.5	1	60	3
58	0.5	0.5	1	60	1
59	0.5	0.5	1	60	2
60	0.5	0.5	1	60	2
61	0.5	0.5	1	60	4
62	0.5	0.5	1	60	2
63	0.5	0.5	1	60	1
64	0.5	0.5	1	60	2
65	0.5	0.5	1	60	4
66	0.5	0.5	1	60	2
67	0.5	0.5	1	60	2
68	0.5	0.5	1	60	4
69	0.5	0.5	1	60	1
70	0.5	0.5	1	60	1
71	0.5	0.5	1	60	3
72	0.5	0.5	1	60	3
73	0.5	0.5	1	60	1
74	0.5	0.5	1	60	2
75	0.5	0.5	1	60	1
76	0.5	0.5	1	60	1
77	0.5	0.5	1	60	2
78	0.5	0.5	1	60	4
79	0.5	0.5	1	60	2
80	0.5	0.5	1	60	3
81	0.5	0.5	1	60	1
82	0.5	0.5	1	60	3
83	0.5	0.5	1	60	4
84	0.5	0.5	1	60	1
85	0.5	0.5	1	60	3
86	0.5	0.5	1	60	3
87	0.5	0.5	1	60	2
88	0.5	0.5	1	60	2
89	0.5	0.5	1	60	1
90	0.5	0.5	1	60	3
91	0.5	0.5	1	60	5
92	0.5	0.5	1	60	2
93	0.5	0.5	1	60	1
94	0.5	0.5	1	60	2
95	0.5	0.5	1	60	2
96	0.5	0.5	1	60	3
97	0.5	0.5	1	60	1
98	0.5	0.5	1	60	3
99	0.4375	0.5	1	60	2
100	0.5	0.5	1	60	1
101	0.5	0.5	1	60	1
102	0.5	0.5	1	60	2
103	0.5	0.5	1	60	2
104	0.5	0.5	1	60	2
105	0.5	0.5	1	60	1
106	0.5	0.5	1	60	2
107	0.5	0.5	1	60	5
108	0.5	0.5	1	60	4
109	0.5	0.5	1	60	2
110	0.5	0.5	1	60	1
111	0.5	0.5	1	60	1
112	0.5	0.5	1	60	2
113	0.5	0.5	1	60	4
114	0.5	0.5	1	60	1
115	0.5	0.5	1	60	4
116	0.5	0.5	1	60	4
117	0.5	0.5	1	60	2
118	0.5	0.5	1	60	2
119	0.5	0.5	1	60	1
120	0.5	0.5	1	60	1
121	0.5	0.5	1	60	2
122	0.5	0.5	1	60	1
123	0.5	0.5	1	60	2
124	0.5	0.5	1	60	2
125	0.5625	0.5625	1	60	2
126	0.5625	0.5625	1	60	2
127	0.5625	0.5625	1	60	1
128	0.5625	0.5625	1	60	1
129	0.5625	0.5625	1	60	2
130	0.5625	0.5625	1	60	2
131	0.5625	0.5625	1	60	1
132	0.5625	0.5625	1	60	4
133	0.5625	0.5625	1	60	4
134	0.5	0.5625	1	60	3
135	0.5625	0.5625	1	60	4
136	0.5625	0.5625	1	60	3
137	0.5625	0.5625	1	60	2
138	0.5625	0.5625	1	60	2
139	0.5625	0.5625	1	60	1
140	0.5625	0.5625	1	60	1
141	0.5625	0.5625	1	60	1
142	0.5625	0.5625	1	60	4
143	0.5625	0.5625	1	60	1
144	0.5625	0.5625	1	60	3
145	0.5625	0.5625	1	60	2
146	0.5	0.5625	1	60	2
147	0.5625	0.5625	1	60	1
148	0.5625	0.5625	1	60	3
149	0.5625	0.5625	1	60	2
150	0.5625	0.5625	1	60	3
151	0.5	0.5625	1	60	4
152	0.5625	0.5625	1	60	2
153	0.5625	0.5625	1	60	4
154	0.5625	0.5625	1	60	2
155	0.5625	0.5625	1	60	4
156	0.5625	0.5625	1	60	1
157	0.5625	0.5625	1	60	1
158	0.5625	0.5625	1	60	2
159	0.5	0.5625	1	60	4
160	0.5625	0.5625	1	60	3
161	0.5625	0.5625	1	60	1
162	0.625	0.625	1	60	3
163	0.625	0.625	1	60	2
164	0.5625	0.625	1	60	3
165	0.5625	0.625	1	60	3
166	0.625	0.625	1	60	1
167	0.5625	0.625	1	60	5
168	0.5	0.625	1	60	3
169	0.625	0.625	1	60	1
170	0.625	0.625	1	60	2
171	0.625	0.625	1	60	1
172	0.625	0.625	1	60	2
173	0.625	0.625	1	60	7
174	0.625	0.625	1	60	1
175	0.5	0.625	1	60	5
176	0.625	0.625	1	60	2
177	0.625	0.625	1	60	1
178	0.5	0.625	1	60	5
179	0.625	0.625	1	60	8
180	0.625	0.625	1	60	2
181	0.5	0.625	1	60	2
182	0.625	0.625	1	60	1
183	0.625	0.625	1	60	4
184	0.625	0.625	1	60	1
185	0.625	0.625	1	60	1
186	0.625	0.625	1	60	4
187	0.625	0.625	1	60	1
188	0.625	0.625	1	60	1
189	0.625	0.625	1	60	1
190	0.5	0.625	1	60	5
191	0.625	0.625	1	60	2
192	0.625	0.625	1	60	1
193	0.5	0.625	1	60	2
194	0.625	0.625	1	60	1
195	0.625	0.625	1	60	3
196	0.625	0.625	1	60	1
197	0.625	0.625	1	60	2
198	0.625	0.625	1	60	4
199	0.625	0.625	1	60	3
200	0.625	0.625	1	60	2
201	0.625	0.625	1	60	2
202	0.5	0.625	1	60	3
203	0.625	0.625	1	60	2
204	0.625	0.625	1	60	3
205	0.625	0.625	1	60	2
206	0.625	0.625	1	60	1
207	0.625	0.625	1	60	1
208	0.5	0.625	1	60	1
209	0.625	0.625	1	60	3
210	0.625	0.625	1	60	4
211	0.625	0.625	1	60	2
212	0.625	0.625	1	60	2
213	0.625	0.625	1	60	1
214	0.625	0.625	1	60	1
215	0.5	0.625	1	60	2
216	0.625	0.625	1	60	3
217	0.625	0.625	1	60	2
218	0.625	0.625	1	60	3
219	0.5625	0.625	1	60	5
220	0.625	0.625	1	60	5
221	0.625	0.625	1	60	2
222	0.625	0.625	1	60	3
223	0.625	0.625	1	60	1
224	0.625	0.625	1	60	1
225	0.625	0.625	1	60	2
226	0.625	0.625	1	60	4
227	0.625	0.625	1	60	6
228	0.625	0.625	1	60	2
229	0.625	0.625	1	60	2
230	0.5	0.625	1	60	4
231	0.625	0.625	1	60	3
232	0.5	0.625	1	60	5
233	0.625	0.625	1	60	3
234	0.625	0.625	1	60	2
235	0.625	0.625	1	60	3
236	0.625	0.625	1	60	1
237	0.5625	0.625	1	60	2
238	0.625	0.625	1	60	1
239	0.625	0.625	1	60	1
240	0.625	0.625	1	60	2
241	0.625	0.625	1	60	2
242	0.625	0.625	1	60	1
243	0.625	0.625	1	60	3
244	0.625	0.625	1	60	2
245	0.625	0.625	1	60	3
246	0.5	0.625	1	60	3
247	0.625	0.625	1	60	3
248	0.625	0.625	1	60	4
249	0.625	0.625	1	60	1
250	0.625	0.625	1	60	1
251	0.6875	0.6875	1	60	4
252	0.6875	0.6875	1	60	1
253	0.5	0.6875	1	60	4
254	0.6875	0.6875	1	60	2
255	0.5	0.6875	1	60	3
256	0.625	0.6875	1	60	2
257	0.625	0.6875	1	60	1
258	0.6875	0.6875	1	60	1
259	0.6875	0.6875	1	60	1
260	0.6875	0.6875	1	60	2
261	0.6875	0.6875	1	60	3
262	0.6875	0.6875	1	60	1
263	0.6875	0.6875	1	60	2
264	0.6875	0.6875	1	60	4
265	0.6875	0.6875	1	60	2
266	0.6875	0.6875	1	60	1
267	0.625	0.6875	1	60	1
268	0.6875	0.6875	1	60	1
269	0.6875	0.6875	1	60	1
270	0.625	0.6875	1	60	2
271	0.6875	0.6875	1	60	2
272	0.6875	0.6875	1	60	2
273	0.6875	0.6875	1	60	1
274	0.6875	0.6875	1	60	3
275	0.6875	0.6875	1	60	1
276	0.6875	0.6875	1	60	1
277	0.6875	0.6875	1	60	7
278	0.5	0.6875	1	60	3
279	0.6875	0.6875	1	60	2
280	0.6875	0.6875	1	60	1
281	0.6875	0.6875	1	60	3
282	0.6875	0.6875	1	60	1
283	0.6875	0.6875	1	60	3
284	0.6875	0.6875	1	60	1
285	0.6875	0.6875	1	60	1
286	0.6875	0.6875	1	60	1
287	0.5	0.6875	1	60	2
288	0.6875	0.6875	1	60	2
289	0.6875	0.6875	1	60	2
290	0.6875	0.6875	1	60	2
291	0.6875	0.6875	1	60	3
292	0.6875	0.6875	1	60	2
293	0.625	0.6875	1	60	4
294	0.6875	0.6875	1	60	5
295	0.6875	0.6875	1	60	1
296	0.625	0.6875	1	60	1
297	0.6875	0.6875	1	60	1
298	0.6875	0.6875	1	60	1
299	0.625	0.6875	1	60	4
300	0.6875	0.6875	1	60	4
301	0.6875	0.6875	1	60	1
302	0.6875	0.6875	1	60	5
303	0.6875	0.6875	1	60	1
304	0.6875	0.6875	1	60	1
305	0.6875	0.6875	1	60	1
306	0.6875	0.6875	1	60	1
307	0.6875	0.6875	1	60	1
308	0.6875	0.6875	1	60	2
309	0.6875	0.6875	1	60	3
310	0.6875	0.6875	1	60	2
311	0.6875	0.6875	1	60	1
312	0.75	0.75	1	60	2
313	0.5625	0.75	1	60	2
314	0.75	0.75	1	60	2
315	0.5	0.75	1	60	1
316	0.75	0.75	1	60	3
317	0.75	0.75	1	60	1
318	0.75	0.75	1	60	2
319	0.75	0.75	1	60	2
320	0.75	0.75	1	60	1
321	0.75	0.75	1	60	1
322	0.75	0.75	1	60	1
323	0.75	0.75	1	60	1
324	0.75	0.75	1	60	1
325	0.75	0.75	1	60	1
326	0.75	0.75	1	60	2
327	0.75	0.75	1	60	2
328	0.75	0.75	1	60	1
329	0.75	0.75	1	60	1
330	0.75	0.75	1	60	1
331	0.6875	0.75	1	60	2
332	0.75	0.75	1	60	1
333	0.75	0.75	1	60	2
334	0.75	0.75	1	60	3
335	0.75	0.75	1	60	1
336	0.75	0.75	1	60	1
337	0.75	0.75	1	60	1
338	0.75	0.75	1	60	3
339	0.75	0.75	1	60	5
340	0.75	0.75	1	60	1
341	0.75	0.75	1	60	2
342	0.5	0.75	1	60	5
343	0.75	0.75	1	60	2
344	0.75	0.75	1	60	3
345	0.75	0.75	1	60	2
346	0.75	0.75	1	60	1
347	0.75	0.75	1	60	2
348	0.75	0.75	1	60	2
349	0.75	0.75	1	60	4
350	0.6875	0.75	1	60	1
351	0.625	0.75	1	60	4
352	0.75	0.75	1	60	1
353	0.75	0.75	1	60	2
354	0.75	0.75	1	60	2
355	0.6875	0.75	1	60	2
356	0.75	0.75	1	60	4
357	0.75	0.75	1	60	1
358	0.75	0.75	1	60	3
359	0.75	0.75	1	60	1
360	0.75	0.75	1	60	1
361	0.75	0.75	1	60	2
362	0.75	0.75	1	60	3
363	0.625	0.75	1	60	1
364	0.75	0.75	1	60	1
365	0.75	0.75	1	60	1
366	0.75	0.75	1	60	1
367	0.75	0.75	1	60	2
368	0.75	0.75	1	60	3
369	0.6875	0.75	1	60	1
370	0.75	0.75	1	60	1
371	0.75	0.75	1	60	2
372	0.75	0.75	1	60	4
373	0.75	0.75	1	60	1
374	0.75	0.75	1	60	5
375	0.75	0.75	1	60	2
376	0.75	0.75	1	60	1
377	0.75	0.75	1	60	2
378	0.75	0.75	1	60	3
379	0.75	0.75	1	60	3
380	0.75	0.75	1	60	1
381	0.75	0.75	1	60	4
382	0.75	0.75	1	60	2
383	0.6875	0.75	1	60	5
384	0.5	0.75	1	60	5
385	0.75	0.75	1	60	2
386	0.75	0.75	1	60	3
387	0.75	0.75	1	60	2
388	0.75	0.75	1	60	2
389	0.75	0.75	1	60	1
390	0.5	0.75	1	60	3
391	0.75	0.75	1	60	3
392	0.75	0.75	1	60	1
393	0.75	0.75	1	60	1
394	0.75	0.75	1	60	4
395	0.75	0.75	1	60	3
396	0.5	0.75	1	60	6
397	0.75	0.75	1	60	3
398	0.75	0.75	1	60	1
399	0.5	0.75	1	60	2
400	0.75	0.75	1	60	2
401	0.75	0.75	1	60	2
402	0.75	0.75	1	60	2
403	0.5	0.75	1	60	2
404	0.5	0.75	1	60	2
405	0.75	0.75	1	60	1
406	0.75	0.75	1	60	3
407	0.5	0.75	1	60	2
408	0.75	0.75	1	60	4
409	0.75	0.75	1	60	1
410	0.75	0.75	1	60	2
411	0.75	0.75	1	60	1
412	0.75	0.75	1	60	1
413	0.75	0.75	1	60	4
414	0.75	0.75	1	60	6
415	0.5	0.75	1	60	2
416	0.75	0.75	1	60	1
417	0.75	0.75	1	60	1
418	0.75	0.75	1	60	1
419	0.75	0.75	1	60	3
420	0.75	0.75	1	60	4
421	0.75	0.75	1	60	2
422	0.75	0.75	1	60	3
423	0.75	0.75	1	60	1
424	0.75	0.75	1	60	3
425	0.5	0.75	1	60	5
426	0.75	0.75	1	60	1
427	0.75	0.75	1	60	1
428	0.75	0.75	1	60	1
429	0.5	0.75	1	60	2
430	0.75	0.75	1	60	3
431	0.75	0.75	1	60	2
432	0.75	0.75	1	60	3
433	0.75	0.75	1	60	4
434	0.75	0.75	1	60	1
435	0.75	0.75	1	60	2
436	0.75	0.75	1	60	2
437	0.5	0.75	1	60	3
438	0.75	0.75	1	60	3
439	0.75	0.75	1	60	1
440	0.75	0.75	1	60	1
441	0.75	0.75	1	60	1
442	0.5	0.75	1	60	3
443	0.625	0.75	1	60	5
444	0.75	0.75	1	60	1
445	0.5	0.75	1	60	3
446	0.75	0.75	1	60	2
447	0.75	0.75	1	60	1
448	0.75	0.75	1	60	1
449	0.75	0.75	1	60	2
450	0.75	0.75	1	60	2
451	0.75	0.75	1	60	2
452	0.75	0.75	1	60	5
453	0.75	0.75	1	60	3
454	0.75	0.75	1	60	1
455	0.75	0.75	1	60	1
456	0.75	0.75	1	60	1
457	0.75	0.75	1	60	1
458	0.75	0.75	1	60	2
459	0.75	0.75	1	60	2
460	0.75	0.75	1	60	2
461	0.75	0.75	1	60	1
462	0.75	0.75	1	60	6
463	0.75	0.75	1	60	2
464	0.75	0.75	1	60	4
465	0.75	0.75	1	60	2
466	0.5625	0.75	1	60	3
467	0.75	0.75	1	60	5
468	0.75	0.75	1	60	1
469	0.75	0.75	1	60	2
470	0.75	0.75	1	60	4
471	0.75	0.75	1	60	2
472	0.75	0.75	1	60	2
473	0.75	0.75	1	60	5
474	0.75	0.75	1	60	2
475	0.75	0.75	1	60	2
476	0.75	0.75	1	60	4
477	0.75	0.75	1	60	4
478	0.75	0.75	1	60	2
479	0.5625	0.75	1	60	4
480	0.75	0.75	1	60	4
481	0.75	0.75	1	60	1
482	0.75	0.75	1	60	1
483	0.75	0.75	1	60	1
484	0.75	0.75	1	60	3
485	0.75	0.75	1	60	2
486	0.75	0.75	1	60	1
487	0.75	0.75	1	60	5
488	0.75	0.75	1	60	1
489	0.5	0.75	1	60	4
490	0.75	0.75	1	60	3
491	0.75	0.75	1	60	3
492	0.75	0.75	1	60	2
493	0.75	0.75	1	60	2
494	0.75	0.75	1	60	5
495	0.75	0.75	1	60	3
496	0.75	0.75	1	60	1
497	0.625	0.75	1	60	2
498	0.75	0.75	1	60	1
499	0.75	0.75	1	60	4
500	0.75	0.75	1	60	3
501	0.75	0.75	1	60	2
502	0.75	0.75	1	60	1
503	0.75	0.75	1	60	3
504	0.75	0.75	1	60	2
505	0.75	0.75	1	60	2
506	0.75	0.75	1	60	4
507	0.75	0.75	1	60	2
508	0.75	0.75	1	60	1
509	0.75	0.75	1	60	1
510	0.625	0.75	1	60	5
511	0.625	0.75	1	60	1
512	0.75	0.75	1	60	3
513	0.625	0.75	1	60	4
514	0.75	0.75	1	60	4
515	0.75	0.75	1	60	1
516	0.75	0.75	1	60	1
517	0.75	0.75	1	60	2
518	0.75	0.75	1	60	3
519	0.625	0.75	1	60	6
520	0.75	0.75	1	60	2
521	0.75	0.75	1	60	1
522	0.75	0.75	1	60	2
523	0.75	0.75	1	60	1
524	0.5	0.75	1	60	3
525	0.75	0.75	1	60	2
526	0.625	0.75	1	60	2
527	0.75	0.75	1	60	2
528	0.75	0.75	1	60	1
529	0.75	0.75	1	60	3
530	0.625	0.75	1	60	4
531	0.75	0.75	1	60	2
532	0.75	0.75	1	60	4
533	0.75	0.75	1	60	2
534	0.75	0.75	1	60	3
535	0.75	0.75	1	60	2
536	0.75	0.75	1	60	2
537	0.5625	0.75	1	60	2
538	0.75	0.75	1	60	2
539	0.75	0.75	1	60	1
540	0.75	0.75	1	60	3
541	0.75	0.75	1	60	1
542	0.625	0.75	1	60	3
543	0.75	0.75	1	60	3
544	0.75	0.75	1	60	4
545	0.75	0.75	1	60	3
546	0.625	0.75	1	60	2
547	0.75	0.75	1	60	3
548	0.75	0.75	1	60	2
549	0.75	0.75	1	60	3
550	0.75	0.75	1	60	2
551	0.75	0.75	1	60	4
552	0.625	0.75	1	60	4
553	0.75	0.75	1	60	5
554	0.75	0.75	1	60	4
555	0.75	0.75	1	60	1
556	0.5625	0.75	1	60	4
557	0.75	0.75	1	60	4
558	0.75	0.75	1	60	3
559	0.75	0.75	1	60	2
560	0.75	0.75	1	60	1
561	0.75	0.75	1	60	2
562	0.6875	0.75	1	60	1
563	0.5	0.75	1	60	2
564	0.75	0.75	1	60	1
565	0.75	0.75	1	60	2
566	0.75	0.75	1	60	4
567	0.75	0.75	1	60	1
568	0.75	0.75	1	60	3
569	0.75	0.75	1	60	2
570	0.75	0.75	1	60	1
571	0.75	0.75	1	60	1
572	0.625	0.75	1	60	4
573	0.75	0.75	1	60	1
574	0.75	0.75	1	60	1
575	0.6875	0.75	1	60	1
576	0.75	0.75	1	60	1
577	0.75	0.75	1	60	2
578	0.75	0.75	1	60	1
579	0.75	0.75	1	60	1
580	0.75	0.75	1	60	2
581	0.75	0.75	1	60	2
582	0.75	0.75	1	60	2
583	0.75	0.75	1	60	1
584	0.75	0.75	1	60	1
585	0.75	0.75	1	60	1
586	0.75	0.75	1	60	2
587	0.75	0.75	1	60	4
588	0.75	0.75	1	60	1
589	0.625	0.75	1	60	1
590	0.625	0.75	1	60	3
591	0.75	0.75	1	60	3
592	0.75	0.75	1	60	2
593	0.75	0.75	1	60	3
594	0.75	0.75	1	60	2
595	0.75	0.75	1	60	2
596	0.75	0.75	1	60	4
597	0.75	0.75	1	60	3
598	0.75	0.75	1	60	2
599	0.75	0.75	1	60	1
600	0.75	0.75	1	60	1
601	0.75	0.75	1	60	2
602	0.5	0.75	1	60	3
603	0.75	0.75	1	60	4
604	0.75	0.75	1	60	1
605	0.75	0.75	1	60	2
606	0.75	0.75	1	60	1
607	0.75	0.75	1	60	1
608	0.75	0.75	1	60	4
609	0.75	0.75	1	60	2
610	0.75	0.75	1	60	2
611	0.75	0.75	1	60	3
612	0.75	0.75	1	60	4
613	0.625	0.75	1	60	2
614	0.75	0.75	1	60	1
615	0.75	0.75	1	60	1
616	0.75	0.75	1	60	1
617	0.75	0.75	1	60	2
618	0.75	0.75	1	60	2
619	0.75	0.75	1	60	4
620	0.75	0.75	1	60	3
621	0.75	0.75	1	60	1
622	0.75	0.75	1	60	2
623	0.75	0.75	1	60	1
624	0.75	0.75	1	60	3
625	0.75	0.75	1	60	1
626	0.75	0.75	1	60	1
627	0.75	0.75	1	60	1
628	0.75	0.75	1	60	2
629	0.75	0.75	1	60	3
630	0.75	0.75	1	60	2
631	0.75	0.75	1	60	3
632	0.75	0.75	1	60	3
633	0.5	0.75	1	60	3
634	0.75	0.75	1	60	2
635	0.75	0.75	1	60	1
636	0.75	0.75	1	60	1
637	0.75	0.75	1	60	2
638	0.75	0.75	1	60	3
639	0.75	0.75	1	60	1
640	0.75	0.75	1	60	4
641	0.75	0.75	1	60	1
642	0.75	0.75	1	60	2
643	0.75	0.75	1	60	2
644	0.75	0.75	1	60	2
645	0.75	0.75	1	60	2
646	0.75	0.75	1	60	4
647	0.75	0.75	1	60	3
648	0.5	0.75	1	60	4
649	0.6875	0.75	1	60	1
650	0.75	0.75	1	60	4
651	0.75	0.75	1	60	2
652	0.75	0.75	1	60	1
653	0.75	0.75	1	60	2
654	0.75	0.75	1	60	2
655	0.75	0.75	1	60	2
656	0.75	0.75	1	60	3
657	0.75	0.75	1	60	3
658	0.75	0.75	1	60	3
659	0.75	0.75	1	60	6
660	0.5	0.75	1	60	4
661	0.75	0.75	1	60	1
662	0.75	0.75	1	60	3
663	0.75	0.75	1	60	3
664	0.75	0.75	1	60	3
665	0.75	0.75	1	60	3
666	0.75	0.75	1	60	2
667	0.75	0.75	1	60	3
668	0.5	0.75	1	60	3
669	0.75	0.75	1	60	2
670	0.75	0.75	1	60	1
671	0.625	0.75	1	60	2
672	0.5	0.75	1	60	1
673	0.75	0.75	1	60	1
674	0.75	0.75	1	60	2
675	0.75	0.75	1	60	1
676	0.75	0.75	1	60	2
677	0.75	0.75	1	60	1
678	0.75	0.75	1	60	2
679	0.75	0.75	1	60	2
680	0.75	0.75	1	60	1
681	0.5625	0.75	1	60	2
682	0.75	0.75	1	60	2
683	0.75	0.75	1	60	3
684	0.75	0.75	1	60	2
685	0.75	0.75	1	60	1
686	0.75	0.75	1	60	3
687	0.75	0.75	1	60	2
688	0.75	0.75	1	60	2
689	0.75	0.75	1	60	2
690	0.75	0.75	1	60	1
691	0.75	0.75	1	60	1
692	0.75	0.75	1	60	1
693	0.75	0.75	1	60	1
694	0.75	0.75	1	60	5
695	0.75	0.75	1	60	2
696	0.75	0.75	1	60	2
697	0.75	0.75	1	60	1
698	0.75	0.75	1	60	2
699	0.75	0.75	1	60	2
700	0.75	0.75	1	60	2
701	0.5	0.75	1	60	4
702	0.75	0.75	1	60	1
703	0.75	0.75	1	60	2
704	0.75	0.75	1	60	1
705	0.75	0.75	1	60	1
706	0.75	0.75	1	60	3
707	0.75	0.75	1	60	1
708	0.5	0.75	1	60	3
709	0.75	0.75	1	60	3
710	0.75	0.75	1	60	1
711	0.75	0.75	1	60	1
712	0.75	0.75	1	60	4
713	0.5	0.75	1	60	2
714	0.75	0.75	1	60	2
715	0.75	0.75	1	60	1
716	0.75	0.75	1	60	1
717	0.75	0.75	1	60	2
718	0.75	0.75	1	60	1
719	0.75	0.75	1	60	1
720	0.75	0.75	1	60	1
721	0.75	0.75	1	60	2
722	0.75	0.75	1	60	3
723	0.75	0.75	1	60	1
724	0.5	0.75	1	60	3
725	0.75	0.75	1	60	1
726	0.625	0.75	1	60	4
727	0.75	0.75	1	60	2
728	0.75	0.75	1	60	1
729	0.75	0.75	1	60	4
730	0.75	0.75	1	60	2
731	0.75	0.75	1	60	3
732	0.75	0.75	1	60	4
733	0.75	0.75	1	60	1
734	0.5	0.75	1	60	2
735	0.75	0.75	1	60	2
736	0.5	0.75	1	60	2
737	0.75	0.75	1	60	3
738	0.75	0.75	1	60	2
739	0.75	0.75	1	60	3
740	0.75	0.75	1	60	2
741	0.75	0.75	1	60	2
742	0.625	0.75	1	60	4
743	0.75	0.75	1	60	1
744	0.75	0.75	1	60	1
745	0.75	0.75	1	60	1
746	0.75	0.75	1	60	3
747	0.75	0.75	1	60	2
748	0.625	0.75	1	60	1
749	0.75	0.75	1	60	2
750	0.75	0.75	1	60	1
751	0.75	0.75	1	60	3
752	0.5	0.75	1	60	4
753	0.75	0.75	1	60	3
754	0.5	0.75	1	60	2
755	0.5	0.75	1	60	4
756	0.75	0.75	1	60	2
757	0.75	0.75	1	60	1
758	0.75	0.75	1	60	4
759	0.625	0.75	1	60	2
760	0.75	0.75	1	60	3
761	0.75	0.75	1	60	3
762	0.75	0.75	1	60	1
763	0.75	0.75	1	60	2
764	0.75	0.75	1	60	1
765	0.75	0.75	1	60	3
766	0.75	0.75	1	60	2
767	0.75	0.75	1	60	1
768	0.75	0.75	1	60	2
769	0.75	0.75	1	60	1
770	0.75	0.75	1	60	1
771	0.75	0.75	1	60	2
772	0.5	0.75	1	60	3
773	0.75	0.75	1	60	1
774	0.625	0.75	1	60	1
775	0.75	0.75	1	60	1
776	0.75	0.75	1	60	2
777	0.75	0.75	1	60	5
778	0.75	0.75	1	60	1
779	0.75	0.75	1	60	1
780	0.75	0.75	1	60	1
781	0.75	0.75	1	60	3
782	0.75	0.75	1	60	2
783	0.75	0.75	1	60	1
784	0.75	0.75	1	60	1
785	0.75	0.75	1	60	5
786	0.625	0.75	1	60	3
787	0.75	0.75	1	60	1
788	0.75	0.75	1	60	1
789	0.75	0.75	1	60	3
790	0.75	0.75	1	60	3
791	0.75	0.75	1	60	5
792	0.75	0.75	1	60	3
793	0.75	0.75	1	60	1
794	0.75	0.75	1	60	2
795	0.5	0.75	1	60	3
796	0.75	0.75	1	60	1
797	0.75	0.75	1	60	4
798	0.5	0.75	1	60	2
799	0.75	0.75	1	60	3
800	0.75	0.75	1	60	2
801	0.75	0.75	1	60	1
802	0.75	0.75	1	60	1
803	0.75	0.75	1	60	5
804	0.75	0.75	1	60	3
805	0.75	0.75	1	60	3
806	0.625	0.75	1	60	2
807	0.75	0.75	1	60	4
808	0.75	0.75	1	60	1
809	0.6875	0.75	1	60	4
810	0.75	0.75	1	60	3
811	0.75	0.75	1	60	2
812	0.75	0.75	1	60	1
813	0.75	0.75	1	60	3
814	0.75	0.75	1	60	3
815	0.5	0.75	1	60	1
816	0.75	0.75	1	60	3
817	0.75	0.75	1	60	1
818	0.75	0.75	1	60	2
819	0.625	0.75	1	60	3
820	0.75	0.75	1	60	2
821	0.75	0.75	1	60	1
822	0.75	0.75	1	60	3
823	0.6875	0.75	1	60	2
824	0.75	0.75	1	60	2
825	0.75	0.75	1	60	3
826	0.75	0.75	1	60	1
827	0.5	0.75	1	60	2
828	0.75	0.75	1	60	2
829	0.75	0.75	1	60	1
830	0.75	0.75	1	60	3
831	0.75	0.75	1	60	4
832	0.75	0.75	1	60	3
833	0.5	0.75	1	60	4
834	0.75	0.75	1	60	5
835	0.75	0.75	1	60	1
836	0.75	0.75	1	60	1
837	0.75	0.75	1	60	2
838	0.75	0.75	1	60	1
839	0.75	0.75	1	60	1
840	0.75	0.75	1	60	1
841	0.75	0.75	1	60	2
842	0.75	0.75	1	60	4
843	0.75	0.75	1	60	1
844	0.75	0.75	1	60	2
845	0.75	0.75	1	60	1
846	0.75	0.75	1	60	2
847	0.75	0.75	1	60	1
848	0.75	0.75	1	60	1
849	0.6875	0.75	1	60	2
850	0.75	0.75	1	60	2
851	0.75	0.75	1	60	4
852	0.75	0.75	1	60	2
853	0.75	0.75	1	60	2
854	0.75	0.75	1	60	1
855	0.75	0.75	1	60	3
856	0.75	0.75	1	60	1
857	0.75	0.75	1	60	2
858	0.75	0.75	1	60	2
859	0.75	0.75	1	60	2
860	0.75	0.75	1	60	2
861	0.75	0.75	1	60	1
862	0.75	0.75	1	60	2
863	0.75	0.75	1	60	3
864	0.75	0.75	1	60	1
865	0.75	0.75	1	60	3
866	0.75	0.75	1	60	3
867	0.75	0.75	1	60	3
868	0.75	0.75	1	60	2
869	0.5	0.75	1	60	3
870	0.75	0.75	1	60	1
871	0.75	0.75	1	60	3
872	0.75	0.75	1	60	1
873	0.75	0.75	1	60	1
874	0.75	0.75	1	60	2
875	0.75	0.75	1	60	3
876	0.75	0.75	1	60	3
877	0.75	0.75	1	60	1
878	0.75	0.75	1	60	2
879	0.75	0.75	1	60	3
880	0.625	0.75	1	60	3
881	0.75	0.75	1	60	4
882	0.75	0.75	1	60	1
883	0.75	0.75	1	60	1
884	0.75	0.75	1	60	5
885	0.5	0.75	1	60	2
886	0.75	0.75	1	60	4
887	0.75	0.75	1	60	1
888	0.75	0.75	1	60	1
889	0.75	0.75	1	60	1
890	0.75	0.75	1	60	3
891	0.75	0.75	1	60	1
892	0.75	0.75	1	60	2
893	0.75	0.75	1	60	3
894	0.75	0.75	1	60	1
895	0.75	0.75	1	60	1
896	0.75	0.75	1	60	1
897	0.5	0.75	1	60	2
898	0.5	0.75	1	60	3
899	0.75	0.75	1	60	2
900	0.75	0.75	1	60	2
901	0.75	0.75	1	60	3
902	0.75	0.75	1	60	3
903	0.75	0.75	1	60	1
904	0.5	0.75	1	60	4
905	0.625	0.75	1	60	2
906	0.75	0.75	1	60	1
907	0.5	0.75	1	60	3
908	0.625	0.75	1	60	2
909	0.75	0.75	1	60	2
910	0.75	0.75	1	60	1
911	0.5	0.75	1	60	2
912	0.75	0.75	1	60	2
913	0.75	0.75	1	60	4
914	0.75	0.75	1	60	1
915	0.625	0.75	1	60	3
916	0.75	0.75	1	60	2
917	0.5	0.75	1	60	3
918	0.75	0.75	1	60	2
919	0.75	0.75	1	60	1
920	0.75	0.75	1	60	2
921	0.75	0.75	1	60	1
922	0.75	0.75	1	60	2
923	0.75	0.75	1	60	2
924	0.5	0.75	1	60	4
925	0.5	0.75	1	60	1
926	0.5	0.75	1	60	3
927	0.75	0.75	1	60	1
928	0.75	0.75	1	60	2
929	0.75	0.75	1	60	2
930	0.75	0.75	1	60	4
931	0.75	0.75	1	60	2
932	0.5	0.75	1	60	3
933	0.625	0.75	1	60	2
934	0.75	0.75	1	60	5
935	0.75	0.75	1	60	2
936	0.75	0.75	1	60	2
937	0.75	0.75	1	60	2
938	0.5	0.75	1	60	2
939	0.75	0.75	1	60	3
940	0.75	0.75	1	60	1
941	0.75	0.75	1	60	1
942	0.75	0.75	1	60	1
943	0.75	0.75	1	60	3
944	0.75	0.75	1	60	4
945	0.5	0.75	1	60	2
946	0.75	0.75	1	60	4
947	0.625	0.75	1	60	1
948	0.75	0.75	1	60	1
949	0.75	0.75	1	60	1
950	0.5	0.75	1	60	3
951	0.5	0.75	1	60	2
952	0.75	0.75	1	60	2
953	0.75	0.75	1	60	3
954	0.75	0.75	1	60	1
955	0.75	0.75	1	60	1
956	0.75	0.75	1	60	1
957	0.75	0.75	1	60	1
958	0.75	0.75	1	60	3
959	0.75	0.75	1	60	2
960	0.5	0.75	1	60	3
961	0.75	0.75	1	60	2
962	0.75	0.75	1	60	2
963	0.75	0.75	1	60	3
964	0.75	0.75	1	60	2
965	0.75	0.75	1	60	3
966	0.75	0.75	1	60	1
967	0.5	0.75	1	60	6
968	0.75	0.75	1	60	1
969	0.75	0.75	1	60	1
970	0.75	0.75	1	60	3
971	0.625	0.75	1	60	3
972	0.75	0.75	1	60	1
973	0.75	0.75	1	60	2
974	0.75	0.75	1	60	2
975	0.75	0.75	1	60	2
976	0.75	0.75	1	60	3
977	0.75	0.75	1	60	3
978	0.75	0.75	1	60	1
979	0.75	0.75	1	60	4
980	0.5	0.75	1	60	2
981	0.5	0.75	1	60	2
982	0.5	0.75	1	60	3
983	0.75	0.75	1	60	3
984	0.75	0.75	1	60	4
985	0.5	0.75	1	60	2
986	0.75	0.75	1	60	1
987	0.75	0.75	1	60	1
988	0.75	0.75	1	60	1
989	0.75	0.75	1	60	5
990	0.5	0.75	1	60	3
991	0.6875	0.75	1	60	3
992	0.75	0.75	1	60	2
993	0.5	0.75	1	60	3
994	0.4375	0.75	1	60	2
995	0.75	0.75	1	60	3
996	0.75	0.75	1	60	2
997	0.75	0.75	1	60	1
998	0.75	0.75	1	60	1
999	0.5	0.75	1	60	2
1000	0.75	0.75	1	60	1
1001	0.5	0.75	1	60	4
1002	0.75	0.75	1	60	1
1003	0.75	0.75	1	60	1
1004	0.75	0.75	1	60	3
1005	0.75	0.75	1	60	1
1006	0.75	0.75	1	60	1
1007	0.75	0.75	1	60	3
1008	0.5	0.75	1	60	3
1009	0.5	0.75	1	60	2
1010	0.75	0.75	1	60	3
1011	0.5	0.75	1	60	2
1012	0.75	0.75	1	60	3
1013	0.75	0.75	1	60	5
1014	0.75	0.75	1	60	1
1015	0.75	0.75	1	60	1
1016	0.75	0.75	1	60	2
1017	0.75	0.75	1	60	2
1018	0.75	0.75	1	60	2
1019	0.5	0.75	1	60	1
1020	0.75	0.75	1	60	2
1021	0.75	0.75	1	60	2
1022	0.75	0.75	1	60	1
1023	0.75	0.75	1	60	2
1024	0.75	0.75	1	60	2
1025	0.75	0.75	1	60	3
1026	0.75	0.75	1	60	3
1027	0.75	0.75	1	60	2
1028	0.75	0.75	1	60	1
1029	0.75	0.75	1	60	2
1030	0.75	0.75	1	60	3
1031	0.75	0.75	1	60	1
1032	0.75	0.75	1	60	1
1033	0.625	0.75	1	60	2
1034	0.75	0.75	1	60	2
1035	0.625	0.75	1	60	1
1036	0.75	0.75	1	60	5
1037	0.625	0.75	1	60	4
1038	0.75	0.75	1	60	1
1039	0.75	0.75	1	60	3
1040	0.75	0.75	1	60	1
1041	0.625	0.75	1	60	3
1042	0.625	0.75	1	60	3
1043	0.75	0.75	1	60	4
1044	0.75	0.75	1	60	2
1045	0.625	0.75	1	60	3
1046	0.75	0.75	1	60	1
1047	0.75	0.75	1	60	2
1048	0.75	0.75	1	60	1
1049	0.75	0.75	1	60	3
1050	0.75	0.75	1	60	4
1051	0.75	0.75	1	60	3
1052	0.625	0.75	1	60	1
1053	0.5	0.75	1	60	1
1054	0.75	0.75	1	60	4
1055	0.75	0.75	1	60	1
1056	0.75	0.75	1	60	1
1057	0.75	0.75	1	60	2
1058	0.75	0.75	1	60	3
1059	0.75	0.75	1	60	2
1060	0.75	0.75	1	60	2
1061	0.75	0.75	1	60	3
1062	0.75	0.75	1	60	2
1063	0.625	0.75	1	60	3
1064	0.75	0.75	1	60	2
1065	0.75	0.75	1	60	2
1066	0.3125	0.75	1	60	2
1067	0.75	0.75	1	60	1
1068	0.6875	0.75	1	60	3
1069	0.75	0.75	1	60	2
1070	0.75	0.75	1	60	2
1071	0.75	0.75	1	60	1
1072	0.75	0.75	1	60	1
1073	0.75	0.75	1	60	1
1074	0.75	0.75	1	60	1
1075	0.75	0.75	1	60	2
1076	0.75	0.75	1	60	1
1077	0.75	0.75	1	60	3
1078	0.625	0.75	1	60	3
1079	0.625	0.75	1	60	3
1080	0.75	0.75	1	60	1
1081	0.75	0.75	1	60	1
1082	0.75	0.75	1	60	2
1083	0.5	0.75	1	60	1
1084	0.75	0.75	1	60	1
1085	0.75	0.75	1	60	1
1086	0.75	0.75	1	60	1
1087	0.75	0.75	1	60	3
1088	0.75	0.75	1	60	3
1089	0.75	0.75	1	60	4
1090	0.5	0.75	1	60	4
1091	0.75	0.75	1	60	1
1092	0.75	0.75	1	60	1
1093	0.75	0.75	1	60	2
1094	0.75	0.75	1	60	1
1095	0.75	0.75	1	60	2
1096	0.75	0.75	1	60	3
1097	0.75	0.75	1	60	3
1098	0.75	0.75	1	60	1
1099	0.5	0.75	1	60	2
1100	0.625	0.75	1	60	4
1101	0.75	0.75	1	60	2
1102	0.75	0.75	1	60	2
1103	0.75	0.75	1	60	3
1104	0.75	0.75	1	60	2
1105	0.75	0.75	1	60	1
1106	0.75	0.75	1	60	1
1107	0.75	0.75	1	60	2
1108	0.75	0.75	1	60	3
1109	0.5625	0.75	1	60	3
1110	0.5	0.75	1	60	3
1111	0.75	0.75	1	60	2
1112	0.75	0.75	1	60	1
1113	0.75	0.75	1	60	3
1114	0.6875	0.75	1	60	3
1115	0.75	0.75	1	60	1
1116	0.75	0.75	1	60	2
1117	0.75	0.75	1	60	1
1118	0.75	0.75	1	60	2
1119	0.625	0.75	1	60	2
1120	0.6875	0.75	1	60	3
1121	0.75	0.75	1	60	1
1122	0.75	0.75	1	60	2
1123	0.75	0.75	1	60	1
1124	0.75	0.75	1	60	2
1125	0.75	0.75	1	60	5
1126	0.6875	0.75	1	60	2
1127	0.75	0.75	1	60	2
1128	0.75	0.75	1	60	4
1129	0.5	0.75	1	60	4
1130	0.75	0.75	1	60	3
1131	0.5	0.75	1	60	4
1132	0.75	0.75	1	60	3
1133	0.75	0.75	1	60	3
1134	0.75	0.75	1	60	1
1135	0.75	0.75	1	60	3
1136	0.75	0.75	1	60	1
1137	0.75	0.75	1	60	4
1138	0.75	0.75	1	60	1
1139	0.625	0.75	1	60	2
1140	0.5	0.75	1	60	2
1141	0.75	0.75	1	60	1
1142	0.6875	0.75	1	60	3
1143	0.5	0.75	1	60	2
1144	0.6875	0.75	1	60	4
1145	0.625	0.75	1	60	4
1146	0.75	0.75	1	60	2
1147	0.75	0.75	1	60	3
1148	0.75	0.75	1	60	2
1149	0.75	0.75	1	60	2
1150	0.75	0.75	1	60	3
1151	0.6875	0.75	1	60	3
1152	0.5	0.75	1	60	1
1153	0.75	0.75	1	60	2
1154	0.5	0.75	1	60	2
1155	0.75	0.75	1	60	3
1156	0.75	0.75	1	60	1
1157	0.75	0.75	1	60	2
1158	0.5	0.75	1	60	3
1159	0.75	0.75	1	60	2
1160	0.75	0.75	1	60	5
1161	0.75	0.75	1	60	3
1162	0.75	0.75	1	60	5
1163	0.75	0.75	1	60	1
1164	0.75	0.75	1	60	3
1165	0.75	0.75	1	60	1
1166	0.75	0.75	1	60	3
1167	0.75	0.75	1	60	1
1168	0.625	0.75	1	60	1
1169	0.75	0.75	1	60	1
1170	0.75	0.75	1	60	3
1171	0.75	0.75	1	60	1
1172	0.75	0.75	1	60	1
1173	0.75	0.75	1	60	3
1174	0.75	0.75	1	60	2
1175	0.75	0.75	1	60	3
1176	0.75	0.75	1	60	2
1177	0.625	0.75	1	60	3
1178	0.75	0.75	1	60	1
1179	0.625	0.75	1	60	4
1180	0.625	0.75	1	60	3
1181	0.75	0.75	1	60	1
1182	0.75	0.75	1	60	1
1183	0.5	0.75	1	60	2
1184	0.75	0.75	1	60	4
1185	0.75	0.75	1	60	1
1186	0.75	0.75	1	60	1
1187	0.625	0.75	1	60	5
1188	0.75	0.75	1	60	2
1189	0.75	0.75	1	60	2
1190	0.5	0.75	1	60	2
1191	0.5	0.75	1	60	3
1192	0.75	0.75	1	60	1
1193	0.75	0.75	1	60	3
1194	0.75	0.75	1	60	1
1195	0.75	0.75	1	60	1
1196	0.75	0.75	1	60	3
1197	0.75	0.75	1	60	1
1198	0.75	0.75	1	60	2
1199	0.75	0.75	1	60	4
1200	0.75	0.75	1	60	3
1201	0.75	0.75	1	60	4
1202	0.5625	0.75	1	60	2
1203	0.75	0.75	1	60	1
1204	0.75	0.75	1	60	2
1205	0.625	0.75	1	60	2
1206	0.75	0.75	1	60	2
1207	0.625	0.75	1	60	1
1208	0.6875	0.75	1	60	4
1209	0.75	0.75	1	60	1
1210	0.75	0.75	1	60	1
1211	0.75	0.75	1	60	2
1212	0.5	0.75	1	60	5
1213	0.5625	0.75	1	60	4
1214	0.5	0.75	1	60	1
1215	0.75	0.75	1	60	2
1216	0.75	0.75	1	60	3
1217	0.75	0.75	1	60	2
1218	0.75	0.75	1	60	2
1219	0.5	0.75	1	60	3
1220	0.75	0.75	1	60	2
1221	0.625	0.75	1	60	6
1222	0.75	0.75	1	60	1
1223	0.75	0.75	1	60	1
1224	0.75	0.75	1	60	3
1225	0.75	0.75	1	60	3
1226	0.75	0.75	1	60	2
1227	0.75	0.75	1	60	1
1228	0.75	0.75	1	60	4
1229	0.75	0.75	1	60	1
1230	0.625	0.75	1	60	3
1231	0.75	0.75	1	60	3
1232	0.75	0.75	1	60	4
1233	0.75	0.75	1	60	1
1234	0.75	0.75	1	60	3
1235	0.75	0.75	1	60	2
1236	0.75	0.75	1	60	1
1237	0.75	0.75	1	60	2
1238	0.75	0.75	1	60	1
1239	0.5	0.75	1	60	2
1240	0.5	0.75	1	60	2
1241	0.75	0.75	1	60	1
1242	0.75	0.75	1	60	2
1243	0.625	0.75	1	60	4
1244	0.5	0.75	1	60	2
1245	0.75	0.75	1	60	2
1246	0.5	0.75	1	60	3
1247	0.75	0.75	1	60	2
1248	0.75	0.75	1	60	2
1249	0.75	0.75	1	60	1
1250	0.75	0.75	1	60	1
1251	0.75	0.75	1	60	2
1252	0.625	0.75	1	60	1
1253	0.75	0.75	1	60	2
1254	0.75	0.75	1	60	2
1255	0.5	0.75	1	60	3
1256	0.5	0.75	1	60	3
1257	0.75	0.75	1	60	3
1258	0.75	0.75	1	60	4
1259	0.75	0.75	1	60	3
1260	0.75	0.75	1	60	1
1261	0.75	0.75	1	60	5
1262	0.75	0.75	1	60	1
1263	0.625	0.75	1	60	5
1264	0.75	0.75	1	60	1
1265	0.75	0.75	1	60	2
1266	0.5	0.75	1	60	1
1267	0.75	0.75	1	60	1
1268	0.625	0.75	1	60	1
1269	0.5	0.75	1	60	3
1270	0.75	0.75	1	60	1
1271	0.75	0.75	1	60	2
1272	0.75	0.75	1	60	5
1273	0.75	0.75	1	60	2
1274	0.4375	0.75	1	60	3
1275	0.75	0.75	1	60	1
1276	0.625	0.75	1	60	5
1277	0.75	0.75	1	60	3
1278	0.75	0.75	1	60	2
1279	0.75	0.75	1	60	6
1280	0.75	0.75	1	60	1
1281	0.75	0.75	1	60	3
1282	0.75	0.75	1	60	2
1283	0.625	0.75	1	60	2
1284	0.5	0.75	1	60	2
1285	0.75	0.75	1	60	2
1286	0.75	0.75	1	60	2
1287	0.5	0.75	1	60	7
1288	0.75	0.75	1	60	1
1289	0.6875	0.75	1	60	2
1290	0.75	0.75	1	60	2
1291	0.625	0.75	1	60	1
1292	0.75	0.75	1	60	3
1293	0.75	0.75	1	60	2
1294	0.75	0.75	1	60	2
1295	0.75	0.75	1	60	1
1296	0.75	0.75	1	60	1
1297	0.75	0.75	1	60	1
1298	0.5	0.75	1	60	1
1299	0.6875	0.75	1	60	6
1300	0.75	0.75	1	60	3
1301	0.75	0.75	1	60	4
1302	0.75	0.75	1	60	1
1303	0.75	0.75	1	60	2
1304	0.75	0.75	1	60	1
1305	0.75	0.75	1	60	3
1306	0.75	0.75	1	60	3
1307	0.5	0.75	1	60	3
1308	0.75	0.75	1	60	1
1309	0.75	0.75	1	60	1
1310	0.75	0.75	1	60	2
1311	0.5	0.75	1	60	3
1312	0.5	0.75	1	60	1
1313	0.75	0.75	1	60	4
1314	0.5	0.75	1	60	3
1315	0.75	0.75	1	60	1
1316	0.75	0.75	1	60	4
1317	0.75	0.75	1	60	1
1318	0.75	0.75	1	60	1
1319	0.75	0.75	1	60	1
1320	0.75	0.75	1	60	2
1321	0.75	0.75	1	60	1
1322	0.6875	0.75	1	60	3
1323	0.75	0.75	1	60	2
1324	0.5	0.75	1	60	3
1325	0.75	0.75	1	60	1
1326	0.6875	0.75	1	60	5
1327	0.75	0.75	1	60	1
1328	0.75	0.75	1	60	2
1329	0.75	0.75	1	60	1
1330	0.75	0.75	1	60	2
1331	0.75	0.75	1	60	2
1332	0.75	0.75	1	60	1
1333	0.75	0.75	1	60	1
1334	0.75	0.75	1	60	2
1335	0.75	0.75	1	60	2
1336	0.75	0.75	1	60	2
1337	0.75	0.75	1	60	2
1338	0.75	0.75	1	60	1
1339	0.75	0.75	1	60	2
1340	0.75	0.75	1	60	2
1341	0.75	0.75	1	60	1
1342	0.75	0.75	1	60	1
1343	0.75	0.75	1	60	1
1344	0.75	0.75	1	60	3
1345	0.6875	0.75	1	60	2
1346	0.75	0.75	1	60	2
1347	0.625	0.75	1	60	1
1348	0.6875	0.75	1	60	3
1349	0.75	0.75	1	60	2
1350	0.75	0.75	1	60	1
1351	0.75	0.75	1	60	2
1352	0.6875	0.75	1	60	3
1353	0.75	0.75	1	60	1
1354	0.75	0.75	1	60	2
1355	0.75	0.75	1	60	5
1356	0.75	0.75	1	60	2
1357	0.75	0.75	1	60	2
1358	0.75	0.75	1	60	2
1359	0.75	0.75	1	60	1
1360	0.75	0.75	1	60	2
1361	0.75	0.75	1	60	1
1362	0.75	0.75	1	60	3
1363	0.75	0.75	1	60	1
1364	0.75	0.75	1	60	2
1365	0.75	0.75	1	60	3
1366	0.4375	0.75	1	60	5
1367	0.75	0.75	1	60	1
1368	0.75	0.75	1	60	1
1369	0.75	0.75	1	60	3
1370	0.75	0.75	1	60	1
1371	0.75	0.75	1	60	1
1372	0.75	0.75	1	60	3
1373	0.75	0.75	1	60	3
1374	0.75	0.75	1	60	1
1375	0.75	0.75	1	60	1
1376	0.75	0.75	1	60	4
1377	0.75	0.75	1	60	1
1378	0.625	0.75	1	60	3
1379	0.75	0.75	1	60	1
1380	0.75	0.75	1	60	3
1381	0.75	0.75	1	60	2
1382	0.75	0.75	1	60	2
1383	0.75	0.75	1	60	1
1384	0.75	0.75	1	60	2
1385	0.75	0.75	1	60	4
1386	0.75	0.75	1	60	1
1387	0.75	0.75	1	60	1
1388	0.75	0.75	1	60	4
1389	0.75	0.75	1	60	1
1390	0.6875	0.75	1	60	3
1391	0.75	0.75	1	60	1
1392	0.625	0.75	1	60	5
1393	0.75	0.75	1	60	3
1394	0.6875	0.75	1	60	2
1395	0.75	0.75	1	60	2
1396	0.75	0.75	1	60	3
1397	0.75	0.75	1	60	5
1398	0.75	0.75	1	60	2
1399	0.75	0.75	1	60	4
1400	0.75	0.75	1	60	1
1401	0.75	0.75	1	60	2
1402	0.75	0.75	1	60	5
1403	0.75	0.75	1	60	3
1404	0.75	0.75	1	60	1
1405	0.75	0.75	1	60	1
1406	0.75	0.75	1	60	3
1407	0.75	0.75	1	60	4
1408	0.75	0.75	1	60	1
1409	0.75	0.75	1	60	3
1410	0.75	0.75	1	60	3
1411	0.5	0.75	1	60	1
1412	0.5625	0.75	1	60	3
1413	0.75	0.75	1	60	3
1414	0.5	0.75	1	60	3
1415	0.75	0.75	1	60	2
1416	0.75	0.75	1	60	5
1417	0.75	0.75	1	60	2
1418	0.75	0.75	1	60	4
1419	0.75	0.75	1	60	1
1420	0.75	0.75	1	60	4
1421	0.75	0.75	1	60	2
1422	0.75	0.75	1	60	1
1423	0.625	0.75	1	60	5
1424	0.75	0.75	1	60	3
1425	0.625	0.75	1	60	1
1426	0.75	0.75	1	60	1
1427	0.75	0.75	1	60	4
1428	0.5	0.75	1	60	2
1429	0.75	0.75	1	60	1
1430	0.75	0.75	1	60	1
1431	0.75	0.75	1	60	1
1432	0.75	0.75	1	60	3
1433	0.75	0.75	1	60	1
1434	0.75	0.75	1	60	1
1435	0.625	0.75	1	60	4
1436	0.75	0.75	1	60	2
1437	0.75	0.75	1	60	3
1438	0.75	0.75	1	60	3
1439	0.75	0.75	1	60	2
1440	0.75	0.75	1	60	2
1441	0.75	0.75	1	60	3
1442	0.75	0.75	1	60	2
1443	0.75	0.75	1	60	4
1444	0.75	0.75	1	60	1
1445	0.75	0.75	1	60	3
1446	0.75	0.75	1	60	2
1447	0.75	0.75	1	60	1
1448	0.75	0.75	1	60	2
1449	0.75	0.75	1	60	5
1450	0.75	0.75	1	60	3
1451	0.75	0.75	1	60	1
1452	0.625	0.75	1	60	1
1453	0.75	0.75	1	60	4
1454	0.75	0.75	1	60	2
1455	0.5	0.75	1	60	1
1456	0.75	0.75	1	60	2
1457	0.75	0.75	1	60	4
1458	0.75	0.75	1	60	2
1459	0.75	0.75	1	60	1
1460	0.75	0.75	1	60	2
1461	0.75	0.75	1	60	4
1462	0.75	0.75	1	60	1
1463	0.75	0.75	1	60	3
1464	0.75	0.75	1	60	3
1465	0.75	0.75	1	60	2
1466	0.75	0.75	1	60	1
1467	0.75	0.75	1	60	2
1468	0.75	0.75	1	60	4
1469	0.75	0.75	1	60	1
1470	0.5	0.75	1	60	4
1471	0.75	0.75	1	60	1
1472	0.6875	0.75	1	60	2
1473	0.6875	0.75	1	60	2
1474	0.75	0.75	1	60	1
1475	0.6875	0.75	1	60	2
1476	0.75	0.75	1	60	1
1477	0.6875	0.75	1	60	5
1478	0.6875	0.75	1	60	3
1479	0.75	0.75	1	60	3
1480	0.75	0.75	1	60	2
1481	0.75	0.75	1	60	2
1482	0.75	0.75	1	60	3
1483	0.75	0.75	1	60	2
1484	0.5	0.75	1	60	3
1485	0.75	0.75	1	60	1
1486	0.5	0.75	1	60	2
1487	0.75	0.75	1	60	4
1488	0.625	0.75	1	60	2
1489	0.5	0.75	1	60	5
1490	0.75	0.75	1	60	2
1491	0.75	0.75	1	60	1
1492	0.75	0.75	1	60	2
1493	0.75	0.75	1	60	2
1494	0.75	0.75	1	60	2
1495	0.75	0.75	1	60	2
1496	1	1	1	60	1
## Seeds    : 1502474719, 33833
## Runtime  : 0h 0m 2s.
## Begins at: Sun Aug 30 11:25:19 2020
## Ends   at: Sun Aug 30 11:25:21 2020
