1	0.5
2	0.5
3	0.5
4	0.5625
5	0.5625
6	0.625
7	0.625
8	0.625
9	0.625
10	0.625
11	0.625
12	0.625
13	0.625
14	0.625
15	0.625
16	0.625
17	0.625
18	0.625
19	0.625
20	0.625
21	0.625
22	0.625
23	0.625
24	0.625
25	0.625
26	0.625
27	0.625
28	0.625
29	0.625
30	0.625
31	0.625
32	0.625
33	0.625
34	0.625
35	0.625
36	0.625
37	0.625
38	0.625
39	0.625
40	0.625
41	0.625
42	0.625
43	0.625
44	0.625
45	0.625
46	0.625
47	0.625
48	0.75
49	0.75
50	0.75
51	0.75
52	0.75
53	0.75
54	0.75
55	0.75
56	0.75
57	0.75
58	0.75
59	0.75
60	0.75
61	0.8125
62	0.8125
63	0.8125
64	0.8125
65	0.8125
66	0.8125
67	0.8125
68	0.8125
69	0.8125
70	0.8125
71	0.8125
72	0.8125
73	0.875
74	0.875
75	0.875
76	0.875
77	0.875
78	0.875
79	0.875
80	0.875
81	0.875
82	0.875
83	0.875
84	0.875
85	0.875
86	0.875
87	0.875
88	0.875
89	0.875
90	0.875
91	0.875
92	0.875
93	0.875
94	0.875
95	0.875
96	0.875
97	0.875
98	0.875
99	0.875
100	0.875
101	0.875
102	0.875
103	0.875
104	0.875
105	0.875
106	0.875
107	0.875
108	0.875
109	0.875
110	0.875
111	0.875
112	0.875
113	0.875
114	0.875
115	0.875
116	0.875
117	0.875
118	0.875
119	0.875
120	0.875
121	0.875
122	0.875
123	0.875
124	0.875
125	0.9375
126	0.9375
127	0.9375
128	0.9375
129	0.9375
130	0.9375
131	0.9375
132	0.9375
133	0.9375
134	0.9375
135	0.9375
136	1
## No. organisms: 20
## Seeds        : 1502474719, 33833
## Runtime      : 0h 0m 2s.
## Started at   : Sun Aug 30 11:26:08 2020
## Ended at     : Sun Aug 30 11:26:10 2020
