696
1
1	1	1	1	1	1010	0000	1010	0	0
1	2	3	1	2	1000	1000	1001	0	0
1	3	2	1	3	1111	0011	0110	0	0
1	4	2	1	4	1000	1100	1111	0	0
1	5	2	2	1	0010	1001	0111	0	0
1	6	1	2	2	1110	1000	0000	0	0
1	7	2	2	3	0110	0010	1010	0	0
1	8	2	2	4	1100	1100	0100	0	0
1	9	3	3	1	0100	0101	1010	0	1
1	10	2	3	2	1000	1011	1000	0	0
1	11	2	3	3	1111	0000	1001	0	0
1	12	2	3	4	1001	1110	1101	0	0
1	13	1	4	1	1011	0100	0001	0	0
1	14	2	4	2	0001	1010	1111	0	0
1	15	2	4	3	1100	0000	1101	0	0
1	16	2	4	4	1011	0010	1110	0	1
1	17	3	5	1	1100	0101	1100	0	0
1	18	3	5	2	0101	1000	1000	0	1
1	19	1	5	3	0010	1100	0010	0	0
1	20	2	5	4	1101	1100	1011	0	1
2	1	1	1	1	0101	0000	1101	0	0
2	2	3	1	2	0101	1011	1011	0	1
2	3	2	1	3	1011	0100	1100	0	1
2	4	2	1	4	0011	0000	0011	0	0
2	5	1	2	1	1010	1000	1110	0	0
2	6	2	2	2	1011	0100	0001	0	0
2	7	2	2	3	1100	0110	1000	0	0
2	8	3	2	4	1001	0000	1110	0	0
2	9	2	3	1	1000	0101	0011	0	0
2	10	2	3	2	1010	1000	0000	0	0
2	11	3	3	3	0101	1010	0011	0	1
2	12	1	3	4	1100	0100	0100	0	0
2	13	1	4	1	0101	1100	0010	0	0
2	14	2	4	2	1100	1010	1110	0	0
2	15	2	4	3	1110	0111	1110	0	0
2	16	3	4	4	1110	0011	1111	0	0
2	17	2	5	1	0000	1101	0000	0	1
2	18	2	5	2	0001	1000	0010	0	0
2	19	2	5	3	1011	1111	0011	0	0
2	20	2	5	4	0111	0001	1111	0	0
3	1	3	1	1	1100	0101	1010	0	0
3	2	1	1	2	0011	0100	0001	0	0
3	3	2	1	3	0001	0000	0100	0	0
3	4	2	1	4	0100	1001	0000	0	1
3	5	2	2	1	0111	1001	0000	0	0
3	6	3	2	2	1111	0111	1011	0	0
3	7	2	2	3	1101	0000	0000	0	0
3	8	2	2	4	0111	0011	0101	0	0
3	9	3	3	1	1010	0001	0010	0	0
3	10	1	3	2	0010	0011	0010	0	0
3	11	2	3	3	1011	0100	0001	0	0
3	12	2	3	4	0111	0001	1010	0	0
3	13	2	4	1	1001	1011	0101	0	0
3	14	1	4	2	1001	0010	0100	0	1
3	15	3	4	3	1111	1001	0010	0	1
3	16	2	4	4	1100	0001	1101	0	0
3	17	2	5	1	1011	1000	1000	0	0
3	18	1	5	2	1111	1111	0100	0	0
3	19	2	5	3	1001	1011	0011	0	0
3	20	2	5	4	1000	1110	1111	0	0
4	1	2	1	1	0010	0101	0011	0	0
4	2	1	1	2	1101	1101	0011	0	0
4	3	3	1	3	0110	0001	0000	0	1
4	4	2	1	4	1010	1001	1011	0	0
4	5	3	2	1	0000	1111	1101	0	0
4	6	3	2	2	1010	1011	1110	0	0
4	7	2	2	3	1101	0110	0010	0	0
4	8	2	2	4	0111	0110	0100	0	0
4	9	2	3	1	1100	1000	1100	0	0
4	10	2	3	2	1011	1010	0111	0	0
4	11	3	3	3	1110	0001	1000	0	0
4	12	2	3	4	0011	1001	1000	0	0
4	13	2	4	1	1001	0100	0010	0	0
4	14	1	4	2	1100	1110	0011	0	0
4	15	1	4	3	0100	1010	1110	0	1
4	16	2	4	4	0000	0010	1011	0	0
4	17	2	5	1	0001	1000	1010	0	1
4	18	2	5	2	0000	1100	0001	0	1
4	19	2	5	3	0010	1110	0101	0	0
4	20	1	5	4	1011	0000	0111	0	0
5	1	1	1	1	0001	1110	0011	0	1
5	2	2	1	2	1101	0001	1101	0	0
5	3	2	1	3	0000	1111	0010	0	0
5	4	2	1	4	1001	0001	0011	0	0
5	5	2	2	1	1001	1101	0111	0	0
5	6	2	2	2	1100	0011	1101	0	0
5	7	1	2	3	1011	1011	1000	0	0
5	8	3	2	4	1111	0110	0000	0	1
5	9	2	3	1	0101	1010	0100	0	0
5	10	2	3	2	0010	0011	0000	0	0
5	11	2	3	3	0010	0001	1010	0	0
5	12	2	3	4	0011	1110	0101	0	1
5	13	3	4	1	0100	0110	0101	0	0
5	14	3	4	2	1110	1000	0110	0	0
5	15	2	4	3	1010	1101	0001	0	0
5	16	2	4	4	0110	0110	0100	0	0
5	17	3	5	1	1000	0110	0101	0	1
5	18	2	5	2	1100	0101	0101	0	0
5	19	1	5	3	1011	1010	1001	0	0
5	20	1	5	4	1110	1111	0011	0	0
6	1	2	1	1	1111	1110	1010	0	0
6	2	2	1	2	1010	0110	0000	0	0
6	3	2	1	3	0110	0000	1110	0	0
6	4	2	1	4	1110	0010	1111	0	0
6	5	2	2	1	0011	0001	0111	0	0
6	6	3	2	2	1110	1000	0010	0	0
6	7	3	2	3	0110	1010	1101	0	0
6	8	1	2	4	1110	1111	1001	0	0
6	9	2	3	1	1100	1000	1101	0	1
6	10	1	3	2	1010	1011	0010	0	1
6	11	3	3	3	0000	0000	1110	0	0
6	12	2	3	4	1101	1010	0010	0	0
6	13	1	4	1	0110	0011	0000	0	0
6	14	3	4	2	0001	0100	0100	0	0
6	15	2	4	3	0010	0100	1111	0	0
6	16	2	4	4	0110	1010	1011	0	0
6	17	2	5	1	1011	1010	0000	0	1
6	18	2	5	2	0010	0010	1011	0	0
6	19	2	5	3	1000	0111	1000	0	1
6	20	1	5	4	1001	1001	1011	0	0
7	1	2	1	1	0000	1111	1001	0	0
7	2	2	1	2	1001	0111	0001	0	0
7	3	1	1	3	1001	0111	0110	0	1
7	4	2	1	4	0010	1011	1110	0	0
7	5	3	2	1	0101	1111	1100	0	0
7	6	2	2	2	0001	1111	0011	0	0
7	7	2	2	3	0101	0010	0100	0	0
7	8	2	2	4	0011	1010	1100	0	0
7	9	3	3	1	1010	1111	0111	0	0
7	10	3	3	2	1000	0100	1001	0	0
7	11	3	3	3	0110	1000	0001	0	0
7	12	2	3	4	0000	1011	1111	0	0
7	13	2	4	1	0000	1000	1011	0	0
7	14	2	4	2	0011	1101	1101	0	0
7	15	2	4	3	0110	0011	0000	0	1
7	16	2	4	4	0011	0000	0000	0	0
7	17	1	5	1	0001	1010	1001	0	0
7	18	1	5	2	1000	1111	1011	0	1
7	19	1	5	3	1101	1110	0011	0	1
7	20	2	5	4	0001	1100	1000	0	0
8	1	1	1	1	1111	1000	0111	0	0
8	2	2	1	2	0000	0100	0011	0	0
8	3	1	1	3	0101	0010	1001	0	0
8	4	2	1	4	0110	1001	1110	0	0
8	5	3	2	1	1010	0101	1000	0	0
8	6	1	2	2	0101	1001	1001	0	0
8	7	2	2	3	1100	0001	1011	0	0
8	8	2	2	4	0000	0001	1011	0	0
8	9	2	3	1	1001	0110	0010	0	0
8	10	2	3	2	0100	1001	0010	0	1
8	11	3	3	3	1111	1011	1101	0	0
8	12	2	3	4	0100	1110	1100	0	0
8	13	3	4	1	0100	0010	0100	0	1
8	14	2	4	2	0010	1010	1111	0	0
8	15	3	4	3	0101	1110	1001	0	0
8	16	1	4	4	1100	0100	0111	0	0
8	17	2	5	1	0110	0001	1001	0	1
8	18	2	5	2	1000	0001	0110	0	0
8	19	2	5	3	1110	0000	0011	0	1
8	20	2	5	4	1111	1010	0011	0	0
9	1	1	1	1	1111	1111	1011	0	0
9	2	2	1	2	0011	0000	0110	0	0
9	3	2	1	3	0101	1101	1111	1	0
9	4	1	1	4	0101	1011	1110	0	1
9	5	2	1	5	1110	1011	0010	0	0
9	6	1	2	1	0110	1010	1110	0	0
9	7	2	2	2	0111	0111	0101	0	0
9	8	1	2	3	1111	1111	0100	0	0
9	9	2	2	4	1101	1101	0010	0	1
9	10	2	2	5	1011	1110	1100	0	0
9	11	1	3	1	1000	1010	1010	0	0
9	12	2	3	2	0111	0110	1001	1	0
9	13	2	3	3	1011	1110	0011	0	0
9	14	3	3	4	1110	0010	1011	0	0
9	15	2	3	5	1000	0010	1101	0	1
9	16	2	4	1	0000	1111	1001	0	1
9	17	2	4	2	0110	0001	0110	0	1
9	18	2	4	3	1010	1101	0010	0	1
9	19	3	4	4	1011	1010	1101	0	0
9	20	3	4	5	0001	0011	1001	0	1
9	21	3	5	1	1100	1011	0001	0	0
9	22	3	5	2	1000	1010	0011	0	0
9	23	2	5	3	1100	1010	1000	0	0
9	24	2	5	4	1001	1011	0000	0	0
9	25	2	5	5	0011	1110	1010	1	1
