1	0.5
2	0.5
3	0.5
4	0.5
5	0.5
6	0.5
7	0.5
8	0.5
9	0.5
10	0.5
11	0.5
12	0.5
13	0.5
14	0.5
15	0.5
16	0.5
17	0.5
18	0.5
19	0.5
20	0.5
21	0.5
22	0.5
23	0.5625
24	0.5625
25	0.5625
26	0.5625
27	0.5625
28	0.625
29	0.625
30	0.625
31	0.625
32	0.625
33	0.625
34	0.625
35	0.625
36	0.625
37	0.625
38	0.625
39	0.625
40	0.625
41	0.625
42	0.625
43	0.625
44	0.75
45	0.75
46	0.75
47	0.75
48	0.75
49	0.75
50	0.75
51	0.75
52	0.75
53	0.75
54	0.75
55	0.75
56	0.75
57	0.75
58	0.75
59	0.75
60	0.75
61	0.75
62	0.75
63	0.75
64	0.75
65	0.75
66	0.75
67	0.75
68	0.75
69	0.75
70	0.75
71	0.75
72	0.75
73	0.75
74	0.75
75	0.75
76	0.75
77	0.75
78	0.75
79	0.75
80	0.75
81	0.75
82	0.75
83	0.75
84	0.75
85	0.75
86	0.75
87	0.75
88	0.75
89	0.75
90	0.75
91	0.75
92	0.75
93	0.75
94	0.75
95	0.75
96	0.75
97	0.75
98	0.75
99	0.75
100	0.75
101	0.75
102	0.75
103	0.75
104	0.75
105	0.75
106	0.75
107	0.75
108	0.75
109	0.75
110	0.75
111	0.75
112	0.75
113	0.75
114	0.75
115	0.75
116	0.75
117	0.75
118	0.75
119	0.75
120	0.75
121	0.75
122	0.75
123	0.75
124	0.75
125	0.75
126	0.75
127	0.75
128	0.75
129	0.75
130	0.75
131	0.75
132	0.75
133	0.75
134	0.75
135	0.75
136	0.75
137	0.75
138	0.75
139	0.75
140	0.75
141	0.75
142	0.75
143	0.75
144	0.75
145	0.75
146	0.75
147	0.75
148	0.75
149	0.75
150	0.75
151	0.75
152	0.75
153	0.75
154	0.75
155	0.75
156	0.75
157	0.75
158	0.75
159	0.75
160	0.75
161	0.75
162	0.75
163	0.75
164	0.75
165	0.75
166	0.75
167	0.75
168	0.75
169	0.75
170	0.75
171	0.75
172	0.75
173	0.75
174	0.75
175	0.75
176	0.75
177	0.75
178	0.75
179	0.75
180	0.75
181	0.75
182	0.75
183	0.75
184	0.75
185	0.75
186	0.75
187	0.75
188	0.75
189	0.75
190	0.75
191	0.75
192	0.75
193	0.75
194	0.75
195	0.75
196	0.75
197	0.75
198	0.75
199	0.75
200	0.75
201	0.75
202	0.75
203	0.75
204	0.75
205	0.75
206	0.75
207	0.75
208	0.75
209	0.75
210	0.75
211	0.75
212	0.75
213	0.75
214	0.875
215	0.875
216	0.875
217	0.875
218	0.875
219	0.875
220	0.875
221	0.875
222	0.875
223	0.875
224	0.875
225	0.875
226	0.875
227	0.875
228	0.875
229	0.875
230	0.875
231	0.875
232	0.875
233	0.875
234	0.875
235	0.875
236	0.875
237	0.875
238	0.875
239	0.875
240	0.875
241	0.875
242	0.875
243	0.875
244	0.875
245	0.875
246	0.875
247	0.875
248	0.875
249	0.875
250	0.875
251	0.875
252	0.875
253	0.875
254	0.875
255	0.875
256	0.875
257	0.875
258	0.875
259	0.875
260	0.875
261	0.875
262	0.875
263	0.875
264	0.875
265	0.875
266	0.875
267	0.875
268	0.875
269	0.875
270	0.875
271	0.875
272	0.875
273	0.875
274	0.875
275	0.875
276	0.875
277	0.875
278	0.875
279	0.875
280	0.875
281	0.875
282	0.875
283	0.875
284	0.875
285	0.875
286	0.875
287	0.875
288	0.875
289	0.875
290	0.875
291	0.875
292	0.875
293	0.875
294	0.875
295	0.875
296	0.875
297	0.875
298	0.875
299	0.875
300	0.875
301	0.875
302	0.875
303	0.875
304	0.875
305	0.875
306	0.875
307	0.875
308	0.875
309	0.875
310	0.875
311	0.875
312	0.875
313	0.875
314	0.875
315	0.875
316	0.875
317	0.875
318	0.875
319	0.875
320	0.875
321	0.875
322	0.875
323	0.875
324	0.875
325	0.875
326	0.875
327	0.875
328	0.875
329	0.875
330	0.875
331	0.875
332	0.875
333	0.875
334	0.875
335	0.875
336	0.875
337	0.875
338	0.875
339	1
## No. organisms: 20
## Seeds        : 1502474607, 9770
## Runtime      : 0h 0m 3s.
## Started at   : Sun Aug 30 11:23:58 2020
## Ended at     : Sun Aug 30 11:24:01 2020
