1	0.5	0.5	1	60	3
2	0.5	0.5	1	60	2
3	0.5	0.5	1	60	2
4	0.5	0.5	1	60	1
5	0.5	0.5	1	60	3
6	0.5	0.5	1	60	7
7	0.5	0.5	1	60	1
8	0.5	0.5	1	60	1
9	0.5	0.5	1	60	2
10	0.5	0.5	1	60	2
11	0.5	0.5	1	60	2
12	0.5	0.5	1	60	3
13	0.5	0.5	1	60	1
14	0.5	0.5	1	60	2
15	0.5	0.5	1	60	2
16	0.5	0.5	1	60	8
17	0.5	0.5	1	60	2
18	0.5	0.5	1	60	1
19	0.5	0.5	1	60	1
20	0.5	0.5	1	60	1
21	0.5	0.5	1	60	2
22	0.5	0.5	1	60	1
23	0.5	0.5	1	60	2
24	0.5	0.5	1	60	7
25	0.5	0.5	1	60	2
26	0.5	0.5	1	60	3
27	0.5	0.5	1	60	3
28	0.5	0.5	1	60	1
29	0.5	0.5	1	60	4
30	0.5	0.5	1	60	3
31	0.5	0.5	1	60	3
32	0.5	0.5	1	60	1
33	0.5	0.5	1	60	1
34	0.5	0.5	1	60	1
35	0.5	0.5	1	60	2
36	0.5	0.5	1	60	2
37	0.5	0.5	1	60	1
38	0.5	0.5	1	60	3
39	0.5	0.5	1	60	1
40	0.5	0.5	1	60	3
41	0.5	0.5	1	60	3
42	0.5	0.5	1	60	3
43	0.5	0.5	1	60	5
44	0.5	0.5	1	60	1
45	0.5	0.5	1	60	1
46	0.5	0.5	1	60	4
47	0.5	0.5	1	60	4
48	0.5	0.5	1	60	5
49	0.5	0.5	1	60	4
50	0.5	0.5	1	60	2
51	0.5	0.5	1	60	5
52	0.5	0.5	1	60	2
53	0.5	0.5	1	60	2
54	0.5	0.5	1	60	1
55	0.5	0.5	1	60	2
56	0.5	0.5	1	60	2
57	0.5	0.5	1	60	2
58	0.5	0.5	1	60	1
59	0.5	0.5	1	60	4
60	0.5	0.5	1	60	2
61	0.5	0.5	1	60	3
62	0.5	0.5	1	60	3
63	0.5	0.5	1	60	2
64	0.5	0.5	1	60	1
65	0.5	0.5	1	60	2
66	0.5	0.5	1	60	1
67	0.5	0.5	1	60	1
68	0.5	0.5	1	60	2
69	0.5	0.5	1	60	3
70	0.5	0.5	1	60	2
71	0.5	0.5	1	60	4
72	0.5	0.5	1	60	1
73	0.5	0.5	1	60	4
74	0.5	0.5	1	60	3
75	0.5	0.5	1	60	1
76	0.5	0.5	1	60	1
77	0.5	0.5	1	60	1
78	0.5	0.5	1	60	6
79	0.5	0.5	1	60	1
80	0.5	0.5	1	60	3
81	0.5	0.5	1	60	5
82	0.5	0.5	1	60	2
83	0.5	0.5	1	60	1
84	0.5	0.5	1	60	4
85	0.5	0.5	1	60	4
86	0.5	0.5	1	60	1
87	0.5	0.5	1	60	1
88	0.5	0.5	1	60	7
89	0.5	0.5	1	60	2
90	0.5	0.5	1	60	1
91	0.5	0.5	1	60	1
92	0.5	0.5	1	60	2
93	0.5	0.5	1	60	2
94	0.5	0.5	1	60	1
95	0.5	0.5	1	60	3
96	0.5	0.5	1	60	1
97	0.5	0.5	1	60	1
98	0.5	0.5	1	60	2
99	0.5	0.5	1	60	1
100	0.5	0.5	1	60	5
101	0.5	0.5	1	60	1
102	0.5	0.5	1	60	2
103	0.5	0.5	1	60	2
104	0.5	0.5	1	60	3
105	0.5	0.5	1	60	3
106	0.5	0.5	1	60	1
107	0.5	0.5	1	60	1
108	0.5	0.5	1	60	3
109	0.5	0.5	1	60	2
110	0.5	0.5	1	60	1
111	0.5	0.5	1	60	2
112	0.5	0.5	1	60	2
113	0.5	0.5	1	60	6
114	0.5	0.5	1	60	1
115	0.375	0.5	1	60	2
116	0.5	0.5	1	60	1
117	0.5	0.5	1	60	2
118	0.5	0.5	1	60	4
119	0.625	0.625	1	60	4
120	0.625	0.625	1	60	2
121	0.625	0.625	1	60	2
122	0.625	0.625	1	60	5
123	0.625	0.625	1	60	2
124	0.625	0.625	1	60	2
125	0.625	0.625	1	60	2
126	0.625	0.625	1	60	1
127	0.625	0.625	1	60	1
128	0.625	0.625	1	60	2
129	0.625	0.625	1	60	2
130	0.5	0.625	1	60	2
131	0.625	0.625	1	60	2
132	0.625	0.625	1	60	3
133	0.625	0.625	1	60	1
134	0.625	0.625	1	60	3
135	0.625	0.625	1	60	2
136	0.625	0.625	1	60	2
137	0.625	0.625	1	60	4
138	0.625	0.625	1	60	1
139	0.625	0.625	1	60	1
140	0.625	0.625	1	60	1
141	0.625	0.625	1	60	1
142	0.625	0.625	1	60	5
143	0.625	0.625	1	60	1
144	0.625	0.625	1	60	3
145	0.625	0.625	1	60	1
146	0.5	0.625	1	60	1
147	0.625	0.625	1	60	3
148	0.625	0.625	1	60	1
149	0.625	0.625	1	60	2
150	0.625	0.625	1	60	3
151	0.625	0.625	1	60	3
152	0.625	0.625	1	60	1
153	0.625	0.625	1	60	1
154	0.625	0.625	1	60	2
155	0.625	0.625	1	60	3
156	0.625	0.625	1	60	1
157	0.5	0.625	1	60	3
158	0.625	0.625	1	60	2
159	0.625	0.625	1	60	4
160	0.625	0.625	1	60	2
161	0.625	0.625	1	60	5
162	0.625	0.625	1	60	1
163	0.625	0.625	1	60	1
164	0.5	0.625	1	60	2
165	0.625	0.625	1	60	1
166	0.625	0.625	1	60	2
167	0.625	0.625	1	60	2
168	0.625	0.625	1	60	4
169	0.5	0.625	1	60	3
170	0.625	0.625	1	60	1
171	0.625	0.625	1	60	1
172	0.625	0.625	1	60	3
173	0.625	0.625	1	60	4
174	0.625	0.625	1	60	2
175	0.625	0.625	1	60	1
176	0.625	0.625	1	60	4
177	0.625	0.625	1	60	1
178	0.625	0.625	1	60	2
179	0.625	0.625	1	60	1
180	0.625	0.625	1	60	1
181	0.625	0.625	1	60	3
182	0.625	0.625	1	60	1
183	0.625	0.625	1	60	1
184	0.625	0.625	1	60	1
185	0.625	0.625	1	60	1
186	0.625	0.625	1	60	1
187	0.625	0.625	1	60	1
188	0.625	0.625	1	60	2
189	0.625	0.625	1	60	2
190	0.625	0.625	1	60	1
191	0.625	0.625	1	60	2
192	0.625	0.625	1	60	1
193	0.5	0.625	1	60	1
194	0.625	0.625	1	60	2
195	0.625	0.625	1	60	2
196	0.625	0.625	1	60	3
197	0.625	0.625	1	60	4
198	0.625	0.625	1	60	3
199	0.5	0.625	1	60	3
200	0.625	0.625	1	60	1
201	0.625	0.625	1	60	4
202	0.625	0.625	1	60	1
203	0.5	0.625	1	60	2
204	0.625	0.625	1	60	2
205	0.625	0.625	1	60	2
206	0.625	0.625	1	60	2
207	0.625	0.625	1	60	4
208	0.5	0.625	1	60	3
209	0.5	0.625	1	60	4
210	0.625	0.625	1	60	1
211	0.625	0.625	1	60	2
212	0.625	0.625	1	60	4
213	0.625	0.625	1	60	2
214	0.625	0.625	1	60	2
215	0.625	0.625	1	60	1
216	0.5	0.625	1	60	1
217	0.5	0.625	1	60	4
218	0.625	0.625	1	60	1
219	0.625	0.625	1	60	3
220	0.625	0.625	1	60	3
221	0.625	0.625	1	60	4
222	0.625	0.625	1	60	2
223	0.5	0.625	1	60	3
224	0.5625	0.625	1	60	2
225	0.625	0.625	1	60	2
226	0.625	0.625	1	60	2
227	0.5	0.625	1	60	3
228	0.625	0.625	1	60	1
229	0.625	0.625	1	60	1
230	0.5	0.625	1	60	4
231	0.625	0.625	1	60	3
232	0.625	0.625	1	60	3
233	0.4375	0.625	1	60	4
234	0.625	0.625	1	60	1
235	0.625	0.625	1	60	1
236	0.625	0.625	1	60	6
237	0.625	0.625	1	60	1
238	0.625	0.625	1	60	3
239	0.625	0.625	1	60	1
240	0.5	0.625	1	60	3
241	0.625	0.625	1	60	1
242	0.625	0.625	1	60	3
243	0.625	0.625	1	60	2
244	0.625	0.625	1	60	1
245	0.625	0.625	1	60	1
246	0.5	0.625	1	60	1
247	0.625	0.625	1	60	1
248	0.625	0.625	1	60	6
249	0.5	0.625	1	60	4
250	0.625	0.625	1	60	3
251	0.625	0.625	1	60	1
252	0.625	0.625	1	60	2
253	0.625	0.625	1	60	1
254	0.625	0.625	1	60	1
255	0.625	0.625	1	60	2
256	0.625	0.625	1	60	5
257	0.625	0.625	1	60	1
258	0.5	0.625	1	60	1
259	0.625	0.625	1	60	1
260	0.625	0.625	1	60	2
261	0.5	0.625	1	60	1
262	0.625	0.625	1	60	2
263	0.625	0.625	1	60	6
264	0.5	0.625	1	60	1
265	0.625	0.625	1	60	1
266	0.625	0.625	1	60	1
267	0.625	0.625	1	60	3
268	0.625	0.625	1	60	2
269	0.625	0.625	1	60	1
270	0.5	0.625	1	60	2
271	0.625	0.625	1	60	3
272	0.625	0.625	1	60	3
273	0.5	0.625	1	60	2
274	0.5	0.625	1	60	3
275	0.625	0.625	1	60	3
276	0.625	0.625	1	60	2
277	0.625	0.625	1	60	2
278	0.5	0.625	1	60	1
279	0.625	0.625	1	60	2
280	0.5	0.625	1	60	1
281	0.5	0.625	1	60	5
282	0.5	0.625	1	60	4
283	0.5	0.625	1	60	1
284	0.625	0.625	1	60	2
285	0.5	0.625	1	60	2
286	0.625	0.625	1	60	1
287	0.5	0.625	1	60	2
288	0.625	0.625	1	60	2
289	0.5	0.625	1	60	3
290	0.625	0.625	1	60	2
291	0.625	0.625	1	60	2
292	0.625	0.625	1	60	3
293	0.625	0.625	1	60	1
294	0.625	0.625	1	60	2
295	0.625	0.625	1	60	2
296	0.625	0.625	1	60	4
297	0.625	0.625	1	60	1
298	0.625	0.625	1	60	1
299	0.625	0.625	1	60	1
300	0.625	0.625	1	60	1
301	0.375	0.625	1	60	1
302	0.625	0.625	1	60	3
303	0.625	0.625	1	60	1
304	0.625	0.625	1	60	2
305	0.625	0.625	1	60	3
306	0.625	0.625	1	60	1
307	0.625	0.625	1	60	2
308	0.625	0.625	1	60	1
309	0.625	0.625	1	60	3
310	0.5	0.625	1	60	4
311	0.625	0.625	1	60	3
312	0.5	0.625	1	60	2
313	0.625	0.625	1	60	1
314	0.625	0.625	1	60	2
315	0.625	0.625	1	60	3
316	0.625	0.625	1	60	2
317	0.625	0.625	1	60	1
318	0.625	0.625	1	60	2
319	0.625	0.625	1	60	2
320	0.5	0.625	1	60	2
321	0.625	0.625	1	60	2
322	0.625	0.625	1	60	2
323	0.625	0.625	1	60	2
324	0.625	0.625	1	60	4
325	0.625	0.625	1	60	1
326	0.625	0.625	1	60	1
327	0.625	0.625	1	60	1
328	0.625	0.625	1	60	2
329	0.5625	0.625	1	60	5
330	0.625	0.625	1	60	2
331	0.5	0.625	1	60	1
332	0.625	0.625	1	60	3
333	0.5	0.625	1	60	3
334	0.625	0.625	1	60	1
335	0.5	0.625	1	60	2
336	0.625	0.625	1	60	1
337	0.625	0.625	1	60	1
338	0.625	0.625	1	60	2
339	0.625	0.625	1	60	3
340	0.625	0.625	1	60	1
341	0.625	0.625	1	60	1
342	0.5	0.625	1	60	4
343	0.625	0.625	1	60	2
344	0.5625	0.625	1	60	2
345	0.5	0.625	1	60	4
346	0.625	0.625	1	60	2
347	0.625	0.625	1	60	1
348	0.625	0.625	1	60	2
349	0.625	0.625	1	60	1
350	0.625	0.625	1	60	1
351	0.625	0.625	1	60	2
352	0.5	0.625	1	60	3
353	0.625	0.625	1	60	1
354	0.625	0.625	1	60	2
355	0.625	0.625	1	60	1
356	0.625	0.625	1	60	1
357	0.625	0.625	1	60	1
358	0.5	0.625	1	60	6
359	0.5	0.625	1	60	3
360	0.625	0.625	1	60	3
361	0.625	0.625	1	60	3
362	0.625	0.625	1	60	1
363	0.5	0.625	1	60	2
364	0.625	0.625	1	60	1
365	0.625	0.625	1	60	4
366	0.625	0.625	1	60	4
367	0.625	0.625	1	60	3
368	0.5625	0.625	1	60	4
369	0.5	0.625	1	60	2
370	0.625	0.625	1	60	1
371	0.625	0.625	1	60	2
372	0.625	0.625	1	60	1
373	0.5	0.625	1	60	5
374	0.625	0.625	1	60	2
375	0.625	0.625	1	60	2
376	0.5	0.625	1	60	1
377	0.625	0.625	1	60	3
378	0.625	0.625	1	60	2
379	0.625	0.625	1	60	2
380	0.625	0.625	1	60	3
381	0.625	0.625	1	60	1
382	0.5	0.625	1	60	4
383	0.625	0.625	1	60	1
384	0.625	0.625	1	60	2
385	0.625	0.625	1	60	3
386	0.625	0.625	1	60	2
387	0.625	0.625	1	60	3
388	0.625	0.625	1	60	2
389	0.625	0.625	1	60	1
390	0.5	0.625	1	60	5
391	0.5	0.625	1	60	2
392	0.625	0.625	1	60	1
393	0.625	0.625	1	60	1
394	0.625	0.625	1	60	2
395	0.625	0.625	1	60	2
396	0.625	0.625	1	60	1
397	0.625	0.625	1	60	2
398	0.5	0.625	1	60	3
399	0.5625	0.625	1	60	3
400	0.625	0.625	1	60	1
401	0.625	0.625	1	60	2
402	0.625	0.625	1	60	5
403	0.625	0.625	1	60	5
404	0.625	0.625	1	60	1
405	0.625	0.625	1	60	2
406	0.625	0.625	1	60	2
407	0.625	0.625	1	60	1
408	0.625	0.625	1	60	2
409	0.625	0.625	1	60	1
410	0.5	0.625	1	60	2
411	0.625	0.625	1	60	5
412	0.625	0.625	1	60	4
413	0.625	0.625	1	60	1
414	0.625	0.625	1	60	1
415	0.625	0.625	1	60	2
416	0.5	0.625	1	60	3
417	0.5	0.625	1	60	5
418	0.5	0.625	1	60	1
419	0.625	0.625	1	60	2
420	0.625	0.625	1	60	1
421	0.5	0.625	1	60	1
422	0.5	0.625	1	60	4
423	0.625	0.625	1	60	2
424	0.625	0.625	1	60	1
425	0.625	0.625	1	60	4
426	0.625	0.625	1	60	2
427	0.625	0.625	1	60	1
428	0.5	0.625	1	60	2
429	0.625	0.625	1	60	1
430	0.5	0.625	1	60	5
431	0.5	0.625	1	60	2
432	0.5625	0.625	1	60	3
433	0.5	0.625	1	60	2
434	0.5	0.625	1	60	2
435	0.625	0.625	1	60	2
436	0.625	0.625	1	60	1
437	0.5	0.625	1	60	1
438	0.625	0.625	1	60	1
439	0.625	0.625	1	60	2
440	0.625	0.625	1	60	4
441	0.625	0.625	1	60	2
442	0.625	0.625	1	60	2
443	0.625	0.625	1	60	2
444	0.625	0.625	1	60	4
445	0.625	0.625	1	60	2
446	0.625	0.625	1	60	3
447	0.625	0.625	1	60	1
448	0.5	0.625	1	60	3
449	0.5	0.625	1	60	2
450	0.625	0.625	1	60	2
451	0.5	0.625	1	60	3
452	0.625	0.625	1	60	1
453	0.625	0.625	1	60	1
454	0.625	0.625	1	60	4
455	0.625	0.625	1	60	1
456	0.5625	0.625	1	60	2
457	0.625	0.625	1	60	3
458	0.625	0.625	1	60	2
459	0.625	0.625	1	60	1
460	0.5	0.625	1	60	7
461	0.625	0.625	1	60	2
462	0.625	0.625	1	60	2
463	0.5	0.625	1	60	4
464	0.625	0.625	1	60	3
465	0.625	0.625	1	60	1
466	0.625	0.625	1	60	3
467	0.5	0.625	1	60	4
468	0.625	0.625	1	60	4
469	0.625	0.625	1	60	1
470	0.625	0.625	1	60	2
471	0.625	0.625	1	60	1
472	0.5	0.625	1	60	5
473	0.5	0.625	1	60	4
474	0.625	0.625	1	60	2
475	0.625	0.625	1	60	1
476	0.625	0.625	1	60	1
477	0.625	0.625	1	60	2
478	0.625	0.625	1	60	3
479	0.625	0.625	1	60	1
480	0.625	0.625	1	60	3
481	0.5625	0.625	1	60	5
482	0.625	0.625	1	60	1
483	0.625	0.625	1	60	2
484	0.5625	0.625	1	60	2
485	0.625	0.625	1	60	3
486	0.625	0.625	1	60	2
487	0.625	0.625	1	60	2
488	0.5	0.625	1	60	1
489	0.625	0.625	1	60	2
490	0.625	0.625	1	60	1
491	0.625	0.625	1	60	3
492	0.5	0.625	1	60	3
493	0.5	0.625	1	60	3
494	0.5	0.625	1	60	3
495	0.625	0.625	1	60	1
496	0.625	0.625	1	60	2
497	0.5625	0.625	1	60	3
498	0.625	0.625	1	60	3
499	0.5	0.625	1	60	3
500	0.5	0.625	1	60	2
501	0.625	0.625	1	60	3
502	0.5	0.625	1	60	2
503	0.625	0.625	1	60	1
504	0.625	0.625	1	60	2
505	0.625	0.625	1	60	1
506	0.625	0.625	1	60	3
507	0.625	0.625	1	60	4
508	0.625	0.625	1	60	1
509	0.5	0.625	1	60	3
510	0.625	0.625	1	60	4
511	0.625	0.625	1	60	1
512	0.5625	0.625	1	60	2
513	0.625	0.625	1	60	3
514	0.625	0.625	1	60	1
515	0.625	0.625	1	60	2
516	0.6875	0.6875	1	60	1
517	0.6875	0.6875	1	60	2
518	0.625	0.6875	1	60	3
519	0.6875	0.6875	1	60	2
520	0.6875	0.6875	1	60	4
521	0.625	0.6875	1	60	2
522	0.625	0.6875	1	60	2
523	0.5	0.6875	1	60	3
524	0.6875	0.6875	1	60	1
525	0.6875	0.6875	1	60	3
526	0.6875	0.6875	1	60	1
527	0.6875	0.6875	1	60	1
528	0.6875	0.6875	1	60	1
529	0.6875	0.6875	1	60	5
530	0.6875	0.6875	1	60	2
531	0.5625	0.6875	1	60	1
532	0.6875	0.6875	1	60	2
533	0.6875	0.6875	1	60	2
534	0.6875	0.6875	1	60	2
535	0.625	0.6875	1	60	1
536	0.6875	0.6875	1	60	1
537	0.6875	0.6875	1	60	2
538	0.75	0.75	1	60	2
539	0.75	0.75	1	60	1
540	0.75	0.75	1	60	1
541	0.75	0.75	1	60	2
542	0.75	0.75	1	60	1
543	0.625	0.75	1	60	1
544	0.625	0.75	1	60	4
545	0.75	0.75	1	60	3
546	0.75	0.75	1	60	1
547	0.75	0.75	1	60	1
548	0.75	0.75	1	60	2
549	0.5	0.75	1	60	3
550	0.6875	0.75	1	60	2
551	0.625	0.75	1	60	2
552	0.75	0.75	1	60	2
553	0.8125	0.8125	1	60	3
554	0.8125	0.8125	1	60	2
555	0.8125	0.8125	1	60	4
556	0.8125	0.8125	1	60	2
557	0.8125	0.8125	1	60	1
558	0.8125	0.8125	1	60	1
559	0.8125	0.8125	1	60	1
560	0.75	0.8125	1	60	3
561	0.625	0.8125	1	60	3
562	0.8125	0.8125	1	60	1
563	0.8125	0.8125	1	60	1
564	0.8125	0.8125	1	60	1
565	0.5	0.8125	1	60	2
566	0.8125	0.8125	1	60	2
567	0.8125	0.8125	1	60	1
568	0.8125	0.8125	1	60	1
569	0.8125	0.8125	1	60	1
570	0.8125	0.8125	1	60	3
571	0.625	0.8125	1	60	2
572	0.8125	0.8125	1	60	3
573	0.6875	0.8125	1	60	1
574	0.8125	0.8125	1	60	1
575	0.8125	0.8125	1	60	1
576	0.75	0.8125	1	60	2
577	0.5	0.8125	1	60	2
578	0.8125	0.8125	1	60	3
579	0.8125	0.8125	1	60	4
580	0.8125	0.8125	1	60	3
581	0.8125	0.8125	1	60	2
582	0.8125	0.8125	1	60	2
583	0.8125	0.8125	1	60	1
584	0.8125	0.8125	1	60	1
585	0.8125	0.8125	1	60	1
586	0.6875	0.8125	1	60	1
587	0.8125	0.8125	1	60	2
588	0.8125	0.8125	1	60	1
589	0.8125	0.8125	1	60	1
590	0.875	0.875	1	60	4
591	0.75	0.875	1	60	2
592	0.625	0.875	1	60	4
593	0.875	0.875	1	60	5
594	0.875	0.875	1	60	1
595	0.875	0.875	1	60	4
596	0.75	0.875	1	60	2
597	0.875	0.875	1	60	1
598	0.875	0.875	1	60	1
599	0.75	0.875	1	60	2
600	0.75	0.875	1	60	3
601	0.875	0.875	1	60	1
602	0.875	0.875	1	60	1
603	0.875	0.875	1	60	3
604	0.875	0.875	1	60	2
605	0.875	0.875	1	60	2
606	0.75	0.875	1	60	2
607	0.5	0.875	1	60	2
608	0.5	0.875	1	60	4
609	0.875	0.875	1	60	2
610	0.875	0.875	1	60	1
611	0.875	0.875	1	60	2
612	0.875	0.875	1	60	2
613	0.875	0.875	1	60	1
614	0.875	0.875	1	60	2
615	0.875	0.875	1	60	6
616	0.875	0.875	1	60	6
617	0.75	0.875	1	60	4
618	0.875	0.875	1	60	2
619	0.875	0.875	1	60	2
620	0.875	0.875	1	60	3
621	0.625	0.875	1	60	3
622	0.75	0.875	1	60	1
623	0.875	0.875	1	60	1
624	0.625	0.875	1	60	1
625	0.875	0.875	1	60	1
626	0.875	0.875	1	60	2
627	0.875	0.875	1	60	1
628	0.875	0.875	1	60	3
629	0.875	0.875	1	60	2
630	0.75	0.875	1	60	2
631	0.75	0.875	1	60	3
632	0.875	0.875	1	60	1
633	0.875	0.875	1	60	1
634	0.875	0.875	1	60	4
635	0.875	0.875	1	60	4
636	0.5	0.875	1	60	2
637	0.875	0.875	1	60	1
638	0.875	0.875	1	60	1
639	0.875	0.875	1	60	1
640	0.875	0.875	1	60	2
641	0.5	0.875	1	60	4
642	0.875	0.875	1	60	3
643	0.75	0.875	1	60	1
644	0.875	0.875	1	60	1
645	0.875	0.875	1	60	1
646	0.5	0.875	1	60	4
647	0.875	0.875	1	60	1
648	0.875	0.875	1	60	2
649	0.75	0.875	1	60	4
650	0.75	0.875	1	60	3
651	0.875	0.875	1	60	1
652	0.875	0.875	1	60	1
653	0.875	0.875	1	60	2
654	0.875	0.875	1	60	1
655	0.75	0.875	1	60	2
656	0.625	0.875	1	60	3
657	0.5	0.875	1	60	3
658	0.5	0.875	1	60	3
659	0.875	0.875	1	60	1
660	0.875	0.875	1	60	2
661	0.875	0.875	1	60	3
662	0.8125	0.875	1	60	1
663	0.875	0.875	1	60	3
664	0.875	0.875	1	60	3
665	0.875	0.875	1	60	1
666	0.875	0.875	1	60	3
667	0.8125	0.875	1	60	2
668	0.75	0.875	1	60	3
669	0.875	0.875	1	60	1
670	0.875	0.875	1	60	3
671	0.75	0.875	1	60	3
672	0.875	0.875	1	60	1
673	0.75	0.875	1	60	2
674	0.625	0.875	1	60	2
675	0.875	0.875	1	60	2
676	0.5	0.875	1	60	3
677	0.875	0.875	1	60	2
678	0.875	0.875	1	60	1
679	0.875	0.875	1	60	3
680	0.875	0.875	1	60	1
681	0.875	0.875	1	60	2
682	0.875	0.875	1	60	1
683	0.875	0.875	1	60	2
684	0.875	0.875	1	60	2
685	0.8125	0.875	1	60	1
686	0.875	0.875	1	60	2
687	0.875	0.875	1	60	2
688	0.875	0.875	1	60	2
689	0.8125	0.875	1	60	2
690	0.875	0.875	1	60	1
691	0.875	0.875	1	60	1
692	0.875	0.875	1	60	1
693	0.625	0.875	1	60	4
694	0.5	0.875	1	60	4
695	0.875	0.875	1	60	1
696	0.875	0.875	1	60	2
697	0.75	0.875	1	60	3
698	0.875	0.875	1	60	1
699	0.875	0.875	1	60	1
700	0.875	0.875	1	60	1
701	0.875	0.875	1	60	1
702	0.875	0.875	1	60	1
703	0.75	0.875	1	60	1
704	0.875	0.875	1	60	1
705	0.8125	0.875	1	60	3
706	0.875	0.875	1	60	2
707	0.5	0.875	1	60	2
708	0.5	0.875	1	60	3
709	0.8125	0.875	1	60	1
710	0.5	0.875	1	60	3
711	0.875	0.875	1	60	4
712	0.875	0.875	1	60	2
713	0.625	0.875	1	60	2
714	0.625	0.875	1	60	2
715	0.625	0.875	1	60	2
716	0.5	0.875	1	60	1
717	0.8125	0.875	1	60	3
718	0.875	0.875	1	60	2
719	0.75	0.875	1	60	2
720	0.8125	0.875	1	60	2
721	0.875	0.875	1	60	2
722	0.875	0.875	1	60	1
723	0.5	0.875	1	60	3
724	0.75	0.875	1	60	2
725	0.875	0.875	1	60	3
726	0.875	0.875	1	60	1
727	0.875	0.875	1	60	4
728	0.5	0.875	1	60	3
729	0.75	0.875	1	60	2
730	0.75	0.875	1	60	2
731	0.8125	0.875	1	60	1
732	0.875	0.875	1	60	2
733	0.8125	0.875	1	60	3
734	0.875	0.875	1	60	1
735	0.875	0.875	1	60	2
736	0.625	0.875	1	60	1
737	0.875	0.875	1	60	2
738	0.6875	0.875	1	60	3
739	0.75	0.875	1	60	2
740	0.875	0.875	1	60	1
741	0.875	0.875	1	60	1
742	0.8125	0.875	1	60	4
743	0.5	0.875	1	60	4
744	0.875	0.875	1	60	1
745	0.875	0.875	1	60	2
746	0.875	0.875	1	60	3
747	0.875	0.875	1	60	4
748	0.875	0.875	1	60	3
749	0.875	0.875	1	60	1
750	0.875	0.875	1	60	1
751	0.875	0.875	1	60	1
752	0.875	0.875	1	60	4
753	0.8125	0.875	1	60	3
754	0.875	0.875	1	60	1
755	0.5625	0.875	1	60	4
756	0.875	0.875	1	60	3
757	0.875	0.875	1	60	2
758	0.875	0.875	1	60	2
759	0.6875	0.875	1	60	5
760	0.875	0.875	1	60	1
761	0.875	0.875	1	60	2
762	0.6875	0.875	1	60	2
763	0.875	0.875	1	60	1
764	0.8125	0.875	1	60	2
765	0.875	0.875	1	60	2
766	0.75	0.875	1	60	1
767	0.875	0.875	1	60	2
768	0.875	0.875	1	60	3
769	0.875	0.875	1	60	2
770	0.625	0.875	1	60	2
771	0.6875	0.875	1	60	2
772	0.75	0.875	1	60	3
773	0.6875	0.875	1	60	4
774	0.875	0.875	1	60	3
775	0.875	0.875	1	60	1
776	0.875	0.875	1	60	2
777	0.5	0.875	1	60	3
778	0.875	0.875	1	60	1
779	0.875	0.875	1	60	2
780	0.875	0.875	1	60	1
781	0.875	0.875	1	60	1
782	0.875	0.875	1	60	2
783	0.8125	0.875	1	60	5
784	0.5	0.875	1	60	2
785	0.875	0.875	1	60	2
786	0.5	0.875	1	60	3
787	0.875	0.875	1	60	2
788	0.875	0.875	1	60	1
789	0.875	0.875	1	60	1
790	0.75	0.875	1	60	2
791	0.8125	0.875	1	60	3
792	0.75	0.875	1	60	2
793	0.875	0.875	1	60	4
794	0.875	0.875	1	60	1
795	0.75	0.875	1	60	2
796	0.875	0.875	1	60	3
797	0.875	0.875	1	60	1
798	0.875	0.875	1	60	1
799	0.875	0.875	1	60	1
800	0.5625	0.875	1	60	3
801	0.625	0.875	1	60	4
802	0.875	0.875	1	60	2
803	0.875	0.875	1	60	1
804	0.875	0.875	1	60	4
805	0.6875	0.875	1	60	2
806	0.875	0.875	1	60	3
807	0.8125	0.875	1	60	1
808	0.625	0.875	1	60	1
809	0.875	0.875	1	60	1
810	0.875	0.875	1	60	2
811	0.875	0.875	1	60	2
812	0.5	0.875	1	60	3
813	0.625	0.875	1	60	2
814	0.875	0.875	1	60	2
815	0.8125	0.875	1	60	2
816	0.5625	0.875	1	60	3
817	0.75	0.875	1	60	3
818	0.75	0.875	1	60	3
819	0.875	0.875	1	60	1
820	0.5	0.875	1	60	4
821	0.5625	0.875	1	60	3
822	0.875	0.875	1	60	1
823	0.75	0.875	1	60	4
824	0.875	0.875	1	60	1
825	0.875	0.875	1	60	1
826	0.875	0.875	1	60	2
827	0.875	0.875	1	60	2
828	0.875	0.875	1	60	2
829	0.875	0.875	1	60	1
830	0.6875	0.875	1	60	4
831	0.75	0.875	1	60	2
832	0.75	0.875	1	60	3
833	0.75	0.875	1	60	3
834	0.875	0.875	1	60	2
835	0.875	0.875	1	60	1
836	0.75	0.875	1	60	3
837	0.6875	0.875	1	60	5
838	0.75	0.875	1	60	3
839	0.875	0.875	1	60	2
840	0.875	0.875	1	60	1
841	0.875	0.875	1	60	1
842	0.875	0.875	1	60	2
843	0.875	0.875	1	60	1
844	0.875	0.875	1	60	1
845	0.6875	0.875	1	60	3
846	0.875	0.875	1	60	1
847	0.875	0.875	1	60	3
848	0.875	0.875	1	60	3
849	0.875	0.875	1	60	1
850	0.875	0.875	1	60	3
851	0.875	0.875	1	60	2
852	0.875	0.875	1	60	2
853	0.5	0.875	1	60	3
854	0.875	0.875	1	60	1
855	0.75	0.875	1	60	4
856	0.75	0.875	1	60	2
857	0.875	0.875	1	60	1
858	0.875	0.875	1	60	5
859	0.625	0.875	1	60	3
860	0.5	0.875	1	60	5
861	0.875	0.875	1	60	2
862	0.875	0.875	1	60	2
863	0.875	0.875	1	60	1
864	0.625	0.875	1	60	2
865	0.875	0.875	1	60	3
866	0.875	0.875	1	60	1
867	0.875	0.875	1	60	1
868	0.625	0.875	1	60	1
869	0.875	0.875	1	60	1
870	0.875	0.875	1	60	3
871	0.8125	0.875	1	60	1
872	0.5	0.875	1	60	2
873	0.875	0.875	1	60	1
874	0.875	0.875	1	60	4
875	0.625	0.875	1	60	2
876	0.875	0.875	1	60	2
877	0.875	0.875	1	60	3
878	0.875	0.875	1	60	1
879	0.75	0.875	1	60	3
880	0.875	0.875	1	60	2
881	0.875	0.875	1	60	2
882	0.5	0.875	1	60	4
883	0.75	0.875	1	60	1
884	0.875	0.875	1	60	2
885	0.875	0.875	1	60	1
886	0.625	0.875	1	60	1
887	0.875	0.875	1	60	2
888	0.875	0.875	1	60	2
889	0.875	0.875	1	60	4
890	0.875	0.875	1	60	2
891	0.875	0.875	1	60	2
892	0.875	0.875	1	60	3
893	0.875	0.875	1	60	5
894	0.875	0.875	1	60	3
895	0.625	0.875	1	60	1
896	0.5	0.875	1	60	4
897	0.75	0.875	1	60	2
898	0.875	0.875	1	60	1
899	0.875	0.875	1	60	2
900	0.5	0.875	1	60	3
901	0.875	0.875	1	60	3
902	0.75	0.875	1	60	3
903	0.8125	0.875	1	60	3
904	0.5	0.875	1	60	4
905	0.875	0.875	1	60	3
906	0.625	0.875	1	60	2
907	0.875	0.875	1	60	1
908	0.875	0.875	1	60	3
909	0.5625	0.875	1	60	4
910	0.75	0.875	1	60	3
911	0.875	0.875	1	60	2
912	0.8125	0.875	1	60	6
913	0.75	0.875	1	60	3
914	0.875	0.875	1	60	1
915	0.75	0.875	1	60	6
916	0.5	0.875	1	60	1
917	0.875	0.875	1	60	2
918	0.875	0.875	1	60	1
919	0.8125	0.875	1	60	2
920	0.5	0.875	1	60	2
921	0.5	0.875	1	60	1
922	0.875	0.875	1	60	2
923	0.875	0.875	1	60	2
924	0.5	0.875	1	60	5
925	0.625	0.875	1	60	4
926	0.875	0.875	1	60	2
927	0.875	0.875	1	60	3
928	0.75	0.875	1	60	2
929	0.875	0.875	1	60	2
930	0.5	0.875	1	60	5
931	0.5	0.875	1	60	3
932	0.875	0.875	1	60	2
933	0.5	0.875	1	60	2
934	0.875	0.875	1	60	2
935	0.875	0.875	1	60	2
936	0.625	0.875	1	60	1
937	0.875	0.875	1	60	1
938	0.875	0.875	1	60	2
939	0.875	0.875	1	60	2
940	0.875	0.875	1	60	2
941	0.5	0.875	1	60	4
942	0.875	0.875	1	60	2
943	0.875	0.875	1	60	1
944	0.875	0.875	1	60	1
945	0.875	0.875	1	60	3
946	0.75	0.875	1	60	6
947	0.875	0.875	1	60	3
948	0.875	0.875	1	60	1
949	0.875	0.875	1	60	1
950	0.875	0.875	1	60	1
951	0.875	0.875	1	60	2
952	0.875	0.875	1	60	1
953	0.875	0.875	1	60	2
954	0.875	0.875	1	60	1
955	0.875	0.875	1	60	1
956	0.75	0.875	1	60	1
957	0.5	0.875	1	60	2
958	0.875	0.875	1	60	1
959	0.625	0.875	1	60	1
960	0.875	0.875	1	60	1
961	0.75	0.875	1	60	3
962	0.875	0.875	1	60	2
963	0.5	0.875	1	60	2
964	0.8125	0.875	1	60	2
965	0.875	0.875	1	60	1
966	0.875	0.875	1	60	2
967	0.875	0.875	1	60	1
968	0.875	0.875	1	60	1
969	0.875	0.875	1	60	3
970	0.5	0.875	1	60	3
971	0.8125	0.875	1	60	2
972	0.875	0.875	1	60	2
973	0.875	0.875	1	60	1
974	0.8125	0.875	1	60	2
975	0.875	0.875	1	60	1
976	0.8125	0.875	1	60	2
977	0.5625	0.875	1	60	4
978	0.5	0.875	1	60	2
979	0.875	0.875	1	60	2
980	0.6875	0.875	1	60	2
981	0.5	0.875	1	60	2
982	0.8125	0.875	1	60	1
983	0.875	0.875	1	60	3
984	0.5	0.875	1	60	3
985	0.875	0.875	1	60	1
986	0.875	0.875	1	60	3
987	0.75	0.875	1	60	2
988	0.875	0.875	1	60	1
989	0.875	0.875	1	60	4
990	0.625	0.875	1	60	3
991	0.875	0.875	1	60	1
992	0.75	0.875	1	60	1
993	0.625	0.875	1	60	3
994	0.875	0.875	1	60	1
995	0.875	0.875	1	60	4
996	0.875	0.875	1	60	1
997	0.875	0.875	1	60	3
998	0.875	0.875	1	60	1
999	0.75	0.875	1	60	1
1000	0.5625	0.875	1	60	4
1001	0.625	0.875	1	60	3
1002	0.875	0.875	1	60	1
1003	0.875	0.875	1	60	2
1004	0.875	0.875	1	60	1
1005	0.5	0.875	1	60	4
1006	0.875	0.875	1	60	2
1007	0.875	0.875	1	60	5
1008	0.875	0.875	1	60	1
1009	0.875	0.875	1	60	4
1010	0.875	0.875	1	60	1
1011	0.875	0.875	1	60	1
1012	0.875	0.875	1	60	3
1013	0.875	0.875	1	60	1
1014	0.625	0.875	1	60	1
1015	0.625	0.875	1	60	3
1016	0.875	0.875	1	60	5
1017	0.5625	0.875	1	60	5
1018	0.875	0.875	1	60	1
1019	0.8125	0.875	1	60	3
1020	0.875	0.875	1	60	1
1021	0.875	0.875	1	60	4
1022	0.875	0.875	1	60	2
1023	0.875	0.875	1	60	4
1024	0.5	0.875	1	60	2
1025	0.875	0.875	1	60	4
1026	0.875	0.875	1	60	4
1027	0.8125	0.875	1	60	1
1028	0.875	0.875	1	60	2
1029	0.625	0.875	1	60	1
1030	0.875	0.875	1	60	2
1031	0.875	0.875	1	60	2
1032	0.875	0.875	1	60	1
1033	0.8125	0.875	1	60	1
1034	0.875	0.875	1	60	2
1035	0.875	0.875	1	60	1
1036	0.875	0.875	1	60	2
1037	0.875	0.875	1	60	1
1038	0.875	0.875	1	60	2
1039	0.875	0.875	1	60	1
1040	0.875	0.875	1	60	2
1041	0.875	0.875	1	60	2
1042	0.875	0.875	1	60	2
1043	0.875	0.875	1	60	2
1044	0.75	0.875	1	60	4
1045	0.875	0.875	1	60	1
1046	0.875	0.875	1	60	3
1047	0.875	0.875	1	60	1
1048	0.875	0.875	1	60	1
1049	0.875	0.875	1	60	3
1050	0.625	0.875	1	60	2
1051	0.875	0.875	1	60	2
1052	0.875	0.875	1	60	2
1053	0.875	0.875	1	60	3
1054	0.875	0.875	1	60	1
1055	0.875	0.875	1	60	2
1056	0.75	0.875	1	60	2
1057	0.875	0.875	1	60	1
1058	0.875	0.875	1	60	1
1059	0.875	0.875	1	60	2
1060	0.875	0.875	1	60	1
1061	0.875	0.875	1	60	1
1062	0.8125	0.875	1	60	2
1063	0.875	0.875	1	60	1
1064	0.875	0.875	1	60	2
1065	0.75	0.875	1	60	2
1066	0.875	0.875	1	60	4
1067	0.875	0.875	1	60	2
1068	0.875	0.875	1	60	2
1069	0.5	0.875	1	60	3
1070	0.875	0.875	1	60	4
1071	0.875	0.875	1	60	5
1072	0.5	0.875	1	60	4
1073	0.875	0.875	1	60	3
1074	0.875	0.875	1	60	3
1075	0.875	0.875	1	60	1
1076	0.625	0.875	1	60	3
1077	0.875	0.875	1	60	1
1078	0.875	0.875	1	60	1
1079	0.875	0.875	1	60	4
1080	0.875	0.875	1	60	1
1081	0.875	0.875	1	60	1
1082	0.875	0.875	1	60	5
1083	0.5	0.875	1	60	4
1084	0.625	0.875	1	60	1
1085	0.875	0.875	1	60	1
1086	0.875	0.875	1	60	3
1087	0.5	0.875	1	60	4
1088	0.875	0.875	1	60	2
1089	0.75	0.875	1	60	2
1090	0.875	0.875	1	60	3
1091	0.5625	0.875	1	60	3
1092	0.875	0.875	1	60	1
1093	0.875	0.875	1	60	3
1094	0.875	0.875	1	60	1
1095	0.625	0.875	1	60	3
1096	0.875	0.875	1	60	1
1097	0.875	0.875	1	60	1
1098	0.875	0.875	1	60	2
1099	0.875	0.875	1	60	3
1100	0.5	0.875	1	60	4
1101	0.875	0.875	1	60	1
1102	0.625	0.875	1	60	2
1103	0.875	0.875	1	60	1
1104	0.875	0.875	1	60	1
1105	0.875	0.875	1	60	2
1106	0.875	0.875	1	60	2
1107	0.875	0.875	1	60	1
1108	0.875	0.875	1	60	2
1109	0.875	0.875	1	60	2
1110	0.875	0.875	1	60	3
1111	0.75	0.875	1	60	2
1112	0.5	0.875	1	60	5
1113	0.875	0.875	1	60	2
1114	0.875	0.875	1	60	1
1115	0.5	0.875	1	60	6
1116	0.6875	0.875	1	60	3
1117	0.875	0.875	1	60	2
1118	0.875	0.875	1	60	1
1119	0.875	0.875	1	60	2
1120	0.6875	0.875	1	60	1
1121	0.875	0.875	1	60	2
1122	0.875	0.875	1	60	4
1123	0.875	0.875	1	60	1
1124	0.625	0.875	1	60	3
1125	0.75	0.875	1	60	2
1126	0.875	0.875	1	60	1
1127	0.875	0.875	1	60	1
1128	0.875	0.875	1	60	1
1129	0.875	0.875	1	60	6
1130	0.875	0.875	1	60	1
1131	0.875	0.875	1	60	2
1132	0.875	0.875	1	60	1
1133	0.875	0.875	1	60	2
1134	0.5	0.875	1	60	1
1135	0.875	0.875	1	60	1
1136	0.875	0.875	1	60	2
1137	0.875	0.875	1	60	4
1138	0.875	0.875	1	60	1
1139	0.75	0.875	1	60	1
1140	0.5	0.875	1	60	2
1141	0.5	0.875	1	60	2
1142	0.75	0.875	1	60	4
1143	0.625	0.875	1	60	5
1144	0.875	0.875	1	60	1
1145	0.875	0.875	1	60	1
1146	0.5	0.875	1	60	4
1147	0.875	0.875	1	60	2
1148	0.875	0.875	1	60	3
1149	0.5	0.875	1	60	3
1150	0.875	0.875	1	60	5
1151	0.875	0.875	1	60	4
1152	0.5625	0.875	1	60	3
1153	0.875	0.875	1	60	1
1154	0.875	0.875	1	60	1
1155	0.875	0.875	1	60	1
1156	0.875	0.875	1	60	5
1157	0.625	0.875	1	60	6
1158	0.875	0.875	1	60	2
1159	0.875	0.875	1	60	1
1160	0.5	0.875	1	60	3
1161	0.875	0.875	1	60	2
1162	0.875	0.875	1	60	4
1163	0.5	0.875	1	60	2
1164	0.875	0.875	1	60	1
1165	0.5	0.875	1	60	5
1166	0.875	0.875	1	60	1
1167	0.875	0.875	1	60	1
1168	0.875	0.875	1	60	2
1169	0.875	0.875	1	60	2
1170	0.875	0.875	1	60	1
1171	0.875	0.875	1	60	2
1172	0.875	0.875	1	60	1
1173	0.875	0.875	1	60	5
1174	0.6875	0.875	1	60	2
1175	0.8125	0.875	1	60	1
1176	0.875	0.875	1	60	3
1177	0.8125	0.875	1	60	2
1178	0.625	0.875	1	60	3
1179	0.875	0.875	1	60	1
1180	0.5	0.875	1	60	5
1181	0.8125	0.875	1	60	2
1182	0.875	0.875	1	60	2
1183	0.5625	0.875	1	60	3
1184	0.875	0.875	1	60	3
1185	0.875	0.875	1	60	2
1186	0.5	0.875	1	60	3
1187	0.875	0.875	1	60	3
1188	0.875	0.875	1	60	1
1189	0.875	0.875	1	60	1
1190	0.5	0.875	1	60	2
1191	0.8125	0.875	1	60	4
1192	0.75	0.875	1	60	1
1193	0.5	0.875	1	60	3
1194	0.875	0.875	1	60	2
1195	0.5	0.875	1	60	7
1196	0.875	0.875	1	60	1
1197	0.875	0.875	1	60	1
1198	0.875	0.875	1	60	2
1199	0.875	0.875	1	60	2
1200	0.875	0.875	1	60	1
1201	0.875	0.875	1	60	4
1202	0.875	0.875	1	60	4
1203	0.5	0.875	1	60	1
1204	0.5	0.875	1	60	6
1205	0.8125	0.875	1	60	2
1206	0.75	0.875	1	60	2
1207	0.875	0.875	1	60	2
1208	0.875	0.875	1	60	4
1209	0.875	0.875	1	60	1
1210	0.875	0.875	1	60	1
1211	0.875	0.875	1	60	2
1212	0.875	0.875	1	60	3
1213	0.875	0.875	1	60	1
1214	0.875	0.875	1	60	1
1215	0.875	0.875	1	60	1
1216	0.875	0.875	1	60	3
1217	0.875	0.875	1	60	1
1218	0.625	0.875	1	60	4
1219	0.875	0.875	1	60	3
1220	0.875	0.875	1	60	2
1221	0.5	0.875	1	60	2
1222	0.875	0.875	1	60	1
1223	0.5	0.875	1	60	4
1224	0.5	0.875	1	60	2
1225	0.875	0.875	1	60	1
1226	0.625	0.875	1	60	4
1227	0.875	0.875	1	60	2
1228	0.875	0.875	1	60	2
1229	0.4375	0.875	1	60	1
1230	0.875	0.875	1	60	1
1231	0.625	0.875	1	60	2
1232	0.875	0.875	1	60	4
1233	0.875	0.875	1	60	1
1234	0.875	0.875	1	60	3
1235	0.625	0.875	1	60	3
1236	0.875	0.875	1	60	1
1237	0.875	0.875	1	60	3
1238	0.875	0.875	1	60	2
1239	0.875	0.875	1	60	2
1240	0.875	0.875	1	60	4
1241	0.875	0.875	1	60	2
1242	0.875	0.875	1	60	2
1243	0.875	0.875	1	60	2
1244	0.5	0.875	1	60	3
1245	0.625	0.875	1	60	5
1246	0.5625	0.875	1	60	1
1247	0.875	0.875	1	60	1
1248	0.875	0.875	1	60	1
1249	0.625	0.875	1	60	1
1250	0.875	0.875	1	60	1
1251	0.875	0.875	1	60	2
1252	0.8125	0.875	1	60	1
1253	0.875	0.875	1	60	1
1254	0.5	0.875	1	60	4
1255	0.5625	0.875	1	60	5
1256	0.875	0.875	1	60	3
1257	0.375	0.875	1	60	1
1258	0.875	0.875	1	60	1
1259	0.75	0.875	1	60	4
1260	0.875	0.875	1	60	1
1261	0.875	0.875	1	60	2
1262	0.875	0.875	1	60	1
1263	0.875	0.875	1	60	2
1264	0.875	0.875	1	60	5
1265	0.6875	0.875	1	60	2
1266	0.8125	0.875	1	60	1
1267	0.8125	0.875	1	60	3
1268	0.875	0.875	1	60	1
1269	0.875	0.875	1	60	1
1270	0.875	0.875	1	60	1
1271	0.8125	0.875	1	60	4
1272	0.75	0.875	1	60	2
1273	0.875	0.875	1	60	1
1274	0.8125	0.875	1	60	3
1275	0.875	0.875	1	60	1
1276	0.875	0.875	1	60	3
1277	0.875	0.875	1	60	3
1278	0.75	0.875	1	60	2
1279	0.75	0.875	1	60	3
1280	0.875	0.875	1	60	2
1281	0.875	0.875	1	60	2
1282	0.8125	0.875	1	60	2
1283	0.875	0.875	1	60	2
1284	0.5	0.875	1	60	3
1285	0.875	0.875	1	60	2
1286	0.875	0.875	1	60	1
1287	0.875	0.875	1	60	3
1288	0.875	0.875	1	60	3
1289	0.875	0.875	1	60	3
1290	0.875	0.875	1	60	1
1291	0.875	0.875	1	60	3
1292	0.875	0.875	1	60	3
1293	0.875	0.875	1	60	2
1294	0.875	0.875	1	60	2
1295	0.5	0.875	1	60	1
1296	0.875	0.875	1	60	1
1297	0.875	0.875	1	60	2
1298	0.875	0.875	1	60	4
1299	0.875	0.875	1	60	1
1300	0.875	0.875	1	60	2
1301	0.875	0.875	1	60	3
1302	0.875	0.875	1	60	3
1303	0.875	0.875	1	60	1
1304	0.875	0.875	1	60	1
1305	0.875	0.875	1	60	1
1306	0.875	0.875	1	60	1
1307	0.875	0.875	1	60	1
1308	0.5	0.875	1	60	4
1309	0.5	0.875	1	60	1
1310	0.875	0.875	1	60	2
1311	0.625	0.875	1	60	2
1312	0.5	0.875	1	60	1
1313	0.5	0.875	1	60	3
1314	0.5	0.875	1	60	4
1315	0.875	0.875	1	60	1
1316	0.875	0.875	1	60	1
1317	0.875	0.875	1	60	1
1318	0.875	0.875	1	60	5
1319	0.875	0.875	1	60	2
1320	0.75	0.875	1	60	3
1321	0.875	0.875	1	60	1
1322	0.625	0.875	1	60	5
1323	0.875	0.875	1	60	2
1324	0.875	0.875	1	60	1
1325	0.5625	0.875	1	60	2
1326	0.5	0.875	1	60	3
1327	0.875	0.875	1	60	1
1328	0.875	0.875	1	60	1
1329	0.875	0.875	1	60	2
1330	0.875	0.875	1	60	3
1331	0.75	0.875	1	60	3
1332	0.875	0.875	1	60	1
1333	0.875	0.875	1	60	3
1334	0.8125	0.875	1	60	4
1335	0.875	0.875	1	60	2
1336	0.875	0.875	1	60	2
1337	0.875	0.875	1	60	2
1338	0.875	0.875	1	60	1
1339	0.875	0.875	1	60	1
1340	0.875	0.875	1	60	1
1341	0.75	0.875	1	60	1
1342	0.875	0.875	1	60	3
1343	0.875	0.875	1	60	2
1344	0.875	0.875	1	60	4
1345	0.875	0.875	1	60	3
1346	0.875	0.875	1	60	2
1347	0.875	0.875	1	60	1
1348	0.75	0.875	1	60	2
1349	0.875	0.875	1	60	2
1350	0.875	0.875	1	60	2
1351	0.875	0.875	1	60	2
1352	0.5	0.875	1	60	2
1353	0.5	0.875	1	60	2
1354	0.875	0.875	1	60	2
1355	0.875	0.875	1	60	1
1356	0.625	0.875	1	60	2
1357	0.5625	0.875	1	60	4
1358	0.875	0.875	1	60	1
1359	0.875	0.875	1	60	2
1360	0.875	0.875	1	60	4
1361	0.875	0.875	1	60	2
1362	0.875	0.875	1	60	2
1363	0.75	0.875	1	60	2
1364	0.875	0.875	1	60	1
1365	0.875	0.875	1	60	1
1366	0.875	0.875	1	60	1
1367	0.25	0.875	1	60	3
1368	0.875	0.875	1	60	3
1369	0.875	0.875	1	60	1
1370	0.5	0.875	1	60	3
1371	0.875	0.875	1	60	2
1372	0.75	0.875	1	60	2
1373	0.875	0.875	1	60	3
1374	0.875	0.875	1	60	3
1375	0.875	0.875	1	60	3
1376	0.875	0.875	1	60	3
1377	0.8125	0.875	1	60	5
1378	0.875	0.875	1	60	1
1379	0.875	0.875	1	60	2
1380	0.5	0.875	1	60	3
1381	0.875	0.875	1	60	1
1382	0.875	0.875	1	60	1
1383	0.875	0.875	1	60	2
1384	0.875	0.875	1	60	1
1385	0.875	0.875	1	60	2
1386	0.875	0.875	1	60	1
1387	0.875	0.875	1	60	1
1388	0.5	0.875	1	60	3
1389	0.5	0.875	1	60	3
1390	0.875	0.875	1	60	2
1391	0.5	0.875	1	60	2
1392	0.5	0.875	1	60	2
1393	0.875	0.875	1	60	3
1394	0.875	0.875	1	60	1
1395	0.875	0.875	1	60	2
1396	0.5	0.875	1	60	1
1397	0.875	0.875	1	60	2
1398	0.875	0.875	1	60	3
1399	0.875	0.875	1	60	2
1400	0.75	0.875	1	60	5
1401	0.5	0.875	1	60	2
1402	0.875	0.875	1	60	2
1403	0.5	0.875	1	60	1
1404	0.875	0.875	1	60	1
1405	0.75	0.875	1	60	5
1406	0.875	0.875	1	60	2
1407	0.875	0.875	1	60	3
1408	0.875	0.875	1	60	2
1409	0.875	0.875	1	60	2
1410	0.875	0.875	1	60	2
1411	0.5625	0.875	1	60	2
1412	0.875	0.875	1	60	2
1413	0.5	0.875	1	60	3
1414	0.5625	0.875	1	60	1
1415	0.875	0.875	1	60	2
1416	0.8125	0.875	1	60	3
1417	0.875	0.875	1	60	2
1418	0.5	0.875	1	60	2
1419	0.3125	0.875	1	60	2
1420	0.875	0.875	1	60	3
1421	0.875	0.875	1	60	1
1422	0.875	0.875	1	60	1
1423	0.875	0.875	1	60	1
1424	0.875	0.875	1	60	1
1425	0.875	0.875	1	60	2
1426	0.5	0.875	1	60	3
1427	0.875	0.875	1	60	3
1428	0.875	0.875	1	60	2
1429	0.625	0.875	1	60	1
1430	0.8125	0.875	1	60	6
1431	0.8125	0.875	1	60	2
1432	0.5625	0.875	1	60	2
1433	0.875	0.875	1	60	3
1434	0.875	0.875	1	60	1
1435	0.875	0.875	1	60	4
1436	0.5	0.875	1	60	2
1437	0.875	0.875	1	60	1
1438	0.875	0.875	1	60	2
1439	0.875	0.875	1	60	3
1440	0.875	0.875	1	60	2
1441	0.875	0.875	1	60	1
1442	0.75	0.875	1	60	3
1443	0.875	0.875	1	60	4
1444	0.875	0.875	1	60	1
1445	0.875	0.875	1	60	2
1446	0.875	0.875	1	60	1
1447	0.875	0.875	1	60	2
1448	0.875	0.875	1	60	4
1449	0.875	0.875	1	60	2
1450	0.5625	0.875	1	60	1
1451	0.75	0.875	1	60	3
1452	0.875	0.875	1	60	4
1453	0.875	0.875	1	60	2
1454	0.875	0.875	1	60	2
1455	0.875	0.875	1	60	3
1456	0.875	0.875	1	60	4
1457	0.875	0.875	1	60	1
1458	0.5625	0.875	1	60	2
1459	0.5	0.875	1	60	2
1460	0.875	0.875	1	60	1
1461	0.875	0.875	1	60	1
1462	0.875	0.875	1	60	2
1463	0.875	0.875	1	60	1
1464	0.875	0.875	1	60	1
1465	0.625	0.875	1	60	2
1466	0.875	0.875	1	60	1
1467	0.875	0.875	1	60	1
1468	0.875	0.875	1	60	3
1469	0.875	0.875	1	60	1
1470	0.8125	0.875	1	60	4
1471	0.875	0.875	1	60	2
1472	0.875	0.875	1	60	2
1473	0.875	0.875	1	60	2
1474	0.3125	0.875	1	60	4
1475	0.875	0.875	1	60	2
1476	0.875	0.875	1	60	2
1477	0.5	0.875	1	60	2
1478	0.5	0.875	1	60	1
1479	0.875	0.875	1	60	3
1480	0.875	0.875	1	60	1
1481	0.5	0.875	1	60	1
1482	0.5	0.875	1	60	3
1483	0.875	0.875	1	60	1
1484	0.875	0.875	1	60	4
1485	0.8125	0.875	1	60	1
1486	0.875	0.875	1	60	2
1487	0.5625	0.875	1	60	2
1488	0.875	0.875	1	60	1
1489	0.875	0.875	1	60	1
1490	0.5	0.875	1	60	2
1491	0.6875	0.875	1	60	5
1492	0.875	0.875	1	60	1
1493	0.875	0.875	1	60	3
1494	0.875	0.875	1	60	1
1495	0.875	0.875	1	60	2
1496	0.875	0.875	1	60	3
1497	0.5	0.875	1	60	3
1498	0.5	0.875	1	60	5
1499	0.875	0.875	1	60	3
1500	0.875	0.875	1	60	4
1501	0.875	0.875	1	60	3
1502	0.875	0.875	1	60	2
1503	0.875	0.875	1	60	3
1504	0.875	0.875	1	60	2
1505	0.875	0.875	1	60	3
1506	0.5	0.875	1	60	4
1507	0.875	0.875	1	60	1
1508	0.875	0.875	1	60	2
1509	0.875	0.875	1	60	3
1510	0.5	0.875	1	60	3
1511	0.875	0.875	1	60	1
1512	0.875	0.875	1	60	1
1513	0.875	0.875	1	60	3
1514	0.875	0.875	1	60	1
1515	0.875	0.875	1	60	4
1516	0.75	0.875	1	60	3
1517	0.875	0.875	1	60	2
1518	0.875	0.875	1	60	1
1519	0.875	0.875	1	60	2
1520	0.875	0.875	1	60	3
1521	0.875	0.875	1	60	3
1522	0.875	0.875	1	60	1
1523	0.875	0.875	1	60	3
1524	0.875	0.875	1	60	5
1525	0.5	0.875	1	60	3
1526	0.875	0.875	1	60	2
1527	0.875	0.875	1	60	2
1528	0.875	0.875	1	60	2
1529	0.875	0.875	1	60	1
1530	0.8125	0.875	1	60	3
1531	0.875	0.875	1	60	1
1532	0.75	0.875	1	60	4
1533	0.625	0.875	1	60	3
1534	0.875	0.875	1	60	1
1535	0.875	0.875	1	60	2
1536	0.875	0.875	1	60	1
1537	0.875	0.875	1	60	2
1538	0.875	0.875	1	60	2
1539	0.875	0.875	1	60	3
1540	0.5	0.875	1	60	8
1541	0.625	0.875	1	60	3
1542	0.875	0.875	1	60	1
1543	0.625	0.875	1	60	4
1544	0.5	0.875	1	60	2
1545	0.875	0.875	1	60	2
1546	0.75	0.875	1	60	4
1547	0.5	0.875	1	60	1
1548	0.875	0.875	1	60	2
1549	0.6875	0.875	1	60	6
1550	0.5	0.875	1	60	4
1551	0.8125	0.875	1	60	1
1552	0.875	0.875	1	60	3
1553	0.875	0.875	1	60	1
1554	0.875	0.875	1	60	2
1555	0.625	0.875	1	60	2
1556	0.875	0.875	1	60	2
1557	0.75	0.875	1	60	1
1558	0.875	0.875	1	60	3
1559	0.875	0.875	1	60	1
1560	0.8125	0.875	1	60	2
1561	0.625	0.875	1	60	1
1562	0.875	0.875	1	60	3
1563	0.875	0.875	1	60	1
1564	0.875	0.875	1	60	2
1565	0.875	0.875	1	60	2
1566	0.8125	0.875	1	60	1
1567	0.875	0.875	1	60	2
1568	0.875	0.875	1	60	2
1569	0.875	0.875	1	60	1
1570	0.875	0.875	1	60	1
1571	0.875	0.875	1	60	2
1572	0.8125	0.875	1	60	3
1573	0.875	0.875	1	60	1
1574	0.875	0.875	1	60	1
1575	0.875	0.875	1	60	3
1576	0.875	0.875	1	60	1
1577	0.875	0.875	1	60	3
1578	0.9375	0.9375	1	60	4
1579	0.6875	0.9375	1	60	2
1580	0.6875	0.9375	1	60	2
1581	0.9375	0.9375	1	60	1
1582	0.4375	0.9375	1	60	2
1583	0.9375	0.9375	1	60	2
1584	0.9375	0.9375	1	60	1
1585	0.9375	0.9375	1	60	2
1586	0.75	0.9375	1	60	4
1587	0.9375	0.9375	1	60	1
1588	0.9375	0.9375	1	60	1
1589	0.9375	0.9375	1	60	1
1590	0.9375	0.9375	1	60	2
1591	0.5	0.9375	1	60	1
1592	0.9375	0.9375	1	60	1
1593	0.9375	0.9375	1	60	3
1594	0.9375	0.9375	1	60	2
1595	0.9375	0.9375	1	60	1
1596	0.9375	0.9375	1	60	2
1597	0.9375	0.9375	1	60	1
1598	0.75	0.9375	1	60	1
1599	0.9375	0.9375	1	60	2
1600	0.9375	0.9375	1	60	2
1601	0.9375	0.9375	1	60	3
1602	0.9375	0.9375	1	60	1
1603	0.5	0.9375	1	60	5
1604	0.9375	0.9375	1	60	3
1605	0.9375	0.9375	1	60	3
1606	0.75	0.9375	1	60	2
1607	0.9375	0.9375	1	60	1
1608	0.9375	0.9375	1	60	1
1609	0.6875	0.9375	1	60	1
1610	0.9375	0.9375	1	60	1
1611	0.75	0.9375	1	60	2
1612	0.625	0.9375	1	60	4
1613	0.9375	0.9375	1	60	3
1614	0.9375	0.9375	1	60	4
1615	0.9375	0.9375	1	60	1
1616	0.9375	0.9375	1	60	1
1617	0.9375	0.9375	1	60	1
1618	0.9375	0.9375	1	60	1
1619	1	1	1	60	2
## Seeds    : 1502474607, 9770
## Runtime  : 0h 0m 2s.
## Begins at: Sun Aug 30 11:23:27 2020
## Ends   at: Sun Aug 30 11:23:29 2020
