1	0.5	0.5	1	60	2
2	0.484375	0.5	1	60	3
3	0.5	0.5	1	60	1
4	0.5	0.5	1	60	1
5	0.5	0.5	1	60	2
6	0.5	0.5	1	60	1
7	0.5	0.5	1	60	2
8	0.5	0.5	1	60	2
9	0.5	0.5	1	60	2
10	0.5	0.5	1	60	2
11	0.5	0.5	1	60	5
12	0.5	0.5	1	60	3
13	0.5	0.5	1	60	4
14	0.5	0.5	1	60	3
15	0.5	0.5	1	60	1
16	0.5	0.5	1	60	2
17	0.5	0.5	1	60	2
18	0.5	0.5	1	60	1
19	0.5	0.5	1	60	1
20	0.5	0.5	1	60	1
21	0.5	0.5	1	60	2
22	0.5	0.5	1	60	5
23	0.5	0.5	1	60	5
24	0.5	0.5	1	60	1
25	0.5	0.5	1	60	3
26	0.5	0.5	1	60	3
27	0.5	0.5	1	60	3
28	0.5	0.5	1	60	1
29	0.5	0.5	1	60	1
30	0.5	0.5	1	60	2
31	0.5	0.5	1	60	4
32	0.5	0.5	1	60	1
33	0.5	0.5	1	60	1
34	0.5	0.5	1	60	1
35	0.5	0.5	1	60	4
36	0.5	0.5	1	60	1
37	0.5	0.5	1	60	2
38	0.5	0.5	1	60	4
39	0.5	0.5	1	60	2
40	0.5	0.5	1	60	1
41	0.5	0.5	1	60	1
42	0.5	0.5	1	60	1
43	0.5	0.5	1	60	2
44	0.5	0.5	1	60	3
45	0.5	0.5	1	60	2
46	0.5	0.5	1	60	1
47	0.5	0.5	1	60	2
48	0.5	0.5	1	60	3
49	0.5	0.5	1	60	1
50	0.5	0.5	1	60	3
51	0.5	0.5	1	60	3
52	0.5	0.5	1	60	4
53	0.5	0.5	1	60	2
54	0.5	0.5	1	60	4
55	0.5	0.5	1	60	1
56	0.5	0.5	1	60	1
57	0.5	0.5	1	60	1
58	0.5	0.5	1	60	2
59	0.5	0.5	1	60	1
60	0.5	0.5	1	60	1
61	0.5	0.5	1	60	2
62	0.5	0.5	1	60	3
63	0.5	0.5	1	60	2
64	0.5	0.5	1	60	1
65	0.5	0.5	1	60	2
66	0.5	0.5	1	60	1
67	0.5	0.5	1	60	2
68	0.5	0.5	1	60	2
69	0.5	0.5	1	60	2
70	0.5	0.5	1	60	2
71	0.5	0.5	1	60	2
72	0.5	0.5	1	60	1
73	0.5	0.5	1	60	3
74	0.5	0.5	1	60	2
75	0.5	0.5	1	60	1
76	0.5	0.5	1	60	2
77	0.5	0.5	1	60	4
78	0.5	0.5	1	60	1
79	0.5	0.5	1	60	2
80	0.5	0.5	1	60	2
81	0.5	0.5	1	60	2
82	0.5	0.5	1	60	4
83	0.5	0.5	1	60	2
84	0.5	0.5	1	60	2
85	0.5	0.5	1	60	2
86	0.5	0.5	1	60	7
87	0.5	0.5	1	60	2
88	0.5	0.5	1	60	1
89	0.5	0.5	1	60	1
90	0.5	0.5	1	60	5
91	0.5	0.5	1	60	6
92	0.5	0.5	1	60	4
93	0.5	0.5	1	60	2
94	0.5	0.5	1	60	1
95	0.5	0.5	1	60	1
96	0.5	0.5	1	60	1
97	0.5	0.5	1	60	1
98	0.5	0.5	1	60	1
99	0.5	0.5	1	60	2
100	0.5	0.5	1	60	2
101	0.5	0.5	1	60	4
102	0.5	0.5	1	60	1
103	0.5	0.5	1	60	3
104	0.5	0.5	1	60	1
105	0.5	0.5	1	60	1
106	0.5	0.5	1	60	1
107	0.5	0.5	1	60	2
108	0.5	0.5	1	60	1
109	0.5	0.5	1	60	1
110	0.5	0.5	1	60	2
111	0.5	0.5	1	60	3
112	0.5	0.5	1	60	2
113	0.5	0.5	1	60	1
114	0.5	0.5	1	60	2
115	0.5	0.5	1	60	5
116	0.5	0.5	1	60	1
117	0.5	0.5	1	60	3
118	0.5	0.5	1	60	3
119	0.5	0.5	1	60	2
120	0.5	0.5	1	60	3
121	0.5	0.5	1	60	1
122	0.5	0.5	1	60	1
123	0.5	0.5	1	60	2
124	0.5	0.5	1	60	2
125	0.5	0.5	1	60	3
126	0.5	0.5	1	60	1
127	0.5	0.5	1	60	1
128	0.5	0.5	1	60	3
129	0.5	0.5	1	60	2
130	0.5	0.5	1	60	4
131	0.484375	0.5	1	60	2
132	0.5	0.5	1	60	1
133	0.5	0.5	1	60	2
134	0.484375	0.5	1	60	3
135	0.5	0.5	1	60	1
136	0.515625	0.515625	1	60	1
137	0.515625	0.515625	1	60	7
138	0.515625	0.515625	1	60	4
139	0.515625	0.515625	1	60	2
140	0.515625	0.515625	1	60	2
141	0.515625	0.515625	1	60	5
142	0.515625	0.515625	1	60	5
143	0.5	0.515625	1	60	4
144	0.515625	0.515625	1	60	3
145	0.515625	0.515625	1	60	1
146	0.5	0.515625	1	60	1
147	0.515625	0.515625	1	60	3
148	0.515625	0.515625	1	60	4
149	0.5	0.515625	1	60	2
150	0.5	0.515625	1	60	2
151	0.515625	0.515625	1	60	3
152	0.515625	0.515625	1	60	3
153	0.5	0.515625	1	60	2
154	0.515625	0.515625	1	60	3
155	0.515625	0.515625	1	60	1
156	0.515625	0.515625	1	60	3
157	0.515625	0.515625	1	60	2
158	0.5	0.515625	1	60	5
159	0.515625	0.515625	1	60	1
160	0.515625	0.515625	1	60	4
161	0.515625	0.515625	1	60	2
162	0.515625	0.515625	1	60	1
163	0.515625	0.515625	1	60	4
164	0.515625	0.515625	1	60	2
165	0.515625	0.515625	1	60	3
166	0.515625	0.515625	1	60	3
167	0.5	0.515625	1	60	5
168	0.515625	0.515625	1	60	1
169	0.515625	0.515625	1	60	2
170	0.515625	0.515625	1	60	1
171	0.5	0.515625	1	60	3
172	0.515625	0.515625	1	60	4
173	0.515625	0.515625	1	60	3
174	0.515625	0.515625	1	60	1
175	0.515625	0.515625	1	60	2
176	0.515625	0.515625	1	60	2
177	0.515625	0.515625	1	60	3
178	0.515625	0.515625	1	60	2
179	0.515625	0.515625	1	60	3
180	0.515625	0.515625	1	60	1
181	0.515625	0.515625	1	60	3
182	0.515625	0.515625	1	60	2
183	0.515625	0.515625	1	60	3
184	0.515625	0.515625	1	60	1
185	0.515625	0.515625	1	60	3
186	0.515625	0.515625	1	60	2
187	0.515625	0.515625	1	60	2
188	0.515625	0.515625	1	60	1
189	0.515625	0.515625	1	60	1
190	0.515625	0.515625	1	60	1
191	0.5	0.515625	1	60	5
192	0.515625	0.515625	1	60	3
193	0.515625	0.515625	1	60	1
194	0.515625	0.515625	1	60	1
195	0.515625	0.515625	1	60	3
196	0.515625	0.515625	1	60	3
197	0.515625	0.515625	1	60	4
198	0.515625	0.515625	1	60	1
199	0.515625	0.515625	1	60	1
200	0.5	0.515625	1	60	3
201	0.515625	0.515625	1	60	1
202	0.515625	0.515625	1	60	5
203	0.515625	0.515625	1	60	6
204	0.515625	0.515625	1	60	2
205	0.515625	0.515625	1	60	2
206	0.515625	0.515625	1	60	2
207	0.515625	0.515625	1	60	1
208	0.5	0.515625	1	60	4
209	0.515625	0.515625	1	60	4
210	0.515625	0.515625	1	60	4
211	0.515625	0.515625	1	60	1
212	0.515625	0.515625	1	60	1
213	0.484375	0.515625	1	60	2
214	0.515625	0.515625	1	60	2
215	0.53125	0.53125	1	60	5
216	0.53125	0.53125	1	60	1
217	0.53125	0.53125	1	60	2
218	0.53125	0.53125	1	60	2
219	0.5625	0.5625	1	60	1
220	0.5625	0.5625	1	60	1
221	0.5625	0.5625	1	60	1
222	0.5625	0.5625	1	60	2
223	0.53125	0.5625	1	60	1
224	0.5625	0.5625	1	60	2
225	0.5	0.5625	1	60	2
226	0.5625	0.5625	1	60	3
227	0.5625	0.5625	1	60	2
228	0.5625	0.5625	1	60	4
229	0.5625	0.5625	1	60	3
230	0.5625	0.5625	1	60	5
231	0.5625	0.5625	1	60	3
232	0.5625	0.5625	1	60	1
233	0.5625	0.5625	1	60	5
234	0.5625	0.5625	1	60	1
235	0.5625	0.5625	1	60	1
236	0.5625	0.5625	1	60	3
237	0.5625	0.5625	1	60	1
238	0.5625	0.5625	1	60	1
239	0.5625	0.5625	1	60	2
240	0.5625	0.5625	1	60	3
241	0.5625	0.5625	1	60	1
242	0.5625	0.5625	1	60	1
243	0.5625	0.5625	1	60	1
244	0.5625	0.5625	1	60	2
245	0.5625	0.5625	1	60	2
246	0.5625	0.5625	1	60	2
247	0.5625	0.5625	1	60	2
248	0.53125	0.5625	1	60	5
249	0.5625	0.5625	1	60	2
250	0.5	0.5625	1	60	1
251	0.5625	0.5625	1	60	1
252	0.5625	0.5625	1	60	1
253	0.5625	0.5625	1	60	3
254	0.5	0.5625	1	60	4
255	0.5625	0.5625	1	60	2
256	0.5	0.5625	1	60	5
257	0.5625	0.5625	1	60	1
258	0.5625	0.5625	1	60	1
259	0.5625	0.5625	1	60	2
260	0.5625	0.5625	1	60	2
261	0.5625	0.5625	1	60	2
262	0.53125	0.5625	1	60	3
263	0.5625	0.5625	1	60	2
264	0.5625	0.5625	1	60	2
265	0.5625	0.5625	1	60	3
266	0.5	0.5625	1	60	3
267	0.5625	0.5625	1	60	3
268	0.5625	0.5625	1	60	4
269	0.5625	0.5625	1	60	1
270	0.5625	0.5625	1	60	1
271	0.5625	0.5625	1	60	2
272	0.5625	0.5625	1	60	1
273	0.5625	0.5625	1	60	3
274	0.5625	0.5625	1	60	1
275	0.5625	0.5625	1	60	2
276	0.5625	0.5625	1	60	1
277	0.5625	0.5625	1	60	4
278	0.5625	0.5625	1	60	4
279	0.5625	0.5625	1	60	4
280	0.5	0.5625	1	60	3
281	0.5625	0.5625	1	60	5
282	0.5625	0.5625	1	60	2
283	0.5625	0.5625	1	60	3
284	0.5625	0.5625	1	60	1
285	0.5625	0.5625	1	60	1
286	0.5625	0.5625	1	60	2
287	0.5625	0.5625	1	60	2
288	0.5625	0.5625	1	60	1
289	0.5625	0.5625	1	60	2
290	0.5625	0.5625	1	60	1
291	0.53125	0.5625	1	60	2
292	0.5625	0.5625	1	60	4
293	0.5625	0.5625	1	60	4
294	0.5625	0.5625	1	60	1
295	0.5625	0.5625	1	60	2
296	0.5625	0.5625	1	60	1
297	0.53125	0.5625	1	60	2
298	0.5625	0.5625	1	60	3
299	0.5625	0.5625	1	60	1
300	0.5625	0.5625	1	60	2
301	0.5625	0.5625	1	60	1
302	0.5625	0.5625	1	60	2
303	0.5625	0.5625	1	60	4
304	0.5625	0.5625	1	60	4
305	0.5625	0.5625	1	60	1
306	0.5625	0.5625	1	60	3
307	0.5625	0.5625	1	60	1
308	0.5625	0.5625	1	60	3
309	0.5625	0.5625	1	60	2
310	0.5625	0.5625	1	60	2
311	0.5625	0.5625	1	60	3
312	0.5625	0.5625	1	60	3
313	0.53125	0.5625	1	60	1
314	0.5625	0.5625	1	60	1
315	0.5625	0.5625	1	60	1
316	0.53125	0.5625	1	60	2
317	0.5625	0.5625	1	60	2
318	0.5625	0.5625	1	60	1
319	0.5625	0.5625	1	60	4
320	0.5625	0.5625	1	60	2
321	0.5625	0.5625	1	60	1
322	0.53125	0.5625	1	60	3
323	0.53125	0.5625	1	60	5
324	0.5625	0.5625	1	60	1
325	0.5625	0.5625	1	60	2
326	0.5625	0.5625	1	60	3
327	0.53125	0.5625	1	60	3
328	0.53125	0.5625	1	60	1
329	0.5625	0.5625	1	60	3
330	0.5625	0.5625	1	60	4
331	0.5625	0.5625	1	60	2
332	0.5625	0.5625	1	60	2
333	0.5	0.5625	1	60	2
334	0.5625	0.5625	1	60	1
335	0.53125	0.5625	1	60	5
336	0.5625	0.5625	1	60	1
337	0.53125	0.5625	1	60	2
338	0.5625	0.5625	1	60	3
339	0.5625	0.5625	1	60	1
340	0.5625	0.5625	1	60	2
341	0.5625	0.5625	1	60	2
342	0.5625	0.5625	1	60	3
343	0.5625	0.5625	1	60	1
344	0.5625	0.5625	1	60	1
345	0.5	0.5625	1	60	1
346	0.5625	0.5625	1	60	2
347	0.5625	0.5625	1	60	2
348	0.5625	0.5625	1	60	1
349	0.5625	0.5625	1	60	2
350	0.53125	0.5625	1	60	2
351	0.5625	0.5625	1	60	3
352	0.5625	0.5625	1	60	3
353	0.5625	0.5625	1	60	2
354	0.5625	0.5625	1	60	1
355	0.5625	0.5625	1	60	2
356	0.5625	0.5625	1	60	2
357	0.5625	0.5625	1	60	2
358	0.5625	0.5625	1	60	1
359	0.5625	0.5625	1	60	1
360	0.5625	0.5625	1	60	3
361	0.5625	0.5625	1	60	1
362	0.53125	0.5625	1	60	3
363	0.5625	0.5625	1	60	1
364	0.5625	0.5625	1	60	2
365	0.5625	0.5625	1	60	2
366	0.5625	0.5625	1	60	1
367	0.5625	0.5625	1	60	2
368	0.5625	0.5625	1	60	3
369	0.5625	0.5625	1	60	2
370	0.5625	0.5625	1	60	2
371	0.5625	0.5625	1	60	3
372	0.5625	0.5625	1	60	4
373	0.5625	0.5625	1	60	3
374	0.5625	0.5625	1	60	3
375	0.5625	0.5625	1	60	3
376	0.5625	0.5625	1	60	2
377	0.5625	0.5625	1	60	1
378	0.53125	0.5625	1	60	1
379	0.5625	0.5625	1	60	4
380	0.5625	0.5625	1	60	3
381	0.5625	0.5625	1	60	1
382	0.5	0.5625	1	60	1
383	0.53125	0.5625	1	60	2
384	0.5625	0.5625	1	60	2
385	0.5625	0.5625	1	60	1
386	0.5625	0.5625	1	60	1
387	0.5625	0.5625	1	60	1
388	0.5625	0.5625	1	60	4
389	0.5625	0.5625	1	60	1
390	0.5625	0.5625	1	60	2
391	0.5625	0.5625	1	60	3
392	0.5625	0.5625	1	60	2
393	0.5625	0.5625	1	60	4
394	0.5625	0.5625	1	60	2
395	0.5625	0.5625	1	60	2
396	0.5625	0.5625	1	60	2
397	0.5625	0.5625	1	60	2
398	0.5625	0.5625	1	60	3
399	0.5625	0.5625	1	60	2
400	0.546875	0.5625	1	60	2
401	0.5625	0.5625	1	60	1
402	0.5625	0.5625	1	60	3
403	0.5625	0.5625	1	60	2
404	0.5625	0.5625	1	60	2
405	0.5625	0.5625	1	60	1
406	0.5625	0.5625	1	60	2
407	0.5	0.5625	1	60	4
408	0.5625	0.5625	1	60	4
409	0.5625	0.5625	1	60	4
410	0.5625	0.5625	1	60	3
411	0.5625	0.5625	1	60	6
412	0.53125	0.5625	1	60	2
413	0.5625	0.5625	1	60	2
414	0.5625	0.5625	1	60	3
415	0.5625	0.5625	1	60	2
416	0.5625	0.5625	1	60	2
417	0.5625	0.5625	1	60	1
418	0.5625	0.5625	1	60	3
419	0.5625	0.5625	1	60	3
420	0.5625	0.5625	1	60	1
421	0.53125	0.5625	1	60	3
422	0.5	0.5625	1	60	1
423	0.53125	0.5625	1	60	2
424	0.5625	0.5625	1	60	3
425	0.5625	0.5625	1	60	3
426	0.5625	0.5625	1	60	3
427	0.5	0.5625	1	60	2
428	0.5625	0.5625	1	60	2
429	0.5625	0.5625	1	60	1
430	0.5625	0.5625	1	60	4
431	0.5625	0.5625	1	60	1
432	0.5625	0.5625	1	60	1
433	0.5625	0.5625	1	60	2
434	0.5625	0.5625	1	60	2
435	0.5625	0.5625	1	60	1
436	0.5625	0.5625	1	60	1
437	0.5	0.5625	1	60	3
438	0.5625	0.5625	1	60	3
439	0.5625	0.5625	1	60	2
440	0.5625	0.5625	1	60	1
441	0.5625	0.5625	1	60	3
442	0.5625	0.5625	1	60	2
443	0.5625	0.5625	1	60	1
444	0.5625	0.5625	1	60	2
445	0.5625	0.5625	1	60	4
446	0.5625	0.5625	1	60	2
447	0.5	0.5625	1	60	1
448	0.5625	0.5625	1	60	3
449	0.5625	0.5625	1	60	1
450	0.5625	0.5625	1	60	1
451	0.5625	0.5625	1	60	1
452	0.5625	0.5625	1	60	2
453	0.5625	0.5625	1	60	2
454	0.5625	0.5625	1	60	2
455	0.5625	0.5625	1	60	1
456	0.5625	0.5625	1	60	1
457	0.5625	0.5625	1	60	1
458	0.5625	0.5625	1	60	4
459	0.5625	0.5625	1	60	1
460	0.5625	0.5625	1	60	3
461	0.5625	0.5625	1	60	1
462	0.5625	0.5625	1	60	2
463	0.5625	0.5625	1	60	3
464	0.5625	0.5625	1	60	1
465	0.5625	0.5625	1	60	1
466	0.5625	0.5625	1	60	1
467	0.5625	0.5625	1	60	2
468	0.5625	0.5625	1	60	6
469	0.5625	0.5625	1	60	2
470	0.5625	0.5625	1	60	2
471	0.5625	0.5625	1	60	4
472	0.5625	0.5625	1	60	3
473	0.5625	0.5625	1	60	5
474	0.5625	0.5625	1	60	4
475	0.5625	0.5625	1	60	1
476	0.53125	0.5625	1	60	4
477	0.5625	0.5625	1	60	2
478	0.5625	0.5625	1	60	3
479	0.5625	0.5625	1	60	1
480	0.5	0.5625	1	60	2
481	0.5625	0.5625	1	60	1
482	0.5625	0.5625	1	60	2
483	0.5625	0.5625	1	60	4
484	0.5625	0.5625	1	60	5
485	0.5625	0.5625	1	60	2
486	0.5625	0.5625	1	60	1
487	0.5625	0.5625	1	60	1
488	0.5625	0.5625	1	60	2
489	0.5625	0.5625	1	60	3
490	0.53125	0.5625	1	60	3
491	0.5625	0.5625	1	60	3
492	0.5625	0.5625	1	60	3
493	0.5625	0.5625	1	60	2
494	0.5625	0.5625	1	60	2
495	0.53125	0.5625	1	60	5
496	0.5625	0.5625	1	60	4
497	0.5625	0.5625	1	60	4
498	0.5625	0.5625	1	60	3
499	0.5625	0.5625	1	60	2
500	0.5625	0.5625	1	60	1
501	0.5625	0.5625	1	60	1
502	0.5625	0.5625	1	60	2
503	0.5625	0.5625	1	60	1
504	0.53125	0.5625	1	60	2
505	0.5625	0.5625	1	60	1
506	0.5625	0.5625	1	60	3
507	0.5625	0.5625	1	60	3
508	0.5625	0.5625	1	60	1
509	0.5625	0.5625	1	60	1
510	0.5625	0.5625	1	60	4
511	0.5	0.5625	1	60	4
512	0.5625	0.5625	1	60	1
513	0.5625	0.5625	1	60	2
514	0.5625	0.5625	1	60	1
515	0.5625	0.5625	1	60	2
516	0.5625	0.5625	1	60	2
517	0.5625	0.5625	1	60	1
518	0.5625	0.5625	1	60	3
519	0.5625	0.5625	1	60	2
520	0.5625	0.5625	1	60	3
521	0.5625	0.5625	1	60	2
522	0.5625	0.5625	1	60	5
523	0.5625	0.5625	1	60	2
524	0.5625	0.5625	1	60	2
525	0.5625	0.5625	1	60	1
526	0.5625	0.5625	1	60	1
527	0.5625	0.5625	1	60	2
528	0.5625	0.5625	1	60	6
529	0.53125	0.5625	1	60	3
530	0.5625	0.5625	1	60	1
531	0.5625	0.5625	1	60	3
532	0.53125	0.5625	1	60	2
533	0.53125	0.5625	1	60	3
534	0.5625	0.5625	1	60	4
535	0.5625	0.5625	1	60	1
536	0.5	0.5625	1	60	1
537	0.5625	0.5625	1	60	5
538	0.5625	0.5625	1	60	2
539	0.5625	0.5625	1	60	2
540	0.5625	0.5625	1	60	1
541	0.5625	0.5625	1	60	1
542	0.5625	0.5625	1	60	4
543	0.5625	0.5625	1	60	1
544	0.5625	0.5625	1	60	1
545	0.5625	0.5625	1	60	1
546	0.5625	0.5625	1	60	4
547	0.5	0.5625	1	60	4
548	0.5625	0.5625	1	60	7
549	0.5625	0.5625	1	60	1
550	0.5	0.5625	1	60	3
551	0.53125	0.5625	1	60	2
552	0.5625	0.5625	1	60	7
553	0.5625	0.5625	1	60	2
554	0.5625	0.5625	1	60	1
555	0.5625	0.5625	1	60	2
556	0.5625	0.5625	1	60	1
557	0.5625	0.5625	1	60	1
558	0.5625	0.5625	1	60	3
559	0.53125	0.5625	1	60	2
560	0.53125	0.5625	1	60	3
561	0.5625	0.5625	1	60	1
562	0.5625	0.5625	1	60	1
563	0.5625	0.5625	1	60	2
564	0.5625	0.5625	1	60	1
565	0.5625	0.5625	1	60	1
566	0.5625	0.5625	1	60	1
567	0.5625	0.5625	1	60	2
568	0.5625	0.5625	1	60	2
569	0.5625	0.5625	1	60	1
570	0.5625	0.5625	1	60	3
571	0.5625	0.5625	1	60	1
572	0.5625	0.5625	1	60	2
573	0.5625	0.5625	1	60	1
574	0.5625	0.5625	1	60	2
575	0.5625	0.5625	1	60	3
576	0.5	0.5625	1	60	4
577	0.5625	0.5625	1	60	4
578	0.5625	0.5625	1	60	2
579	0.5625	0.5625	1	60	1
580	0.5625	0.5625	1	60	1
581	0.5625	0.5625	1	60	1
582	0.5625	0.5625	1	60	1
583	0.5625	0.5625	1	60	2
584	0.5625	0.5625	1	60	6
585	0.5625	0.5625	1	60	3
586	0.5625	0.5625	1	60	2
587	0.5625	0.5625	1	60	3
588	0.5625	0.5625	1	60	2
589	0.5	0.5625	1	60	2
590	0.5625	0.5625	1	60	5
591	0.5625	0.5625	1	60	1
592	0.5625	0.5625	1	60	1
593	0.5625	0.5625	1	60	5
594	0.5	0.5625	1	60	3
595	0.5625	0.5625	1	60	3
596	0.5625	0.5625	1	60	1
597	0.5625	0.5625	1	60	3
598	0.5625	0.5625	1	60	1
599	0.5	0.5625	1	60	3
600	0.53125	0.5625	1	60	2
601	0.5625	0.5625	1	60	2
602	0.5625	0.5625	1	60	2
603	0.5625	0.5625	1	60	4
604	0.5625	0.5625	1	60	4
605	0.5625	0.5625	1	60	1
606	0.5625	0.5625	1	60	1
607	0.53125	0.5625	1	60	2
608	0.5625	0.5625	1	60	2
609	0.5625	0.5625	1	60	2
610	0.5625	0.5625	1	60	2
611	0.5625	0.5625	1	60	3
612	0.5625	0.5625	1	60	2
613	0.5625	0.5625	1	60	1
614	0.5625	0.5625	1	60	2
615	0.5625	0.5625	1	60	2
616	0.5625	0.5625	1	60	1
617	0.53125	0.5625	1	60	4
618	0.5625	0.5625	1	60	2
619	0.5	0.5625	1	60	5
620	0.5625	0.5625	1	60	1
621	0.578125	0.578125	1	60	3
622	0.578125	0.578125	1	60	2
623	0.578125	0.578125	1	60	1
624	0.546875	0.578125	1	60	2
625	0.578125	0.578125	1	60	2
626	0.609375	0.609375	1	60	2
627	0.609375	0.609375	1	60	3
628	0.609375	0.609375	1	60	3
629	0.609375	0.609375	1	60	2
630	0.609375	0.609375	1	60	1
631	0.609375	0.609375	1	60	2
632	0.609375	0.609375	1	60	1
633	0.578125	0.609375	1	60	5
634	0.609375	0.609375	1	60	3
635	0.546875	0.609375	1	60	2
636	0.578125	0.609375	1	60	2
637	0.609375	0.609375	1	60	5
638	0.609375	0.609375	1	60	1
639	0.609375	0.609375	1	60	2
640	0.609375	0.609375	1	60	3
641	0.609375	0.609375	1	60	2
642	0.5625	0.609375	1	60	3
643	0.609375	0.609375	1	60	2
644	0.609375	0.609375	1	60	1
645	0.5625	0.609375	1	60	3
646	0.609375	0.609375	1	60	2
647	0.609375	0.609375	1	60	1
648	0.609375	0.609375	1	60	1
649	0.609375	0.609375	1	60	1
650	0.609375	0.609375	1	60	1
651	0.609375	0.609375	1	60	3
652	0.609375	0.609375	1	60	3
653	0.578125	0.609375	1	60	4
654	0.53125	0.609375	1	60	5
655	0.609375	0.609375	1	60	3
656	0.609375	0.609375	1	60	2
657	0.578125	0.609375	1	60	4
658	0.609375	0.609375	1	60	2
659	0.4375	0.609375	1	60	2
660	0.53125	0.609375	1	60	1
661	0.609375	0.609375	1	60	1
662	0.609375	0.609375	1	60	1
663	0.609375	0.609375	1	60	5
664	0.609375	0.609375	1	60	1
665	0.609375	0.609375	1	60	2
666	0.609375	0.609375	1	60	2
667	0.609375	0.609375	1	60	2
668	0.609375	0.609375	1	60	1
669	0.546875	0.609375	1	60	3
670	0.546875	0.609375	1	60	2
671	0.609375	0.609375	1	60	3
672	0.546875	0.609375	1	60	3
673	0.609375	0.609375	1	60	2
674	0.609375	0.609375	1	60	1
675	0.609375	0.609375	1	60	2
676	0.578125	0.609375	1	60	3
677	0.609375	0.609375	1	60	1
678	0.609375	0.609375	1	60	5
679	0.609375	0.609375	1	60	4
680	0.609375	0.609375	1	60	2
681	0.609375	0.609375	1	60	2
682	0.609375	0.609375	1	60	2
683	0.546875	0.609375	1	60	1
684	0.609375	0.609375	1	60	1
685	0.609375	0.609375	1	60	2
686	0.609375	0.609375	1	60	2
687	0.609375	0.609375	1	60	3
688	0.609375	0.609375	1	60	1
689	0.609375	0.609375	1	60	2
690	0.609375	0.609375	1	60	1
691	0.609375	0.609375	1	60	2
692	0.609375	0.609375	1	60	4
693	0.609375	0.609375	1	60	1
694	0.5625	0.609375	1	60	3
695	0.609375	0.609375	1	60	4
696	0.609375	0.609375	1	60	2
697	0.609375	0.609375	1	60	2
698	0.578125	0.609375	1	60	4
699	0.609375	0.609375	1	60	1
700	0.5	0.609375	1	60	4
701	0.515625	0.609375	1	60	2
702	0.609375	0.609375	1	60	3
703	0.546875	0.609375	1	60	3
704	0.609375	0.609375	1	60	1
705	0.609375	0.609375	1	60	5
706	0.609375	0.609375	1	60	1
707	0.609375	0.609375	1	60	2
708	0.5625	0.609375	1	60	3
709	0.609375	0.609375	1	60	4
710	0.609375	0.609375	1	60	2
711	0.609375	0.609375	1	60	3
712	0.609375	0.609375	1	60	2
713	0.546875	0.609375	1	60	4
714	0.609375	0.609375	1	60	2
715	0.5	0.609375	1	60	3
716	0.609375	0.609375	1	60	3
717	0.609375	0.609375	1	60	2
718	0.609375	0.609375	1	60	2
719	0.609375	0.609375	1	60	2
720	0.546875	0.609375	1	60	1
721	0.609375	0.609375	1	60	2
722	0.546875	0.609375	1	60	1
723	0.546875	0.609375	1	60	2
724	0.578125	0.609375	1	60	4
725	0.609375	0.609375	1	60	3
726	0.609375	0.609375	1	60	2
727	0.609375	0.609375	1	60	1
728	0.609375	0.609375	1	60	4
729	0.609375	0.609375	1	60	1
730	0.609375	0.609375	1	60	2
731	0.609375	0.609375	1	60	3
732	0.609375	0.609375	1	60	1
733	0.609375	0.609375	1	60	2
734	0.609375	0.609375	1	60	4
735	0.59375	0.609375	1	60	3
736	0.609375	0.609375	1	60	2
737	0.59375	0.609375	1	60	2
738	0.609375	0.609375	1	60	2
739	0.609375	0.609375	1	60	1
740	0.578125	0.609375	1	60	5
741	0.53125	0.609375	1	60	2
742	0.609375	0.609375	1	60	2
743	0.609375	0.609375	1	60	1
744	0.609375	0.609375	1	60	1
745	0.609375	0.609375	1	60	1
746	0.59375	0.609375	1	60	3
747	0.609375	0.609375	1	60	3
748	0.609375	0.609375	1	60	2
749	0.5625	0.609375	1	60	3
750	0.59375	0.609375	1	60	1
751	0.609375	0.609375	1	60	2
752	0.609375	0.609375	1	60	1
753	0.609375	0.609375	1	60	3
754	0.609375	0.609375	1	60	1
755	0.546875	0.609375	1	60	4
756	0.578125	0.609375	1	60	2
757	0.578125	0.609375	1	60	4
758	0.609375	0.609375	1	60	3
759	0.609375	0.609375	1	60	1
760	0.609375	0.609375	1	60	4
761	0.609375	0.609375	1	60	3
762	0.609375	0.609375	1	60	3
763	0.609375	0.609375	1	60	3
764	0.5625	0.609375	1	60	3
765	0.515625	0.609375	1	60	1
766	0.609375	0.609375	1	60	1
767	0.609375	0.609375	1	60	2
768	0.609375	0.609375	1	60	1
769	0.609375	0.609375	1	60	1
770	0.609375	0.609375	1	60	3
771	0.609375	0.609375	1	60	3
772	0.609375	0.609375	1	60	1
773	0.546875	0.609375	1	60	1
774	0.53125	0.609375	1	60	2
775	0.578125	0.609375	1	60	3
776	0.609375	0.609375	1	60	2
777	0.609375	0.609375	1	60	3
778	0.609375	0.609375	1	60	2
779	0.609375	0.609375	1	60	2
780	0.59375	0.609375	1	60	1
781	0.609375	0.609375	1	60	2
782	0.609375	0.609375	1	60	1
783	0.609375	0.609375	1	60	1
784	0.59375	0.609375	1	60	2
785	0.609375	0.609375	1	60	4
786	0.609375	0.609375	1	60	3
787	0.609375	0.609375	1	60	1
788	0.609375	0.609375	1	60	1
789	0.53125	0.609375	1	60	2
790	0.609375	0.609375	1	60	3
791	0.546875	0.609375	1	60	3
792	0.609375	0.609375	1	60	2
793	0.609375	0.609375	1	60	2
794	0.609375	0.609375	1	60	2
795	0.609375	0.609375	1	60	1
796	0.609375	0.609375	1	60	3
797	0.5625	0.609375	1	60	3
798	0.609375	0.609375	1	60	4
799	0.5	0.609375	1	60	2
800	0.5625	0.609375	1	60	3
801	0.609375	0.609375	1	60	3
802	0.609375	0.609375	1	60	3
803	0.5625	0.609375	1	60	2
804	0.609375	0.609375	1	60	5
805	0.609375	0.609375	1	60	1
806	0.609375	0.609375	1	60	2
807	0.609375	0.609375	1	60	3
808	0.609375	0.609375	1	60	2
809	0.609375	0.609375	1	60	2
810	0.609375	0.609375	1	60	1
811	0.609375	0.609375	1	60	2
812	0.609375	0.609375	1	60	4
813	0.578125	0.609375	1	60	2
814	0.609375	0.609375	1	60	6
815	0.609375	0.609375	1	60	1
816	0.609375	0.609375	1	60	1
817	0.5625	0.609375	1	60	4
818	0.609375	0.609375	1	60	1
819	0.609375	0.609375	1	60	1
820	0.609375	0.609375	1	60	1
821	0.609375	0.609375	1	60	4
822	0.421875	0.609375	1	60	3
823	0.609375	0.609375	1	60	1
824	0.609375	0.609375	1	60	6
825	0.484375	0.609375	1	60	2
826	0.609375	0.609375	1	60	1
827	0.609375	0.609375	1	60	3
828	0.609375	0.609375	1	60	1
829	0.578125	0.609375	1	60	2
830	0.609375	0.609375	1	60	1
831	0.5	0.609375	1	60	8
832	0.609375	0.609375	1	60	1
833	0.578125	0.609375	1	60	2
834	0.609375	0.609375	1	60	2
835	0.625	0.625	1	60	1
836	0.5625	0.625	1	60	2
837	0.609375	0.625	1	60	3
838	0.625	0.625	1	60	2
839	0.625	0.625	1	60	4
840	0.625	0.625	1	60	5
841	0.625	0.625	1	60	2
842	0.609375	0.625	1	60	3
843	0.546875	0.625	1	60	4
844	0.625	0.625	1	60	1
845	0.625	0.625	1	60	3
846	0.625	0.625	1	60	2
847	0.625	0.625	1	60	3
848	0.625	0.625	1	60	1
849	0.625	0.625	1	60	2
850	0.625	0.625	1	60	3
851	0.5625	0.625	1	60	1
852	0.546875	0.625	1	60	3
853	0.625	0.625	1	60	2
854	0.625	0.625	1	60	1
855	0.625	0.625	1	60	3
856	0.46875	0.625	1	60	1
857	0.625	0.625	1	60	1
858	0.5	0.625	1	60	3
859	0.625	0.625	1	60	2
860	0.59375	0.625	1	60	1
861	0.625	0.625	1	60	2
862	0.625	0.625	1	60	2
863	0.625	0.625	1	60	2
864	0.625	0.625	1	60	3
865	0.625	0.625	1	60	1
866	0.59375	0.625	1	60	2
867	0.625	0.625	1	60	5
868	0.625	0.625	1	60	2
869	0.625	0.625	1	60	2
870	0.625	0.625	1	60	2
871	0.59375	0.625	1	60	7
872	0.5625	0.625	1	60	2
873	0.5	0.625	1	60	3
874	0.625	0.625	1	60	2
875	0.625	0.625	1	60	2
876	0.53125	0.625	1	60	4
877	0.5625	0.625	1	60	3
878	0.59375	0.625	1	60	3
879	0.625	0.625	1	60	1
880	0.625	0.625	1	60	1
881	0.625	0.625	1	60	1
882	0.578125	0.625	1	60	1
883	0.59375	0.625	1	60	3
884	0.625	0.625	1	60	2
885	0.625	0.625	1	60	1
886	0.46875	0.625	1	60	5
887	0.625	0.625	1	60	4
888	0.625	0.625	1	60	2
889	0.625	0.625	1	60	2
890	0.625	0.625	1	60	1
891	0.625	0.625	1	60	2
892	0.625	0.625	1	60	2
893	0.625	0.625	1	60	2
894	0.625	0.625	1	60	4
895	0.625	0.625	1	60	1
896	0.625	0.625	1	60	1
897	0.578125	0.625	1	60	1
898	0.625	0.625	1	60	2
899	0.578125	0.625	1	60	4
900	0.625	0.625	1	60	1
901	0.59375	0.625	1	60	2
902	0.515625	0.625	1	60	2
903	0.59375	0.625	1	60	1
904	0.625	0.625	1	60	2
905	0.625	0.625	1	60	3
906	0.625	0.625	1	60	1
907	0.640625	0.640625	1	60	1
908	0.4375	0.640625	1	60	4
909	0.640625	0.640625	1	60	3
910	0.640625	0.640625	1	60	1
911	0.640625	0.640625	1	60	1
912	0.625	0.640625	1	60	6
913	0.640625	0.640625	1	60	1
914	0.578125	0.640625	1	60	2
915	0.609375	0.640625	1	60	2
916	0.640625	0.640625	1	60	2
917	0.640625	0.640625	1	60	1
918	0.59375	0.640625	1	60	3
919	0.640625	0.640625	1	60	2
920	0.640625	0.640625	1	60	2
921	0.640625	0.640625	1	60	3
922	0.640625	0.640625	1	60	2
923	0.640625	0.640625	1	60	2
924	0.640625	0.640625	1	60	3
925	0.640625	0.640625	1	60	2
926	0.640625	0.640625	1	60	2
927	0.640625	0.640625	1	60	1
928	0.640625	0.640625	1	60	1
929	0.53125	0.640625	1	60	3
930	0.59375	0.640625	1	60	2
931	0.5625	0.640625	1	60	3
932	0.546875	0.640625	1	60	2
933	0.640625	0.640625	1	60	3
934	0.640625	0.640625	1	60	1
935	0.640625	0.640625	1	60	1
936	0.640625	0.640625	1	60	1
937	0.640625	0.640625	1	60	1
938	0.640625	0.640625	1	60	4
939	0.640625	0.640625	1	60	2
940	0.640625	0.640625	1	60	4
941	0.640625	0.640625	1	60	3
942	0.609375	0.640625	1	60	1
943	0.578125	0.640625	1	60	5
944	0.640625	0.640625	1	60	3
945	0.640625	0.640625	1	60	3
946	0.578125	0.640625	1	60	1
947	0.640625	0.640625	1	60	3
948	0.640625	0.640625	1	60	1
949	0.640625	0.640625	1	60	1
950	0.640625	0.640625	1	60	4
951	0.640625	0.640625	1	60	3
952	0.640625	0.640625	1	60	1
953	0.5	0.640625	1	60	1
954	0.640625	0.640625	1	60	2
955	0.640625	0.640625	1	60	4
956	0.640625	0.640625	1	60	1
957	0.640625	0.640625	1	60	1
958	0.640625	0.640625	1	60	2
959	0.640625	0.640625	1	60	1
960	0.640625	0.640625	1	60	1
961	0.640625	0.640625	1	60	2
962	0.578125	0.640625	1	60	4
963	0.640625	0.640625	1	60	2
964	0.640625	0.640625	1	60	1
965	0.640625	0.640625	1	60	1
966	0.640625	0.640625	1	60	1
967	0.625	0.640625	1	60	1
968	0.53125	0.640625	1	60	3
969	0.609375	0.640625	1	60	3
970	0.625	0.640625	1	60	2
971	0.640625	0.640625	1	60	1
972	0.640625	0.640625	1	60	2
973	0.515625	0.640625	1	60	3
974	0.609375	0.640625	1	60	1
975	0.53125	0.640625	1	60	3
976	0.640625	0.640625	1	60	2
977	0.640625	0.640625	1	60	1
978	0.640625	0.640625	1	60	1
979	0.640625	0.640625	1	60	3
980	0.640625	0.640625	1	60	4
981	0.640625	0.640625	1	60	1
982	0.578125	0.640625	1	60	3
983	0.640625	0.640625	1	60	2
984	0.609375	0.640625	1	60	2
985	0.640625	0.640625	1	60	1
986	0.640625	0.640625	1	60	3
987	0.640625	0.640625	1	60	1
988	0.640625	0.640625	1	60	3
989	0.640625	0.640625	1	60	2
990	0.640625	0.640625	1	60	3
991	0.640625	0.640625	1	60	1
992	0.640625	0.640625	1	60	1
993	0.640625	0.640625	1	60	1
994	0.5625	0.640625	1	60	1
995	0.640625	0.640625	1	60	1
996	0.640625	0.640625	1	60	2
997	0.546875	0.640625	1	60	3
998	0.5625	0.640625	1	60	2
999	0.640625	0.640625	1	60	1
1000	0.578125	0.640625	1	60	1
1001	0.640625	0.640625	1	60	2
1002	0.578125	0.640625	1	60	5
1003	0.578125	0.640625	1	60	3
1004	0.640625	0.640625	1	60	2
1005	0.640625	0.640625	1	60	3
1006	0.640625	0.640625	1	60	3
1007	0.640625	0.640625	1	60	2
1008	0.546875	0.640625	1	60	2
1009	0.578125	0.640625	1	60	3
1010	0.640625	0.640625	1	60	5
1011	0.609375	0.640625	1	60	4
1012	0.640625	0.640625	1	60	3
1013	0.640625	0.640625	1	60	1
1014	0.4375	0.640625	1	60	1
1015	0.5	0.640625	1	60	2
1016	0.578125	0.640625	1	60	1
1017	0.640625	0.640625	1	60	2
1018	0.640625	0.640625	1	60	1
1019	0.640625	0.640625	1	60	1
1020	0.53125	0.640625	1	60	1
1021	0.640625	0.640625	1	60	1
1022	0.640625	0.640625	1	60	4
1023	0.640625	0.640625	1	60	2
1024	0.640625	0.640625	1	60	1
1025	0.640625	0.640625	1	60	3
1026	0.578125	0.640625	1	60	4
1027	0.578125	0.640625	1	60	2
1028	0.640625	0.640625	1	60	1
1029	0.578125	0.640625	1	60	4
1030	0.640625	0.640625	1	60	1
1031	0.53125	0.640625	1	60	3
1032	0.578125	0.640625	1	60	3
1033	0.640625	0.640625	1	60	2
1034	0.546875	0.640625	1	60	1
1035	0.640625	0.640625	1	60	3
1036	0.59375	0.640625	1	60	2
1037	0.640625	0.640625	1	60	2
1038	0.5625	0.640625	1	60	2
1039	0.640625	0.640625	1	60	2
1040	0.640625	0.640625	1	60	4
1041	0.640625	0.640625	1	60	2
1042	0.640625	0.640625	1	60	3
1043	0.640625	0.640625	1	60	1
1044	0.640625	0.640625	1	60	3
1045	0.640625	0.640625	1	60	2
1046	0.640625	0.640625	1	60	1
1047	0.640625	0.640625	1	60	1
1048	0.578125	0.640625	1	60	5
1049	0.640625	0.640625	1	60	2
1050	0.640625	0.640625	1	60	2
1051	0.640625	0.640625	1	60	2
1052	0.640625	0.640625	1	60	2
1053	0.53125	0.640625	1	60	3
1054	0.5625	0.640625	1	60	6
1055	0.515625	0.640625	1	60	4
1056	0.640625	0.640625	1	60	1
1057	0.640625	0.640625	1	60	1
1058	0.578125	0.640625	1	60	1
1059	0.640625	0.640625	1	60	2
1060	0.640625	0.640625	1	60	3
1061	0.640625	0.640625	1	60	2
1062	0.5625	0.640625	1	60	3
1063	0.640625	0.640625	1	60	1
1064	0.578125	0.640625	1	60	1
1065	0.59375	0.640625	1	60	1
1066	0.640625	0.640625	1	60	1
1067	0.609375	0.640625	1	60	2
1068	0.640625	0.640625	1	60	1
1069	0.625	0.640625	1	60	2
1070	0.5625	0.640625	1	60	5
1071	0.671875	0.671875	1	60	3
1072	0.671875	0.671875	1	60	1
1073	0.609375	0.671875	1	60	3
1074	0.671875	0.671875	1	60	1
1075	0.671875	0.671875	1	60	2
1076	0.671875	0.671875	1	60	1
1077	0.671875	0.671875	1	60	1
1078	0.671875	0.671875	1	60	2
1079	0.671875	0.671875	1	60	2
1080	0.671875	0.671875	1	60	1
1081	0.5625	0.671875	1	60	3
1082	0.640625	0.671875	1	60	4
1083	0.578125	0.671875	1	60	5
1084	0.65625	0.671875	1	60	3
1085	0.671875	0.671875	1	60	4
1086	0.5625	0.671875	1	60	1
1087	0.671875	0.671875	1	60	3
1088	0.671875	0.671875	1	60	2
1089	0.671875	0.671875	1	60	1
1090	0.671875	0.671875	1	60	2
1091	0.671875	0.671875	1	60	2
1092	0.609375	0.671875	1	60	2
1093	0.671875	0.671875	1	60	2
1094	0.671875	0.671875	1	60	3
1095	0.609375	0.671875	1	60	3
1096	0.609375	0.671875	1	60	1
1097	0.671875	0.671875	1	60	3
1098	0.671875	0.671875	1	60	1
1099	0.671875	0.671875	1	60	2
1100	0.671875	0.671875	1	60	4
1101	0.671875	0.671875	1	60	1
1102	0.578125	0.671875	1	60	4
1103	0.640625	0.671875	1	60	1
1104	0.671875	0.671875	1	60	1
1105	0.671875	0.671875	1	60	5
1106	0.5625	0.671875	1	60	3
1107	0.640625	0.671875	1	60	5
1108	0.59375	0.671875	1	60	3
1109	0.609375	0.671875	1	60	3
1110	0.671875	0.671875	1	60	4
1111	0.671875	0.671875	1	60	1
1112	0.671875	0.671875	1	60	1
1113	0.671875	0.671875	1	60	2
1114	0.671875	0.671875	1	60	2
1115	0.65625	0.671875	1	60	6
1116	0.671875	0.671875	1	60	1
1117	0.671875	0.671875	1	60	2
1118	0.578125	0.671875	1	60	4
1119	0.609375	0.671875	1	60	3
1120	0.671875	0.671875	1	60	4
1121	0.671875	0.671875	1	60	1
1122	0.609375	0.671875	1	60	5
1123	0.671875	0.671875	1	60	2
1124	0.640625	0.671875	1	60	1
1125	0.671875	0.671875	1	60	1
1126	0.671875	0.671875	1	60	2
1127	0.671875	0.671875	1	60	3
1128	0.671875	0.671875	1	60	1
1129	0.671875	0.671875	1	60	1
1130	0.671875	0.671875	1	60	1
1131	0.671875	0.671875	1	60	1
1132	0.671875	0.671875	1	60	2
1133	0.578125	0.671875	1	60	3
1134	0.609375	0.671875	1	60	2
1135	0.671875	0.671875	1	60	2
1136	0.671875	0.671875	1	60	2
1137	0.671875	0.671875	1	60	4
1138	0.671875	0.671875	1	60	3
1139	0.671875	0.671875	1	60	3
1140	0.671875	0.671875	1	60	1
1141	0.671875	0.671875	1	60	3
1142	0.671875	0.671875	1	60	2
1143	0.671875	0.671875	1	60	1
1144	0.671875	0.671875	1	60	2
1145	0.671875	0.671875	1	60	1
1146	0.671875	0.671875	1	60	1
1147	0.671875	0.671875	1	60	2
1148	0.671875	0.671875	1	60	3
1149	0.53125	0.671875	1	60	3
1150	0.515625	0.671875	1	60	4
1151	0.671875	0.671875	1	60	1
1152	0.671875	0.671875	1	60	2
1153	0.515625	0.671875	1	60	1
1154	0.671875	0.671875	1	60	5
1155	0.671875	0.671875	1	60	1
1156	0.671875	0.671875	1	60	1
1157	0.671875	0.671875	1	60	2
1158	0.609375	0.671875	1	60	3
1159	0.671875	0.671875	1	60	2
1160	0.671875	0.671875	1	60	4
1161	0.671875	0.671875	1	60	4
1162	0.671875	0.671875	1	60	2
1163	0.671875	0.671875	1	60	1
1164	0.671875	0.671875	1	60	2
1165	0.671875	0.671875	1	60	1
1166	0.546875	0.671875	1	60	3
1167	0.65625	0.671875	1	60	1
1168	0.4375	0.671875	1	60	6
1169	0.671875	0.671875	1	60	4
1170	0.671875	0.671875	1	60	1
1171	0.671875	0.671875	1	60	3
1172	0.46875	0.671875	1	60	3
1173	0.46875	0.671875	1	60	5
1174	0.671875	0.671875	1	60	1
1175	0.671875	0.671875	1	60	2
1176	0.671875	0.671875	1	60	1
1177	0.671875	0.671875	1	60	2
1178	0.59375	0.671875	1	60	2
1179	0.671875	0.671875	1	60	2
1180	0.671875	0.671875	1	60	1
1181	0.609375	0.671875	1	60	4
1182	0.671875	0.671875	1	60	1
1183	0.5	0.671875	1	60	7
1184	0.609375	0.671875	1	60	3
1185	0.671875	0.671875	1	60	2
1186	0.578125	0.671875	1	60	4
1187	0.671875	0.671875	1	60	3
1188	0.484375	0.671875	1	60	2
1189	0.671875	0.671875	1	60	3
1190	0.53125	0.671875	1	60	1
1191	0.671875	0.671875	1	60	1
1192	0.671875	0.671875	1	60	2
1193	0.671875	0.671875	1	60	2
1194	0.53125	0.671875	1	60	4
1195	0.609375	0.671875	1	60	4
1196	0.671875	0.671875	1	60	3
1197	0.671875	0.671875	1	60	1
1198	0.671875	0.671875	1	60	2
1199	0.671875	0.671875	1	60	2
1200	0.609375	0.671875	1	60	2
1201	0.5	0.671875	1	60	3
1202	0.671875	0.671875	1	60	2
1203	0.5	0.671875	1	60	3
1204	0.5	0.671875	1	60	3
1205	0.59375	0.671875	1	60	3
1206	0.546875	0.671875	1	60	2
1207	0.671875	0.671875	1	60	3
1208	0.671875	0.671875	1	60	1
1209	0.671875	0.671875	1	60	1
1210	0.5	0.671875	1	60	3
1211	0.5	0.671875	1	60	2
1212	0.671875	0.671875	1	60	1
1213	0.515625	0.671875	1	60	1
1214	0.671875	0.671875	1	60	1
1215	0.59375	0.671875	1	60	5
1216	0.515625	0.671875	1	60	3
1217	0.609375	0.671875	1	60	1
1218	0.671875	0.671875	1	60	1
1219	0.671875	0.671875	1	60	2
1220	0.671875	0.671875	1	60	2
1221	0.671875	0.671875	1	60	1
1222	0.609375	0.671875	1	60	3
1223	0.671875	0.671875	1	60	1
1224	0.59375	0.671875	1	60	4
1225	0.671875	0.671875	1	60	2
1226	0.671875	0.671875	1	60	1
1227	0.703125	0.703125	1	60	2
1228	0.703125	0.703125	1	60	3
1229	0.578125	0.703125	1	60	4
1230	0.703125	0.703125	1	60	2
1231	0.703125	0.703125	1	60	4
1232	0.703125	0.703125	1	60	3
1233	0.703125	0.703125	1	60	2
1234	0.703125	0.703125	1	60	1
1235	0.5	0.703125	1	60	4
1236	0.703125	0.703125	1	60	2
1237	0.640625	0.703125	1	60	3
1238	0.703125	0.703125	1	60	2
1239	0.625	0.703125	1	60	3
1240	0.703125	0.703125	1	60	3
1241	0.703125	0.703125	1	60	2
1242	0.703125	0.703125	1	60	2
1243	0.625	0.703125	1	60	3
1244	0.703125	0.703125	1	60	1
1245	0.703125	0.703125	1	60	1
1246	0.515625	0.703125	1	60	7
1247	0.5	0.703125	1	60	4
1248	0.703125	0.703125	1	60	1
1249	0.6875	0.703125	1	60	2
1250	0.703125	0.703125	1	60	2
1251	0.6875	0.703125	1	60	2
1252	0.6875	0.703125	1	60	1
1253	0.703125	0.703125	1	60	3
1254	0.65625	0.703125	1	60	4
1255	0.5	0.703125	1	60	1
1256	0.703125	0.703125	1	60	2
1257	0.578125	0.703125	1	60	1
1258	0.703125	0.703125	1	60	1
1259	0.703125	0.703125	1	60	2
1260	0.65625	0.703125	1	60	4
1261	0.5	0.703125	1	60	4
1262	0.703125	0.703125	1	60	2
1263	0.703125	0.703125	1	60	2
1264	0.703125	0.703125	1	60	1
1265	0.703125	0.703125	1	60	3
1266	0.46875	0.703125	1	60	2
1267	0.703125	0.703125	1	60	1
1268	0.703125	0.703125	1	60	2
1269	0.546875	0.703125	1	60	4
1270	0.484375	0.703125	1	60	3
1271	0.703125	0.703125	1	60	1
1272	0.703125	0.703125	1	60	3
1273	0.6875	0.703125	1	60	1
1274	0.5	0.703125	1	60	3
1275	0.71875	0.71875	1	60	4
1276	0.65625	0.71875	1	60	1
1277	0.71875	0.71875	1	60	3
1278	0.6875	0.71875	1	60	4
1279	0.71875	0.71875	1	60	3
1280	0.71875	0.71875	1	60	1
1281	0.71875	0.71875	1	60	2
1282	0.59375	0.71875	1	60	4
1283	0.71875	0.71875	1	60	2
1284	0.6875	0.71875	1	60	3
1285	0.59375	0.71875	1	60	2
1286	0.71875	0.71875	1	60	2
1287	0.71875	0.71875	1	60	1
1288	0.71875	0.71875	1	60	5
1289	0.71875	0.71875	1	60	1
1290	0.71875	0.71875	1	60	1
1291	0.71875	0.71875	1	60	3
1292	0.71875	0.71875	1	60	1
1293	0.71875	0.71875	1	60	3
1294	0.65625	0.71875	1	60	3
1295	0.71875	0.71875	1	60	4
1296	0.640625	0.71875	1	60	3
1297	0.71875	0.71875	1	60	2
1298	0.71875	0.71875	1	60	4
1299	0.71875	0.71875	1	60	3
1300	0.71875	0.71875	1	60	5
1301	0.71875	0.71875	1	60	1
1302	0.71875	0.71875	1	60	3
1303	0.71875	0.71875	1	60	1
1304	0.71875	0.71875	1	60	1
1305	0.6875	0.71875	1	60	3
1306	0.71875	0.71875	1	60	3
1307	0.6875	0.71875	1	60	2
1308	0.59375	0.71875	1	60	4
1309	0.71875	0.71875	1	60	3
1310	0.71875	0.71875	1	60	1
1311	0.71875	0.71875	1	60	1
1312	0.71875	0.71875	1	60	3
1313	0.65625	0.71875	1	60	3
1314	0.71875	0.71875	1	60	2
1315	0.71875	0.71875	1	60	1
1316	0.59375	0.71875	1	60	4
1317	0.71875	0.71875	1	60	2
1318	0.71875	0.71875	1	60	2
1319	0.71875	0.71875	1	60	1
1320	0.71875	0.71875	1	60	1
1321	0.71875	0.71875	1	60	4
1322	0.71875	0.71875	1	60	1
1323	0.625	0.71875	1	60	3
1324	0.671875	0.71875	1	60	2
1325	0.71875	0.71875	1	60	2
1326	0.53125	0.71875	1	60	7
1327	0.71875	0.71875	1	60	1
1328	0.65625	0.71875	1	60	2
1329	0.71875	0.71875	1	60	2
1330	0.71875	0.71875	1	60	2
1331	0.71875	0.71875	1	60	6
1332	0.71875	0.71875	1	60	3
1333	0.65625	0.71875	1	60	2
1334	0.71875	0.71875	1	60	1
1335	0.71875	0.71875	1	60	2
1336	0.71875	0.71875	1	60	3
1337	0.59375	0.71875	1	60	2
1338	0.65625	0.71875	1	60	3
1339	0.6875	0.71875	1	60	1
1340	0.71875	0.71875	1	60	3
1341	0.65625	0.71875	1	60	3
1342	0.71875	0.71875	1	60	1
1343	0.71875	0.71875	1	60	3
1344	0.71875	0.71875	1	60	1
1345	0.71875	0.71875	1	60	2
1346	0.59375	0.71875	1	60	3
1347	0.71875	0.71875	1	60	3
1348	0.65625	0.71875	1	60	2
1349	0.71875	0.71875	1	60	1
1350	0.71875	0.71875	1	60	2
1351	0.71875	0.71875	1	60	2
1352	0.71875	0.71875	1	60	1
1353	0.65625	0.71875	1	60	2
1354	0.71875	0.71875	1	60	3
1355	0.71875	0.71875	1	60	3
1356	0.71875	0.71875	1	60	1
1357	0.65625	0.71875	1	60	4
1358	0.71875	0.71875	1	60	1
1359	0.71875	0.71875	1	60	2
1360	0.71875	0.71875	1	60	2
1361	0.71875	0.71875	1	60	3
1362	0.71875	0.71875	1	60	2
1363	0.71875	0.71875	1	60	2
1364	0.71875	0.71875	1	60	1
1365	0.71875	0.71875	1	60	1
1366	0.71875	0.71875	1	60	4
1367	0.71875	0.71875	1	60	1
1368	0.59375	0.71875	1	60	2
1369	0.71875	0.71875	1	60	2
1370	0.625	0.71875	1	60	2
1371	0.71875	0.71875	1	60	1
1372	0.65625	0.71875	1	60	1
1373	0.71875	0.71875	1	60	1
1374	0.65625	0.71875	1	60	2
1375	0.625	0.71875	1	60	3
1376	0.71875	0.71875	1	60	1
1377	0.71875	0.71875	1	60	3
1378	0.71875	0.71875	1	60	3
1379	0.6875	0.71875	1	60	2
1380	0.71875	0.71875	1	60	2
1381	0.71875	0.71875	1	60	1
1382	0.71875	0.71875	1	60	2
1383	0.5	0.71875	1	60	2
1384	0.71875	0.71875	1	60	1
1385	0.65625	0.71875	1	60	3
1386	0.6875	0.71875	1	60	2
1387	0.71875	0.71875	1	60	2
1388	0.71875	0.71875	1	60	3
1389	0.59375	0.71875	1	60	2
1390	0.71875	0.71875	1	60	3
1391	0.625	0.71875	1	60	2
1392	0.71875	0.71875	1	60	4
1393	0.71875	0.71875	1	60	2
1394	0.71875	0.71875	1	60	1
1395	0.71875	0.71875	1	60	2
1396	0.65625	0.71875	1	60	7
1397	0.53125	0.71875	1	60	8
1398	0.71875	0.71875	1	60	3
1399	0.71875	0.71875	1	60	1
1400	0.46875	0.71875	1	60	2
1401	0.65625	0.71875	1	60	3
1402	0.71875	0.71875	1	60	1
1403	0.578125	0.71875	1	60	4
1404	0.71875	0.71875	1	60	1
1405	0.71875	0.71875	1	60	1
1406	0.71875	0.71875	1	60	2
1407	0.65625	0.71875	1	60	1
1408	0.46875	0.71875	1	60	3
1409	0.65625	0.71875	1	60	3
1410	0.609375	0.71875	1	60	5
1411	0.71875	0.71875	1	60	2
1412	0.71875	0.71875	1	60	1
1413	0.71875	0.71875	1	60	1
1414	0.609375	0.71875	1	60	3
1415	0.71875	0.71875	1	60	3
1416	0.71875	0.71875	1	60	5
1417	0.671875	0.71875	1	60	3
1418	0.71875	0.71875	1	60	2
1419	0.59375	0.71875	1	60	1
1420	0.609375	0.71875	1	60	4
1421	0.53125	0.71875	1	60	3
1422	0.71875	0.71875	1	60	2
1423	0.65625	0.71875	1	60	4
1424	0.5	0.71875	1	60	5
1425	0.625	0.71875	1	60	5
1426	0.71875	0.71875	1	60	2
1427	0.71875	0.71875	1	60	1
1428	0.71875	0.71875	1	60	3
1429	0.640625	0.71875	1	60	5
1430	0.71875	0.71875	1	60	1
1431	0.71875	0.71875	1	60	1
1432	0.71875	0.71875	1	60	2
1433	0.71875	0.71875	1	60	1
1434	0.53125	0.71875	1	60	3
1435	0.71875	0.71875	1	60	3
1436	0.65625	0.71875	1	60	3
1437	0.6875	0.71875	1	60	3
1438	0.625	0.71875	1	60	2
1439	0.71875	0.71875	1	60	6
1440	0.71875	0.71875	1	60	1
1441	0.6875	0.71875	1	60	3
1442	0.5	0.71875	1	60	3
1443	0.65625	0.71875	1	60	1
1444	0.71875	0.71875	1	60	2
1445	0.71875	0.71875	1	60	2
1446	0.71875	0.71875	1	60	2
1447	0.71875	0.71875	1	60	1
1448	0.71875	0.71875	1	60	1
1449	0.71875	0.71875	1	60	1
1450	0.71875	0.71875	1	60	4
1451	0.65625	0.71875	1	60	2
1452	0.71875	0.71875	1	60	3
1453	0.71875	0.71875	1	60	3
1454	0.71875	0.71875	1	60	1
1455	0.71875	0.71875	1	60	4
1456	0.71875	0.71875	1	60	1
1457	0.71875	0.71875	1	60	1
1458	0.578125	0.71875	1	60	7
1459	0.6875	0.71875	1	60	4
1460	0.71875	0.71875	1	60	2
1461	0.71875	0.71875	1	60	1
1462	0.71875	0.71875	1	60	2
1463	0.71875	0.71875	1	60	2
1464	0.71875	0.71875	1	60	1
1465	0.71875	0.71875	1	60	2
1466	0.625	0.71875	1	60	3
1467	0.71875	0.71875	1	60	1
1468	0.65625	0.71875	1	60	2
1469	0.59375	0.71875	1	60	8
1470	0.65625	0.71875	1	60	3
1471	0.5625	0.71875	1	60	1
1472	0.71875	0.71875	1	60	2
1473	0.59375	0.71875	1	60	2
1474	0.65625	0.71875	1	60	4
1475	0.71875	0.71875	1	60	4
1476	0.71875	0.71875	1	60	1
1477	0.640625	0.71875	1	60	5
1478	0.65625	0.71875	1	60	2
1479	0.71875	0.71875	1	60	4
1480	0.71875	0.71875	1	60	1
1481	0.71875	0.71875	1	60	1
1482	0.71875	0.71875	1	60	3
1483	0.65625	0.71875	1	60	4
1484	0.65625	0.71875	1	60	3
1485	0.6875	0.71875	1	60	4
1486	0.71875	0.71875	1	60	2
1487	0.71875	0.71875	1	60	1
1488	0.71875	0.71875	1	60	1
1489	0.75	0.75	1	60	1
1490	0.75	0.75	1	60	1
1491	0.6875	0.75	1	60	5
1492	0.75	0.75	1	60	2
1493	0.6875	0.75	1	60	3
1494	0.6875	0.75	1	60	3
1495	0.75	0.75	1	60	1
1496	0.75	0.75	1	60	3
1497	0.75	0.75	1	60	1
1498	0.625	0.75	1	60	3
1499	0.75	0.75	1	60	2
1500	0.5625	0.75	1	60	4
1501	0.75	0.75	1	60	2
1502	0.75	0.75	1	60	1
1503	0.75	0.75	1	60	2
1504	0.75	0.75	1	60	3
1505	0.625	0.75	1	60	3
1506	0.6875	0.75	1	60	2
1507	0.75	0.75	1	60	1
1508	0.75	0.75	1	60	1
1509	0.75	0.75	1	60	3
1510	0.75	0.75	1	60	3
1511	0.625	0.75	1	60	1
1512	0.6875	0.75	1	60	2
1513	0.75	0.75	1	60	1
1514	0.75	0.75	1	60	2
1515	0.75	0.75	1	60	3
1516	0.75	0.75	1	60	2
1517	0.6875	0.75	1	60	5
1518	0.75	0.75	1	60	2
1519	0.75	0.75	1	60	3
1520	0.5	0.75	1	60	5
1521	0.75	0.75	1	60	3
1522	0.75	0.75	1	60	4
1523	0.6875	0.75	1	60	4
1524	0.6875	0.75	1	60	1
1525	0.75	0.75	1	60	3
1526	0.75	0.75	1	60	2
1527	0.75	0.75	1	60	3
1528	0.75	0.75	1	60	1
1529	0.75	0.75	1	60	3
1530	0.75	0.75	1	60	2
1531	0.75	0.75	1	60	2
1532	0.6875	0.75	1	60	4
1533	0.75	0.75	1	60	2
1534	0.75	0.75	1	60	3
1535	0.625	0.75	1	60	1
1536	0.75	0.75	1	60	4
1537	0.6875	0.75	1	60	2
1538	0.75	0.75	1	60	2
1539	0.625	0.75	1	60	2
1540	0.75	0.75	1	60	1
1541	0.5625	0.75	1	60	2
1542	0.75	0.75	1	60	1
1543	0.625	0.75	1	60	2
1544	0.5	0.75	1	60	5
1545	0.5625	0.75	1	60	5
1546	0.75	0.75	1	60	4
1547	0.5625	0.75	1	60	3
1548	0.625	0.75	1	60	3
1549	0.75	0.75	1	60	1
1550	0.625	0.75	1	60	3
1551	0.6875	0.75	1	60	4
1552	0.625	0.75	1	60	2
1553	0.75	0.75	1	60	1
1554	0.75	0.75	1	60	1
1555	0.75	0.75	1	60	5
1556	0.625	0.75	1	60	4
1557	0.625	0.75	1	60	4
1558	0.75	0.75	1	60	1
1559	0.625	0.75	1	60	3
1560	0.75	0.75	1	60	2
1561	0.75	0.75	1	60	1
1562	0.75	0.75	1	60	4
1563	0.75	0.75	1	60	3
1564	0.75	0.75	1	60	2
1565	0.75	0.75	1	60	2
1566	0.625	0.75	1	60	1
1567	0.75	0.75	1	60	2
1568	0.71875	0.75	1	60	5
1569	0.75	0.75	1	60	1
1570	0.75	0.75	1	60	1
1571	0.5625	0.75	1	60	1
1572	0.75	0.75	1	60	2
1573	0.75	0.75	1	60	1
1574	0.75	0.75	1	60	4
1575	0.75	0.75	1	60	4
1576	0.75	0.75	1	60	1
1577	0.75	0.75	1	60	2
1578	0.625	0.75	1	60	4
1579	0.5625	0.75	1	60	3
1580	0.75	0.75	1	60	2
1581	0.5625	0.75	1	60	1
1582	0.625	0.75	1	60	2
1583	0.75	0.75	1	60	2
1584	0.75	0.75	1	60	2
1585	0.75	0.75	1	60	2
1586	0.75	0.75	1	60	1
1587	0.75	0.75	1	60	4
1588	0.6875	0.75	1	60	2
1589	0.75	0.75	1	60	2
1590	0.75	0.75	1	60	1
1591	0.75	0.75	1	60	1
1592	0.6875	0.75	1	60	2
1593	0.75	0.75	1	60	1
1594	0.6875	0.75	1	60	1
1595	0.75	0.75	1	60	2
1596	0.75	0.75	1	60	1
1597	0.6875	0.75	1	60	1
1598	0.75	0.75	1	60	2
1599	0.75	0.75	1	60	4
1600	0.625	0.75	1	60	2
1601	0.6875	0.75	1	60	2
1602	0.75	0.75	1	60	3
1603	0.6875	0.75	1	60	4
1604	0.75	0.75	1	60	2
1605	0.75	0.75	1	60	4
1606	0.625	0.75	1	60	1
1607	0.75	0.75	1	60	4
1608	0.625	0.75	1	60	4
1609	0.6875	0.75	1	60	2
1610	0.75	0.75	1	60	2
1611	0.75	0.75	1	60	2
1612	0.625	0.75	1	60	2
1613	0.75	0.75	1	60	2
1614	0.59375	0.75	1	60	3
1615	0.75	0.75	1	60	3
1616	0.625	0.75	1	60	4
1617	0.75	0.75	1	60	1
1618	0.75	0.75	1	60	2
1619	0.75	0.75	1	60	2
1620	0.75	0.75	1	60	4
1621	0.6875	0.75	1	60	2
1622	0.75	0.75	1	60	3
1623	0.75	0.75	1	60	1
1624	0.6875	0.75	1	60	3
1625	0.75	0.75	1	60	1
1626	0.75	0.75	1	60	2
1627	0.75	0.75	1	60	1
1628	0.6875	0.75	1	60	2
1629	0.625	0.75	1	60	4
1630	0.625	0.75	1	60	4
1631	0.75	0.75	1	60	2
1632	0.75	0.75	1	60	2
1633	0.75	0.75	1	60	1
1634	0.625	0.75	1	60	3
1635	0.75	0.75	1	60	2
1636	0.75	0.75	1	60	1
1637	0.6875	0.75	1	60	4
1638	0.75	0.75	1	60	4
1639	0.75	0.75	1	60	1
1640	0.6875	0.75	1	60	3
1641	0.625	0.75	1	60	3
1642	0.625	0.75	1	60	3
1643	0.75	0.75	1	60	1
1644	0.75	0.75	1	60	3
1645	0.5625	0.75	1	60	2
1646	0.75	0.75	1	60	1
1647	0.75	0.75	1	60	1
1648	0.71875	0.75	1	60	7
1649	0.75	0.75	1	60	4
1650	0.75	0.75	1	60	3
1651	0.75	0.75	1	60	1
1652	0.6875	0.75	1	60	4
1653	0.6875	0.75	1	60	3
1654	0.75	0.75	1	60	1
1655	0.75	0.75	1	60	3
1656	0.75	0.75	1	60	3
1657	0.625	0.75	1	60	6
1658	0.75	0.75	1	60	4
1659	0.625	0.75	1	60	3
1660	0.75	0.75	1	60	1
1661	0.75	0.75	1	60	1
1662	0.625	0.75	1	60	2
1663	0.75	0.75	1	60	3
1664	0.75	0.75	1	60	3
1665	0.75	0.75	1	60	1
1666	0.546875	0.75	1	60	5
1667	0.75	0.75	1	60	1
1668	0.75	0.75	1	60	1
1669	0.5625	0.75	1	60	4
1670	0.6875	0.75	1	60	5
1671	0.75	0.75	1	60	1
1672	0.75	0.75	1	60	1
1673	0.75	0.75	1	60	5
1674	0.5625	0.75	1	60	4
1675	0.75	0.75	1	60	1
1676	0.75	0.75	1	60	1
1677	0.625	0.75	1	60	2
1678	0.6875	0.75	1	60	2
1679	0.75	0.75	1	60	4
1680	0.59375	0.75	1	60	3
1681	0.6875	0.75	1	60	4
1682	0.75	0.75	1	60	1
1683	0.625	0.75	1	60	2
1684	0.625	0.75	1	60	5
1685	0.625	0.75	1	60	5
1686	0.75	0.75	1	60	2
1687	0.6875	0.75	1	60	2
1688	0.75	0.75	1	60	2
1689	0.75	0.75	1	60	3
1690	0.75	0.75	1	60	2
1691	0.5	0.75	1	60	4
1692	0.75	0.75	1	60	3
1693	0.75	0.75	1	60	1
1694	0.6875	0.75	1	60	2
1695	0.75	0.75	1	60	2
1696	0.625	0.75	1	60	4
1697	0.75	0.75	1	60	2
1698	0.625	0.75	1	60	4
1699	0.75	0.75	1	60	1
1700	0.5625	0.75	1	60	2
1701	0.75	0.75	1	60	3
1702	0.625	0.75	1	60	5
1703	0.75	0.75	1	60	1
1704	0.75	0.75	1	60	2
1705	0.75	0.75	1	60	2
1706	0.71875	0.75	1	60	4
1707	0.75	0.75	1	60	1
1708	0.75	0.75	1	60	3
1709	0.75	0.75	1	60	1
1710	0.6875	0.75	1	60	5
1711	0.75	0.75	1	60	1
1712	0.5	0.75	1	60	3
1713	0.75	0.75	1	60	1
1714	0.75	0.75	1	60	1
1715	0.5625	0.75	1	60	4
1716	0.6875	0.75	1	60	4
1717	0.75	0.75	1	60	2
1718	0.75	0.75	1	60	3
1719	0.75	0.75	1	60	3
1720	0.6875	0.75	1	60	3
1721	0.5	0.75	1	60	4
1722	0.75	0.75	1	60	3
1723	0.75	0.75	1	60	1
1724	0.75	0.75	1	60	2
1725	0.75	0.75	1	60	1
1726	0.75	0.75	1	60	2
1727	0.75	0.75	1	60	2
1728	0.75	0.75	1	60	1
1729	0.75	0.75	1	60	1
1730	0.75	0.75	1	60	1
1731	0.625	0.75	1	60	4
1732	0.5	0.75	1	60	3
1733	0.75	0.75	1	60	3
1734	0.75	0.75	1	60	1
1735	0.75	0.75	1	60	2
1736	0.75	0.75	1	60	1
1737	0.625	0.75	1	60	1
1738	0.75	0.75	1	60	1
1739	0.75	0.75	1	60	1
1740	0.625	0.75	1	60	1
1741	0.75	0.75	1	60	2
1742	0.6875	0.75	1	60	1
1743	0.75	0.75	1	60	1
1744	0.625	0.75	1	60	5
1745	0.75	0.75	1	60	1
1746	0.59375	0.75	1	60	2
1747	0.625	0.75	1	60	4
1748	0.75	0.75	1	60	1
1749	0.75	0.75	1	60	3
1750	0.75	0.75	1	60	4
1751	0.75	0.75	1	60	1
1752	0.75	0.75	1	60	5
1753	0.75	0.75	1	60	2
1754	0.75	0.75	1	60	1
1755	0.75	0.75	1	60	2
1756	0.4375	0.75	1	60	3
1757	0.75	0.75	1	60	4
1758	0.75	0.75	1	60	2
1759	0.75	0.75	1	60	3
1760	0.75	0.75	1	60	2
1761	0.75	0.75	1	60	2
1762	0.75	0.75	1	60	3
1763	0.75	0.75	1	60	2
1764	0.75	0.75	1	60	3
1765	0.75	0.75	1	60	3
1766	0.75	0.75	1	60	1
1767	0.75	0.75	1	60	5
1768	0.625	0.75	1	60	3
1769	0.75	0.75	1	60	1
1770	0.75	0.75	1	60	1
1771	0.65625	0.75	1	60	3
1772	0.75	0.75	1	60	1
1773	0.75	0.75	1	60	2
1774	0.75	0.75	1	60	1
1775	0.75	0.75	1	60	3
1776	0.6875	0.75	1	60	1
1777	0.75	0.75	1	60	2
1778	0.75	0.75	1	60	4
1779	0.75	0.75	1	60	1
1780	0.75	0.75	1	60	2
1781	0.75	0.75	1	60	3
1782	0.625	0.75	1	60	5
1783	0.75	0.75	1	60	3
1784	0.75	0.75	1	60	3
1785	0.75	0.75	1	60	2
1786	0.75	0.75	1	60	2
1787	0.75	0.75	1	60	2
1788	0.75	0.75	1	60	2
1789	0.75	0.75	1	60	1
1790	0.625	0.75	1	60	1
1791	0.75	0.75	1	60	2
1792	0.75	0.75	1	60	1
1793	0.75	0.75	1	60	1
1794	0.75	0.75	1	60	1
1795	0.75	0.75	1	60	2
1796	0.75	0.75	1	60	1
1797	0.5	0.75	1	60	2
1798	0.75	0.75	1	60	2
1799	0.75	0.75	1	60	1
1800	0.75	0.75	1	60	3
1801	0.75	0.75	1	60	2
1802	0.75	0.75	1	60	1
1803	0.75	0.75	1	60	2
1804	0.75	0.75	1	60	5
1805	0.75	0.75	1	60	2
1806	0.5	0.75	1	60	4
1807	0.625	0.75	1	60	3
1808	0.75	0.75	1	60	1
1809	0.75	0.75	1	60	1
1810	0.75	0.75	1	60	2
1811	0.75	0.75	1	60	2
1812	0.75	0.75	1	60	1
1813	0.5625	0.75	1	60	3
1814	0.75	0.75	1	60	4
1815	0.75	0.75	1	60	1
1816	0.75	0.75	1	60	3
1817	0.75	0.75	1	60	1
1818	0.6875	0.75	1	60	2
1819	0.6875	0.75	1	60	3
1820	0.5625	0.75	1	60	5
1821	0.75	0.75	1	60	2
1822	0.71875	0.75	1	60	2
1823	0.75	0.75	1	60	4
1824	0.75	0.75	1	60	3
1825	0.75	0.75	1	60	4
1826	0.75	0.75	1	60	1
1827	0.75	0.75	1	60	2
1828	0.75	0.75	1	60	2
1829	0.75	0.75	1	60	3
1830	0.75	0.75	1	60	2
1831	0.75	0.75	1	60	5
1832	0.75	0.75	1	60	2
1833	0.625	0.75	1	60	3
1834	0.75	0.75	1	60	2
1835	0.5	0.75	1	60	2
1836	0.625	0.75	1	60	5
1837	0.75	0.75	1	60	3
1838	0.75	0.75	1	60	4
1839	0.625	0.75	1	60	4
1840	0.625	0.75	1	60	2
1841	0.75	0.75	1	60	1
1842	0.75	0.75	1	60	2
1843	0.75	0.75	1	60	4
1844	0.75	0.75	1	60	4
1845	0.6875	0.75	1	60	2
1846	0.6875	0.75	1	60	3
1847	0.75	0.75	1	60	2
1848	0.75	0.75	1	60	3
1849	0.625	0.75	1	60	1
1850	0.75	0.75	1	60	2
1851	0.75	0.75	1	60	3
1852	0.75	0.75	1	60	1
1853	0.625	0.75	1	60	2
1854	0.6875	0.75	1	60	3
1855	0.75	0.75	1	60	7
1856	0.625	0.75	1	60	4
1857	0.75	0.75	1	60	3
1858	0.75	0.75	1	60	2
1859	0.53125	0.75	1	60	5
1860	0.75	0.75	1	60	3
1861	0.75	0.75	1	60	2
1862	0.75	0.75	1	60	1
1863	0.75	0.75	1	60	1
1864	0.75	0.75	1	60	5
1865	0.75	0.75	1	60	1
1866	0.625	0.75	1	60	5
1867	0.75	0.75	1	60	5
1868	0.75	0.75	1	60	1
1869	0.6875	0.75	1	60	3
1870	0.75	0.75	1	60	3
1871	0.75	0.75	1	60	2
1872	0.75	0.75	1	60	1
1873	0.75	0.75	1	60	1
1874	0.6875	0.75	1	60	2
1875	0.75	0.75	1	60	1
1876	0.75	0.75	1	60	3
1877	0.75	0.75	1	60	2
1878	0.75	0.75	1	60	1
1879	0.75	0.75	1	60	3
1880	0.75	0.75	1	60	2
1881	0.5625	0.75	1	60	3
1882	0.53125	0.75	1	60	3
1883	0.625	0.75	1	60	3
1884	0.75	0.75	1	60	2
1885	0.625	0.75	1	60	2
1886	0.75	0.75	1	60	3
1887	0.75	0.75	1	60	5
1888	0.75	0.75	1	60	2
1889	0.75	0.75	1	60	4
1890	0.75	0.75	1	60	1
1891	0.625	0.75	1	60	2
1892	0.75	0.75	1	60	2
1893	0.75	0.75	1	60	3
1894	0.75	0.75	1	60	2
1895	0.625	0.75	1	60	3
1896	0.625	0.75	1	60	1
1897	0.75	0.75	1	60	2
1898	0.5	0.75	1	60	5
1899	0.75	0.75	1	60	2
1900	0.75	0.75	1	60	2
1901	0.625	0.75	1	60	3
1902	0.625	0.75	1	60	3
1903	0.5	0.75	1	60	3
1904	0.71875	0.75	1	60	6
1905	0.75	0.75	1	60	1
1906	0.5	0.75	1	60	1
1907	0.75	0.75	1	60	1
1908	0.75	0.75	1	60	2
1909	0.75	0.75	1	60	2
1910	0.75	0.75	1	60	1
1911	0.75	0.75	1	60	3
1912	0.75	0.75	1	60	4
1913	0.625	0.75	1	60	5
1914	0.53125	0.75	1	60	3
1915	0.53125	0.75	1	60	4
1916	0.625	0.75	1	60	4
1917	0.75	0.75	1	60	1
1918	0.75	0.75	1	60	3
1919	0.75	0.75	1	60	3
1920	0.75	0.75	1	60	1
1921	0.75	0.75	1	60	2
1922	0.75	0.75	1	60	3
1923	0.75	0.75	1	60	1
1924	0.75	0.75	1	60	1
1925	0.5	0.75	1	60	3
1926	0.75	0.75	1	60	4
1927	0.75	0.75	1	60	1
1928	0.65625	0.75	1	60	3
1929	0.59375	0.75	1	60	3
1930	0.625	0.75	1	60	2
1931	0.625	0.75	1	60	1
1932	0.5	0.75	1	60	3
1933	0.5	0.75	1	60	3
1934	0.75	0.75	1	60	1
1935	0.75	0.75	1	60	2
1936	0.75	0.75	1	60	2
1937	0.75	0.75	1	60	1
1938	0.75	0.75	1	60	3
1939	0.75	0.75	1	60	3
1940	0.75	0.75	1	60	2
1941	0.75	0.75	1	60	1
1942	0.75	0.75	1	60	1
1943	0.75	0.75	1	60	3
1944	0.625	0.75	1	60	3
1945	0.75	0.75	1	60	1
1946	0.75	0.75	1	60	1
1947	0.625	0.75	1	60	5
1948	0.5	0.75	1	60	5
1949	0.65625	0.75	1	60	2
1950	0.75	0.75	1	60	1
1951	0.625	0.75	1	60	4
1952	0.75	0.75	1	60	1
1953	0.75	0.75	1	60	1
1954	0.75	0.75	1	60	1
1955	0.75	0.75	1	60	2
1956	0.65625	0.75	1	60	1
1957	0.75	0.75	1	60	1
1958	0.5625	0.75	1	60	1
1959	0.75	0.75	1	60	2
1960	0.75	0.75	1	60	1
1961	0.75	0.75	1	60	1
1962	0.75	0.75	1	60	1
1963	0.625	0.75	1	60	6
1964	0.75	0.75	1	60	1
1965	0.75	0.75	1	60	4
1966	0.78125	0.78125	1	60	5
1967	0.78125	0.78125	1	60	1
1968	0.78125	0.78125	1	60	1
1969	0.78125	0.78125	1	60	1
1970	0.78125	0.78125	1	60	2
1971	0.75	0.78125	1	60	3
1972	0.5	0.78125	1	60	6
1973	0.78125	0.78125	1	60	2
1974	0.625	0.78125	1	60	4
1975	0.625	0.78125	1	60	2
1976	0.65625	0.78125	1	60	1
1977	0.78125	0.78125	1	60	2
1978	0.78125	0.78125	1	60	2
1979	0.78125	0.78125	1	60	1
1980	0.640625	0.78125	1	60	1
1981	0.6875	0.78125	1	60	3
1982	0.78125	0.78125	1	60	1
1983	0.78125	0.78125	1	60	2
1984	0.5625	0.78125	1	60	4
1985	0.78125	0.78125	1	60	2
1986	0.78125	0.78125	1	60	1
1987	0.8125	0.8125	1	60	2
1988	0.8125	0.8125	1	60	1
1989	0.8125	0.8125	1	60	1
1990	0.75	0.8125	1	60	2
1991	0.75	0.8125	1	60	2
1992	0.71875	0.8125	1	60	3
1993	0.8125	0.8125	1	60	2
1994	0.8125	0.8125	1	60	2
1995	0.75	0.8125	1	60	1
1996	0.8125	0.8125	1	60	2
1997	0.78125	0.8125	1	60	1
1998	0.6875	0.8125	1	60	1
1999	0.6875	0.8125	1	60	3
2000	0.8125	0.8125	1	60	3
2001	0.8125	0.8125	1	60	1
2002	0.53125	0.8125	1	60	5
2003	0.8125	0.8125	1	60	1
2004	0.6875	0.8125	1	60	3
2005	0.5	0.8125	1	60	4
2006	0.75	0.8125	1	60	1
2007	0.8125	0.8125	1	60	2
2008	0.71875	0.8125	1	60	2
2009	0.625	0.8125	1	60	6
2010	0.8125	0.8125	1	60	3
2011	0.8125	0.8125	1	60	1
2012	0.8125	0.8125	1	60	3
2013	0.8125	0.8125	1	60	3
2014	0.8125	0.8125	1	60	1
2015	0.8125	0.8125	1	60	1
2016	0.625	0.8125	1	60	2
2017	0.5	0.8125	1	60	2
2018	0.8125	0.8125	1	60	1
2019	0.75	0.8125	1	60	3
2020	0.6875	0.8125	1	60	4
2021	0.75	0.8125	1	60	1
2022	0.8125	0.8125	1	60	1
2023	0.5625	0.8125	1	60	2
2024	0.78125	0.8125	1	60	3
2025	0.8125	0.8125	1	60	3
2026	0.8125	0.8125	1	60	1
2027	0.5625	0.8125	1	60	2
2028	0.8125	0.8125	1	60	1
2029	0.625	0.8125	1	60	2
2030	0.6875	0.8125	1	60	1
2031	0.6875	0.8125	1	60	2
2032	0.75	0.8125	1	60	2
2033	0.8125	0.8125	1	60	2
2034	0.875	0.875	1	60	3
2035	0.875	0.875	1	60	4
2036	0.8125	0.875	1	60	4
2037	0.875	0.875	1	60	1
2038	0.875	0.875	1	60	2
2039	0.875	0.875	1	60	3
2040	0.875	0.875	1	60	1
2041	0.6875	0.875	1	60	4
2042	0.875	0.875	1	60	3
2043	0.875	0.875	1	60	4
2044	0.875	0.875	1	60	1
2045	0.875	0.875	1	60	5
2046	0.875	0.875	1	60	2
2047	0.75	0.875	1	60	2
2048	0.875	0.875	1	60	1
2049	0.75	0.875	1	60	1
2050	0.875	0.875	1	60	1
2051	0.875	0.875	1	60	3
2052	0.75	0.875	1	60	2
2053	0.875	0.875	1	60	1
2054	0.875	0.875	1	60	2
2055	0.875	0.875	1	60	3
2056	0.875	0.875	1	60	1
2057	0.875	0.875	1	60	2
2058	0.625	0.875	1	60	3
2059	0.875	0.875	1	60	2
2060	0.875	0.875	1	60	6
2061	0.875	0.875	1	60	2
2062	0.8125	0.875	1	60	2
2063	0.6875	0.875	1	60	6
2064	0.5	0.875	1	60	5
2065	0.875	0.875	1	60	1
2066	0.875	0.875	1	60	1
2067	0.75	0.875	1	60	3
2068	0.875	0.875	1	60	3
2069	0.875	0.875	1	60	2
2070	0.75	0.875	1	60	3
2071	0.875	0.875	1	60	2
2072	0.5	0.875	1	60	3
2073	0.875	0.875	1	60	1
2074	0.875	0.875	1	60	3
2075	0.875	0.875	1	60	2
2076	0.875	0.875	1	60	1
2077	0.875	0.875	1	60	1
2078	0.875	0.875	1	60	3
2079	0.875	0.875	1	60	3
2080	0.875	0.875	1	60	2
2081	0.875	0.875	1	60	2
2082	0.875	0.875	1	60	1
2083	0.75	0.875	1	60	2
2084	0.875	0.875	1	60	5
2085	0.875	0.875	1	60	5
2086	0.875	0.875	1	60	2
2087	0.625	0.875	1	60	3
2088	0.875	0.875	1	60	3
2089	0.875	0.875	1	60	2
2090	0.875	0.875	1	60	2
2091	0.8125	0.875	1	60	2
2092	0.875	0.875	1	60	2
2093	0.875	0.875	1	60	1
2094	0.875	0.875	1	60	1
2095	0.8125	0.875	1	60	5
2096	0.875	0.875	1	60	1
2097	0.875	0.875	1	60	2
2098	0.5625	0.875	1	60	3
2099	0.5	0.875	1	60	3
2100	0.875	0.875	1	60	1
2101	0.875	0.875	1	60	2
2102	0.875	0.875	1	60	1
2103	0.625	0.875	1	60	2
2104	0.875	0.875	1	60	4
2105	0.875	0.875	1	60	1
2106	0.875	0.875	1	60	3
2107	0.875	0.875	1	60	2
2108	0.875	0.875	1	60	1
2109	0.875	0.875	1	60	1
2110	0.875	0.875	1	60	2
2111	0.875	0.875	1	60	1
2112	0.84375	0.875	1	60	2
2113	0.8125	0.875	1	60	4
2114	0.25	0.875	1	60	1
2115	0.875	0.875	1	60	1
2116	0.875	0.875	1	60	4
2117	0.875	0.875	1	60	5
2118	0.875	0.875	1	60	2
2119	0.75	0.875	1	60	5
2120	0.875	0.875	1	60	2
2121	0.875	0.875	1	60	1
2122	0.875	0.875	1	60	1
2123	0.6875	0.875	1	60	3
2124	0.875	0.875	1	60	3
2125	0.875	0.875	1	60	1
2126	0.875	0.875	1	60	2
2127	0.75	0.875	1	60	4
2128	0.875	0.875	1	60	2
2129	0.75	0.875	1	60	4
2130	0.875	0.875	1	60	2
2131	0.625	0.875	1	60	3
2132	0.875	0.875	1	60	3
2133	0.625	0.875	1	60	2
2134	0.875	0.875	1	60	1
2135	0.75	0.875	1	60	2
2136	0.5	0.875	1	60	3
2137	0.875	0.875	1	60	2
2138	0.875	0.875	1	60	1
2139	0.6875	0.875	1	60	2
2140	0.875	0.875	1	60	2
2141	0.6875	0.875	1	60	1
2142	0.875	0.875	1	60	4
2143	0.875	0.875	1	60	5
2144	0.875	0.875	1	60	2
2145	0.875	0.875	1	60	2
2146	0.875	0.875	1	60	2
2147	0.875	0.875	1	60	1
2148	0.875	0.875	1	60	3
2149	0.875	0.875	1	60	1
2150	0.875	0.875	1	60	4
2151	0.875	0.875	1	60	3
2152	0.875	0.875	1	60	2
2153	0.875	0.875	1	60	2
2154	0.5	0.875	1	60	4
2155	0.875	0.875	1	60	1
2156	0.875	0.875	1	60	2
2157	0.5	0.875	1	60	2
2158	0.75	0.875	1	60	2
2159	0.625	0.875	1	60	1
2160	0.875	0.875	1	60	2
2161	0.875	0.875	1	60	1
2162	0.875	0.875	1	60	2
2163	0.875	0.875	1	60	1
2164	0.6875	0.875	1	60	3
2165	0.875	0.875	1	60	1
2166	0.875	0.875	1	60	2
2167	0.875	0.875	1	60	2
2168	0.875	0.875	1	60	2
2169	0.875	0.875	1	60	4
2170	0.875	0.875	1	60	3
2171	0.875	0.875	1	60	4
2172	0.875	0.875	1	60	3
2173	0.875	0.875	1	60	6
2174	0.625	0.875	1	60	4
2175	0.875	0.875	1	60	2
2176	0.75	0.875	1	60	4
2177	0.875	0.875	1	60	2
2178	0.625	0.875	1	60	3
2179	0.625	0.875	1	60	4
2180	0.8125	0.875	1	60	4
2181	0.875	0.875	1	60	1
2182	0.875	0.875	1	60	1
2183	0.625	0.875	1	60	2
2184	0.875	0.875	1	60	2
2185	0.625	0.875	1	60	2
2186	0.6875	0.875	1	60	3
2187	0.8125	0.875	1	60	2
2188	0.875	0.875	1	60	3
2189	0.875	0.875	1	60	1
2190	0.875	0.875	1	60	2
2191	0.75	0.875	1	60	4
2192	0.875	0.875	1	60	1
2193	0.75	0.875	1	60	2
2194	0.875	0.875	1	60	3
2195	0.8125	0.875	1	60	3
2196	0.5	0.875	1	60	5
2197	0.875	0.875	1	60	1
2198	0.875	0.875	1	60	1
2199	0.875	0.875	1	60	1
2200	0.875	0.875	1	60	1
2201	0.875	0.875	1	60	2
2202	0.875	0.875	1	60	4
2203	0.875	0.875	1	60	2
2204	0.875	0.875	1	60	2
2205	0.875	0.875	1	60	3
2206	0.625	0.875	1	60	4
2207	0.875	0.875	1	60	2
2208	0.875	0.875	1	60	4
2209	0.875	0.875	1	60	1
2210	0.875	0.875	1	60	1
2211	0.875	0.875	1	60	2
2212	0.625	0.875	1	60	2
2213	0.875	0.875	1	60	2
2214	0.875	0.875	1	60	2
2215	0.875	0.875	1	60	1
2216	0.5625	0.875	1	60	4
2217	0.5	0.875	1	60	3
2218	0.5	0.875	1	60	4
2219	0.6875	0.875	1	60	1
2220	0.75	0.875	1	60	1
2221	0.625	0.875	1	60	5
2222	0.875	0.875	1	60	2
2223	0.875	0.875	1	60	2
2224	0.875	0.875	1	60	2
2225	0.5625	0.875	1	60	2
2226	0.875	0.875	1	60	2
2227	0.875	0.875	1	60	2
2228	0.71875	0.875	1	60	3
2229	0.875	0.875	1	60	1
2230	0.625	0.875	1	60	3
2231	0.5	0.875	1	60	6
2232	0.875	0.875	1	60	1
2233	0.875	0.875	1	60	2
2234	0.625	0.875	1	60	4
2235	0.6875	0.875	1	60	6
2236	0.875	0.875	1	60	1
2237	0.875	0.875	1	60	3
2238	0.875	0.875	1	60	1
2239	0.875	0.875	1	60	2
2240	0.875	0.875	1	60	2
2241	0.875	0.875	1	60	1
2242	0.6875	0.875	1	60	7
2243	0.75	0.875	1	60	3
2244	0.875	0.875	1	60	2
2245	0.75	0.875	1	60	2
2246	0.875	0.875	1	60	2
2247	0.75	0.875	1	60	3
2248	0.6875	0.875	1	60	4
2249	0.875	0.875	1	60	1
2250	0.875	0.875	1	60	4
2251	0.875	0.875	1	60	1
2252	0.875	0.875	1	60	3
2253	0.875	0.875	1	60	2
2254	0.875	0.875	1	60	3
2255	0.875	0.875	1	60	2
2256	0.875	0.875	1	60	1
2257	0.875	0.875	1	60	1
2258	0.875	0.875	1	60	2
2259	0.8125	0.875	1	60	3
2260	0.875	0.875	1	60	1
2261	0.6875	0.875	1	60	1
2262	0.875	0.875	1	60	3
2263	0.875	0.875	1	60	3
2264	0.71875	0.875	1	60	3
2265	0.875	0.875	1	60	4
2266	0.875	0.875	1	60	3
2267	0.75	0.875	1	60	3
2268	0.75	0.875	1	60	3
2269	0.875	0.875	1	60	1
2270	0.875	0.875	1	60	4
2271	0.875	0.875	1	60	2
2272	0.875	0.875	1	60	1
2273	0.875	0.875	1	60	1
2274	0.875	0.875	1	60	3
2275	0.875	0.875	1	60	3
2276	0.53125	0.875	1	60	3
2277	0.875	0.875	1	60	1
2278	0.5	0.875	1	60	3
2279	0.75	0.875	1	60	3
2280	0.6875	0.875	1	60	3
2281	0.75	0.875	1	60	5
2282	0.875	0.875	1	60	2
2283	0.75	0.875	1	60	4
2284	0.875	0.875	1	60	2
2285	0.875	0.875	1	60	2
2286	0.875	0.875	1	60	2
2287	0.875	0.875	1	60	2
2288	0.875	0.875	1	60	3
2289	0.875	0.875	1	60	4
2290	0.875	0.875	1	60	3
2291	0.75	0.875	1	60	3
2292	0.875	0.875	1	60	4
2293	0.8125	0.875	1	60	6
2294	0.875	0.875	1	60	1
2295	0.75	0.875	1	60	2
2296	0.875	0.875	1	60	1
2297	0.875	0.875	1	60	2
2298	0.84375	0.875	1	60	3
2299	0.84375	0.875	1	60	2
2300	0.875	0.875	1	60	1
2301	0.875	0.875	1	60	1
2302	0.6875	0.875	1	60	1
2303	0.625	0.875	1	60	4
2304	0.75	0.875	1	60	4
2305	0.875	0.875	1	60	3
2306	0.875	0.875	1	60	2
2307	0.875	0.875	1	60	2
2308	0.875	0.875	1	60	2
2309	0.875	0.875	1	60	3
2310	0.875	0.875	1	60	1
2311	0.875	0.875	1	60	1
2312	0.875	0.875	1	60	5
2313	0.875	0.875	1	60	1
2314	0.5625	0.875	1	60	2
2315	0.875	0.875	1	60	2
2316	0.75	0.875	1	60	3
2317	0.875	0.875	1	60	2
2318	0.875	0.875	1	60	1
2319	0.75	0.875	1	60	2
2320	0.875	0.875	1	60	1
2321	0.875	0.875	1	60	2
2322	0.875	0.875	1	60	4
2323	0.75	0.875	1	60	2
2324	0.875	0.875	1	60	1
2325	0.875	0.875	1	60	4
2326	0.875	0.875	1	60	1
2327	0.6875	0.875	1	60	3
2328	0.75	0.875	1	60	3
2329	0.875	0.875	1	60	3
2330	0.875	0.875	1	60	3
2331	0.75	0.875	1	60	2
2332	0.875	0.875	1	60	1
2333	0.875	0.875	1	60	3
2334	0.5	0.875	1	60	2
2335	0.875	0.875	1	60	2
2336	0.875	0.875	1	60	2
2337	0.875	0.875	1	60	3
2338	0.875	0.875	1	60	1
2339	0.875	0.875	1	60	1
2340	0.875	0.875	1	60	1
2341	0.875	0.875	1	60	4
2342	0.75	0.875	1	60	3
2343	0.875	0.875	1	60	7
2344	0.65625	0.875	1	60	4
2345	0.75	0.875	1	60	2
2346	0.875	0.875	1	60	1
2347	0.875	0.875	1	60	1
2348	0.875	0.875	1	60	1
2349	0.75	0.875	1	60	3
2350	0.6875	0.875	1	60	4
2351	0.875	0.875	1	60	7
2352	0.4375	0.875	1	60	4
2353	0.875	0.875	1	60	3
2354	0.875	0.875	1	60	1
2355	0.5	0.875	1	60	2
2356	0.875	0.875	1	60	2
2357	0.875	0.875	1	60	2
2358	0.875	0.875	1	60	1
2359	0.6875	0.875	1	60	3
2360	0.375	0.875	1	60	4
2361	0.875	0.875	1	60	3
2362	0.875	0.875	1	60	2
2363	0.75	0.875	1	60	2
2364	0.875	0.875	1	60	3
2365	0.875	0.875	1	60	6
2366	0.875	0.875	1	60	1
2367	0.875	0.875	1	60	3
2368	0.75	0.875	1	60	3
2369	0.875	0.875	1	60	1
2370	0.875	0.875	1	60	3
2371	0.5	0.875	1	60	4
2372	0.875	0.875	1	60	1
2373	0.875	0.875	1	60	6
2374	0.65625	0.875	1	60	4
2375	0.875	0.875	1	60	1
2376	0.875	0.875	1	60	1
2377	0.875	0.875	1	60	2
2378	0.5	0.875	1	60	2
2379	0.75	0.875	1	60	1
2380	0.875	0.875	1	60	2
2381	0.875	0.875	1	60	1
2382	0.875	0.875	1	60	2
2383	0.875	0.875	1	60	2
2384	0.8125	0.875	1	60	2
2385	0.65625	0.875	1	60	3
2386	0.875	0.875	1	60	2
2387	0.5625	0.875	1	60	1
2388	0.875	0.875	1	60	1
2389	0.875	0.875	1	60	1
2390	0.875	0.875	1	60	5
2391	0.875	0.875	1	60	2
2392	0.875	0.875	1	60	3
2393	0.875	0.875	1	60	2
2394	0.875	0.875	1	60	1
2395	0.875	0.875	1	60	1
2396	0.875	0.875	1	60	4
2397	0.875	0.875	1	60	2
2398	0.875	0.875	1	60	2
2399	0.875	0.875	1	60	1
2400	0.5625	0.875	1	60	2
2401	0.875	0.875	1	60	1
2402	0.875	0.875	1	60	3
2403	0.5	0.875	1	60	4
2404	0.875	0.875	1	60	1
2405	0.625	0.875	1	60	3
2406	0.625	0.875	1	60	3
2407	0.875	0.875	1	60	2
2408	0.84375	0.875	1	60	3
2409	0.875	0.875	1	60	1
2410	0.875	0.875	1	60	2
2411	0.75	0.875	1	60	4
2412	0.875	0.875	1	60	2
2413	0.875	0.875	1	60	2
2414	0.6875	0.875	1	60	2
2415	0.875	0.875	1	60	2
2416	0.625	0.875	1	60	1
2417	0.875	0.875	1	60	1
2418	0.875	0.875	1	60	4
2419	0.875	0.875	1	60	4
2420	0.875	0.875	1	60	4
2421	0.875	0.875	1	60	3
2422	0.875	0.875	1	60	1
2423	0.625	0.875	1	60	1
2424	0.875	0.875	1	60	3
2425	0.875	0.875	1	60	2
2426	0.875	0.875	1	60	1
2427	0.875	0.875	1	60	3
2428	0.875	0.875	1	60	1
2429	0.625	0.875	1	60	1
2430	0.875	0.875	1	60	1
2431	0.875	0.875	1	60	3
2432	0.75	0.875	1	60	2
2433	0.875	0.875	1	60	1
2434	0.875	0.875	1	60	3
2435	0.875	0.875	1	60	3
2436	0.5	0.875	1	60	5
2437	0.625	0.875	1	60	2
2438	0.75	0.875	1	60	2
2439	0.875	0.875	1	60	2
2440	0.875	0.875	1	60	3
2441	0.875	0.875	1	60	2
2442	0.875	0.875	1	60	2
2443	0.875	0.875	1	60	1
2444	0.875	0.875	1	60	2
2445	0.875	0.875	1	60	2
2446	0.6875	0.875	1	60	3
2447	0.75	0.875	1	60	4
2448	0.875	0.875	1	60	6
2449	0.84375	0.875	1	60	4
2450	0.875	0.875	1	60	1
2451	0.875	0.875	1	60	1
2452	0.875	0.875	1	60	3
2453	0.875	0.875	1	60	1
2454	0.875	0.875	1	60	1
2455	0.6875	0.875	1	60	3
2456	0.75	0.875	1	60	3
2457	0.875	0.875	1	60	3
2458	0.875	0.875	1	60	2
2459	0.875	0.875	1	60	2
2460	0.875	0.875	1	60	5
2461	0.875	0.875	1	60	2
2462	0.875	0.875	1	60	5
2463	0.875	0.875	1	60	2
2464	0.875	0.875	1	60	2
2465	0.875	0.875	1	60	3
2466	0.875	0.875	1	60	1
2467	0.625	0.875	1	60	4
2468	0.5	0.875	1	60	2
2469	0.75	0.875	1	60	3
2470	0.875	0.875	1	60	1
2471	0.875	0.875	1	60	3
2472	0.875	0.875	1	60	3
2473	0.875	0.875	1	60	3
2474	0.875	0.875	1	60	1
2475	0.875	0.875	1	60	2
2476	0.875	0.875	1	60	2
2477	0.75	0.875	1	60	1
2478	0.875	0.875	1	60	2
2479	0.875	0.875	1	60	1
2480	0.875	0.875	1	60	3
2481	0.75	0.875	1	60	4
2482	0.875	0.875	1	60	3
2483	0.875	0.875	1	60	2
2484	0.5625	0.875	1	60	5
2485	0.875	0.875	1	60	1
2486	0.875	0.875	1	60	5
2487	0.875	0.875	1	60	3
2488	0.75	0.875	1	60	2
2489	0.75	0.875	1	60	1
2490	0.875	0.875	1	60	2
2491	0.875	0.875	1	60	2
2492	0.75	0.875	1	60	4
2493	0.75	0.875	1	60	2
2494	0.875	0.875	1	60	3
2495	0.875	0.875	1	60	2
2496	0.875	0.875	1	60	1
2497	0.875	0.875	1	60	3
2498	0.875	0.875	1	60	1
2499	0.875	0.875	1	60	1
2500	0.75	0.875	1	60	5
2501	0.875	0.875	1	60	1
2502	0.875	0.875	1	60	4
2503	0.875	0.875	1	60	1
2504	0.875	0.875	1	60	4
2505	0.75	0.875	1	60	1
2506	0.875	0.875	1	60	2
2507	0.5625	0.875	1	60	4
2508	0.6875	0.875	1	60	3
2509	0.5625	0.875	1	60	1
2510	0.875	0.875	1	60	2
2511	0.875	0.875	1	60	1
2512	0.875	0.875	1	60	3
2513	0.875	0.875	1	60	3
2514	0.6875	0.875	1	60	2
2515	0.875	0.875	1	60	2
2516	0.625	0.875	1	60	3
2517	0.875	0.875	1	60	1
2518	0.875	0.875	1	60	1
2519	0.875	0.875	1	60	2
2520	0.78125	0.875	1	60	3
2521	0.625	0.875	1	60	2
2522	0.875	0.875	1	60	4
2523	0.875	0.875	1	60	1
2524	0.8125	0.875	1	60	4
2525	0.875	0.875	1	60	3
2526	0.875	0.875	1	60	1
2527	0.625	0.875	1	60	2
2528	0.75	0.875	1	60	2
2529	0.875	0.875	1	60	2
2530	0.875	0.875	1	60	2
2531	0.875	0.875	1	60	4
2532	0.6875	0.875	1	60	2
2533	0.8125	0.875	1	60	1
2534	0.6875	0.875	1	60	4
2535	0.875	0.875	1	60	4
2536	0.875	0.875	1	60	2
2537	0.75	0.875	1	60	3
2538	0.5	0.875	1	60	3
2539	0.75	0.875	1	60	5
2540	0.875	0.875	1	60	2
2541	0.875	0.875	1	60	3
2542	0.8125	0.875	1	60	4
2543	0.875	0.875	1	60	2
2544	0.875	0.875	1	60	2
2545	0.875	0.875	1	60	3
2546	0.875	0.875	1	60	3
2547	0.875	0.875	1	60	4
2548	0.875	0.875	1	60	1
2549	0.875	0.875	1	60	1
2550	0.875	0.875	1	60	1
2551	0.875	0.875	1	60	3
2552	0.875	0.875	1	60	3
2553	0.875	0.875	1	60	2
2554	0.8125	0.875	1	60	5
2555	0.875	0.875	1	60	1
2556	0.875	0.875	1	60	1
2557	0.875	0.875	1	60	2
2558	0.75	0.875	1	60	2
2559	0.6875	0.875	1	60	5
2560	0.875	0.875	1	60	4
2561	0.6875	0.875	1	60	2
2562	0.875	0.875	1	60	1
2563	0.875	0.875	1	60	4
2564	0.875	0.875	1	60	1
2565	0.875	0.875	1	60	3
2566	0.875	0.875	1	60	3
2567	0.875	0.875	1	60	1
2568	0.875	0.875	1	60	2
2569	0.6875	0.875	1	60	1
2570	0.875	0.875	1	60	1
2571	0.875	0.875	1	60	1
2572	0.875	0.875	1	60	1
2573	0.875	0.875	1	60	1
2574	0.875	0.875	1	60	4
2575	0.6875	0.875	1	60	4
2576	0.75	0.875	1	60	1
2577	0.875	0.875	1	60	3
2578	0.875	0.875	1	60	1
2579	0.6875	0.875	1	60	5
2580	0.875	0.875	1	60	3
2581	0.5625	0.875	1	60	3
2582	0.875	0.875	1	60	3
2583	0.875	0.875	1	60	2
2584	0.875	0.875	1	60	1
2585	0.5	0.875	1	60	3
2586	0.6875	0.875	1	60	2
2587	0.875	0.875	1	60	2
2588	0.75	0.875	1	60	3
2589	0.875	0.875	1	60	3
2590	0.875	0.875	1	60	2
2591	0.6875	0.875	1	60	1
2592	0.875	0.875	1	60	1
2593	0.875	0.875	1	60	1
2594	0.875	0.875	1	60	3
2595	0.875	0.875	1	60	1
2596	0.6875	0.875	1	60	3
2597	0.625	0.875	1	60	5
2598	0.875	0.875	1	60	1
2599	0.875	0.875	1	60	1
2600	0.875	0.875	1	60	2
2601	0.875	0.875	1	60	3
2602	0.8125	0.875	1	60	3
2603	0.6875	0.875	1	60	2
2604	0.875	0.875	1	60	4
2605	0.875	0.875	1	60	4
2606	0.875	0.875	1	60	1
2607	0.875	0.875	1	60	1
2608	0.875	0.875	1	60	1
2609	0.875	0.875	1	60	1
2610	0.875	0.875	1	60	1
2611	0.875	0.875	1	60	2
2612	0.625	0.875	1	60	6
2613	0.875	0.875	1	60	1
2614	0.875	0.875	1	60	1
2615	0.875	0.875	1	60	1
2616	0.8125	0.875	1	60	4
2617	0.875	0.875	1	60	3
2618	0.875	0.875	1	60	1
2619	0.875	0.875	1	60	1
2620	0.875	0.875	1	60	2
2621	0.875	0.875	1	60	1
2622	0.875	0.875	1	60	4
2623	0.75	0.875	1	60	4
2624	0.75	0.875	1	60	4
2625	0.875	0.875	1	60	2
2626	0.8125	0.875	1	60	6
2627	0.875	0.875	1	60	1
2628	0.875	0.875	1	60	1
2629	0.875	0.875	1	60	1
2630	0.875	0.875	1	60	1
2631	0.875	0.875	1	60	3
2632	0.625	0.875	1	60	4
2633	0.875	0.875	1	60	2
2634	0.625	0.875	1	60	2
2635	0.875	0.875	1	60	2
2636	0.625	0.875	1	60	2
2637	0.875	0.875	1	60	1
2638	0.875	0.875	1	60	4
2639	0.875	0.875	1	60	3
2640	0.875	0.875	1	60	2
2641	0.875	0.875	1	60	1
2642	0.8125	0.875	1	60	3
2643	0.75	0.875	1	60	4
2644	0.875	0.875	1	60	3
2645	0.5625	0.875	1	60	2
2646	0.875	0.875	1	60	2
2647	0.875	0.875	1	60	4
2648	0.875	0.875	1	60	1
2649	0.875	0.875	1	60	1
2650	0.6875	0.875	1	60	4
2651	0.875	0.875	1	60	1
2652	0.875	0.875	1	60	3
2653	0.875	0.875	1	60	2
2654	0.875	0.875	1	60	1
2655	0.8125	0.875	1	60	3
2656	0.875	0.875	1	60	2
2657	0.875	0.875	1	60	1
2658	0.875	0.875	1	60	3
2659	0.75	0.875	1	60	2
2660	0.875	0.875	1	60	3
2661	0.875	0.875	1	60	3
2662	0.8125	0.875	1	60	3
2663	0.875	0.875	1	60	2
2664	0.75	0.875	1	60	2
2665	0.875	0.875	1	60	1
2666	0.875	0.875	1	60	2
2667	0.75	0.875	1	60	2
2668	0.875	0.875	1	60	5
2669	0.75	0.875	1	60	4
2670	0.875	0.875	1	60	1
2671	0.875	0.875	1	60	1
2672	0.875	0.875	1	60	1
2673	0.75	0.875	1	60	4
2674	0.875	0.875	1	60	1
2675	0.625	0.875	1	60	2
2676	0.625	0.875	1	60	2
2677	0.875	0.875	1	60	1
2678	0.875	0.875	1	60	1
2679	0.875	0.875	1	60	2
2680	0.875	0.875	1	60	1
2681	0.875	0.875	1	60	3
2682	0.875	0.875	1	60	3
2683	0.875	0.875	1	60	2
2684	0.5625	0.875	1	60	4
2685	0.875	0.875	1	60	3
2686	0.875	0.875	1	60	3
2687	0.625	0.875	1	60	3
2688	0.75	0.875	1	60	3
2689	0.875	0.875	1	60	2
2690	0.6875	0.875	1	60	5
2691	0.875	0.875	1	60	2
2692	0.875	0.875	1	60	3
2693	0.875	0.875	1	60	2
2694	0.625	0.875	1	60	4
2695	0.875	0.875	1	60	2
2696	0.875	0.875	1	60	2
2697	0.875	0.875	1	60	3
2698	0.875	0.875	1	60	1
2699	0.5	0.875	1	60	5
2700	0.625	0.875	1	60	2
2701	0.875	0.875	1	60	2
2702	0.5	0.875	1	60	3
2703	0.875	0.875	1	60	2
2704	0.875	0.875	1	60	3
2705	0.5	0.875	1	60	2
2706	0.875	0.875	1	60	2
2707	0.75	0.875	1	60	2
2708	0.875	0.875	1	60	1
2709	0.875	0.875	1	60	2
2710	0.8125	0.875	1	60	3
2711	0.75	0.875	1	60	4
2712	0.875	0.875	1	60	4
2713	0.875	0.875	1	60	4
2714	0.875	0.875	1	60	3
2715	0.875	0.875	1	60	1
2716	0.875	0.875	1	60	2
2717	0.75	0.875	1	60	3
2718	0.875	0.875	1	60	2
2719	0.625	0.875	1	60	4
2720	0.875	0.875	1	60	1
2721	0.875	0.875	1	60	2
2722	0.875	0.875	1	60	1
2723	0.875	0.875	1	60	1
2724	0.75	0.875	1	60	2
2725	0.6875	0.875	1	60	2
2726	0.875	0.875	1	60	2
2727	0.625	0.875	1	60	3
2728	0.875	0.875	1	60	3
2729	0.875	0.875	1	60	3
2730	0.875	0.875	1	60	1
2731	0.625	0.875	1	60	2
2732	0.875	0.875	1	60	1
2733	0.875	0.875	1	60	1
2734	0.75	0.875	1	60	3
2735	0.875	0.875	1	60	3
2736	0.6875	0.875	1	60	5
2737	0.75	0.875	1	60	2
2738	0.875	0.875	1	60	1
2739	0.8125	0.875	1	60	4
2740	0.625	0.875	1	60	4
2741	0.75	0.875	1	60	7
2742	0.875	0.875	1	60	3
2743	0.8125	0.875	1	60	2
2744	0.875	0.875	1	60	1
2745	0.875	0.875	1	60	1
2746	0.875	0.875	1	60	3
2747	0.6875	0.875	1	60	2
2748	0.5625	0.875	1	60	3
2749	0.5	0.875	1	60	1
2750	0.875	0.875	1	60	2
2751	0.5	0.875	1	60	2
2752	0.875	0.875	1	60	2
2753	0.875	0.875	1	60	2
2754	0.875	0.875	1	60	3
2755	0.875	0.875	1	60	1
2756	0.875	0.875	1	60	1
2757	0.875	0.875	1	60	1
2758	0.875	0.875	1	60	2
2759	0.875	0.875	1	60	2
2760	0.875	0.875	1	60	1
2761	0.875	0.875	1	60	3
2762	0.875	0.875	1	60	4
2763	0.875	0.875	1	60	1
2764	0.875	0.875	1	60	3
2765	0.75	0.875	1	60	2
2766	0.5	0.875	1	60	3
2767	0.625	0.875	1	60	2
2768	0.875	0.875	1	60	2
2769	0.875	0.875	1	60	1
2770	0.5	0.875	1	60	3
2771	0.875	0.875	1	60	1
2772	0.875	0.875	1	60	2
2773	0.6875	0.875	1	60	5
2774	0.875	0.875	1	60	1
2775	0.875	0.875	1	60	2
2776	0.875	0.875	1	60	2
2777	0.875	0.875	1	60	2
2778	0.875	0.875	1	60	3
2779	0.875	0.875	1	60	2
2780	0.875	0.875	1	60	2
2781	0.875	0.875	1	60	2
2782	0.875	0.875	1	60	4
2783	0.8125	0.875	1	60	1
2784	0.875	0.875	1	60	3
2785	0.875	0.875	1	60	5
2786	0.875	0.875	1	60	1
2787	0.875	0.875	1	60	2
2788	0.875	0.875	1	60	2
2789	0.875	0.875	1	60	4
2790	0.75	0.875	1	60	1
2791	0.875	0.875	1	60	1
2792	0.875	0.875	1	60	3
2793	0.875	0.875	1	60	2
2794	0.625	0.875	1	60	3
2795	0.75	0.875	1	60	3
2796	0.875	0.875	1	60	2
2797	0.625	0.875	1	60	6
2798	0.875	0.875	1	60	2
2799	0.875	0.875	1	60	2
2800	0.875	0.875	1	60	2
2801	0.875	0.875	1	60	2
2802	0.875	0.875	1	60	2
2803	0.875	0.875	1	60	4
2804	0.875	0.875	1	60	1
2805	0.75	0.875	1	60	4
2806	0.8125	0.875	1	60	3
2807	0.75	0.875	1	60	4
2808	0.6875	0.875	1	60	2
2809	0.75	0.875	1	60	3
2810	0.75	0.875	1	60	2
2811	0.875	0.875	1	60	1
2812	0.875	0.875	1	60	1
2813	0.875	0.875	1	60	1
2814	0.875	0.875	1	60	1
2815	0.875	0.875	1	60	3
2816	0.875	0.875	1	60	1
2817	0.75	0.875	1	60	3
2818	0.625	0.875	1	60	3
2819	0.625	0.875	1	60	2
2820	0.875	0.875	1	60	1
2821	0.875	0.875	1	60	4
2822	0.875	0.875	1	60	1
2823	0.875	0.875	1	60	3
2824	0.5	0.875	1	60	3
2825	0.875	0.875	1	60	1
2826	0.875	0.875	1	60	2
2827	0.875	0.875	1	60	2
2828	0.875	0.875	1	60	2
2829	0.875	0.875	1	60	1
2830	0.75	0.875	1	60	2
2831	0.875	0.875	1	60	1
2832	0.875	0.875	1	60	3
2833	0.875	0.875	1	60	1
2834	0.75	0.875	1	60	3
2835	0.75	0.875	1	60	1
2836	0.6875	0.875	1	60	3
2837	0.875	0.875	1	60	2
2838	0.875	0.875	1	60	3
2839	0.875	0.875	1	60	3
2840	0.875	0.875	1	60	1
2841	0.875	0.875	1	60	3
2842	0.625	0.875	1	60	3
2843	0.875	0.875	1	60	1
2844	0.875	0.875	1	60	3
2845	0.75	0.875	1	60	4
2846	0.8125	0.875	1	60	1
2847	0.875	0.875	1	60	2
2848	0.6875	0.875	1	60	3
2849	0.875	0.875	1	60	2
2850	0.8125	0.875	1	60	2
2851	0.5	0.875	1	60	3
2852	0.6875	0.875	1	60	2
2853	0.625	0.875	1	60	2
2854	0.875	0.875	1	60	4
2855	0.875	0.875	1	60	4
2856	0.71875	0.875	1	60	4
2857	0.5625	0.875	1	60	4
2858	0.875	0.875	1	60	2
2859	0.875	0.875	1	60	1
2860	0.875	0.875	1	60	1
2861	0.8125	0.875	1	60	6
2862	0.625	0.875	1	60	2
2863	0.875	0.875	1	60	3
2864	0.75	0.875	1	60	4
2865	0.625	0.875	1	60	3
2866	0.875	0.875	1	60	4
2867	0.875	0.875	1	60	2
2868	0.8125	0.875	1	60	1
2869	0.75	0.875	1	60	1
2870	0.8125	0.875	1	60	3
2871	0.75	0.875	1	60	2
2872	0.875	0.875	1	60	4
2873	0.75	0.875	1	60	2
2874	0.875	0.875	1	60	2
2875	0.625	0.875	1	60	4
2876	0.875	0.875	1	60	2
2877	0.875	0.875	1	60	1
2878	0.875	0.875	1	60	1
2879	0.875	0.875	1	60	3
2880	0.875	0.875	1	60	4
2881	0.875	0.875	1	60	4
2882	0.875	0.875	1	60	4
2883	0.875	0.875	1	60	4
2884	0.84375	0.875	1	60	1
2885	0.8125	0.875	1	60	4
2886	0.75	0.875	1	60	4
2887	0.875	0.875	1	60	3
2888	0.6875	0.875	1	60	4
2889	0.6875	0.875	1	60	5
2890	0.875	0.875	1	60	3
2891	0.875	0.875	1	60	1
2892	0.875	0.875	1	60	2
2893	0.625	0.875	1	60	1
2894	0.875	0.875	1	60	3
2895	0.875	0.875	1	60	1
2896	0.875	0.875	1	60	1
2897	0.6875	0.875	1	60	2
2898	0.875	0.875	1	60	2
2899	0.875	0.875	1	60	1
2900	0.875	0.875	1	60	2
2901	0.875	0.875	1	60	4
2902	0.875	0.875	1	60	1
2903	0.875	0.875	1	60	1
2904	0.875	0.875	1	60	1
2905	0.875	0.875	1	60	3
2906	0.875	0.875	1	60	1
2907	0.875	0.875	1	60	2
2908	0.875	0.875	1	60	1
2909	0.875	0.875	1	60	2
2910	0.875	0.875	1	60	2
2911	0.875	0.875	1	60	4
2912	0.875	0.875	1	60	1
2913	0.875	0.875	1	60	1
2914	0.875	0.875	1	60	1
2915	0.75	0.875	1	60	2
2916	0.75	0.875	1	60	2
2917	0.875	0.875	1	60	1
2918	0.875	0.875	1	60	2
2919	0.875	0.875	1	60	3
2920	0.875	0.875	1	60	3
2921	0.875	0.875	1	60	1
2922	0.875	0.875	1	60	2
2923	0.875	0.875	1	60	1
2924	0.875	0.875	1	60	3
2925	0.875	0.875	1	60	1
2926	0.875	0.875	1	60	3
2927	0.6875	0.875	1	60	5
2928	0.625	0.875	1	60	3
2929	0.875	0.875	1	60	1
2930	0.875	0.875	1	60	1
2931	0.875	0.875	1	60	2
2932	0.625	0.875	1	60	1
2933	0.5	0.875	1	60	2
2934	0.875	0.875	1	60	3
2935	0.875	0.875	1	60	1
2936	0.875	0.875	1	60	1
2937	0.625	0.875	1	60	2
2938	0.875	0.875	1	60	2
2939	0.75	0.875	1	60	4
2940	0.875	0.875	1	60	1
2941	0.5	0.875	1	60	1
2942	0.875	0.875	1	60	1
2943	0.6875	0.875	1	60	3
2944	0.8125	0.875	1	60	2
2945	0.875	0.875	1	60	2
2946	0.875	0.875	1	60	3
2947	0.6875	0.875	1	60	4
2948	0.75	0.875	1	60	4
2949	0.875	0.875	1	60	1
2950	0.875	0.875	1	60	1
2951	0.625	0.875	1	60	2
2952	0.75	0.875	1	60	2
2953	0.875	0.875	1	60	2
2954	0.875	0.875	1	60	3
2955	0.875	0.875	1	60	3
2956	0.875	0.875	1	60	1
2957	0.875	0.875	1	60	2
2958	0.875	0.875	1	60	2
2959	0.875	0.875	1	60	4
2960	0.875	0.875	1	60	5
2961	0.875	0.875	1	60	1
2962	0.75	0.875	1	60	2
2963	0.8125	0.875	1	60	2
2964	0.875	0.875	1	60	1
2965	0.5	0.875	1	60	2
2966	0.875	0.875	1	60	2
2967	0.5625	0.875	1	60	2
2968	0.75	0.875	1	60	4
2969	0.875	0.875	1	60	1
2970	0.875	0.875	1	60	3
2971	0.6875	0.875	1	60	3
2972	0.5	0.875	1	60	2
2973	0.875	0.875	1	60	3
2974	0.875	0.875	1	60	3
2975	0.625	0.875	1	60	2
2976	0.875	0.875	1	60	2
2977	0.875	0.875	1	60	3
2978	0.875	0.875	1	60	2
2979	0.875	0.875	1	60	1
2980	0.6875	0.875	1	60	2
2981	0.875	0.875	1	60	2
2982	0.75	0.875	1	60	2
2983	0.875	0.875	1	60	5
2984	0.875	0.875	1	60	4
2985	0.875	0.875	1	60	1
2986	0.625	0.875	1	60	3
2987	0.75	0.875	1	60	3
2988	0.875	0.875	1	60	2
2989	0.875	0.875	1	60	2
2990	0.875	0.875	1	60	1
2991	0.875	0.875	1	60	1
2992	0.875	0.875	1	60	2
2993	0.75	0.875	1	60	3
2994	0.75	0.875	1	60	2
2995	0.8125	0.875	1	60	1
2996	0.875	0.875	1	60	3
2997	0.875	0.875	1	60	2
2998	0.875	0.875	1	60	1
2999	0.875	0.875	1	60	1
3000	0.875	0.875	1	60	3
3001	0.875	0.875	1	60	4
3002	0.875	0.875	1	60	2
3003	0.875	0.875	1	60	1
3004	0.875	0.875	1	60	1
3005	0.875	0.875	1	60	3
3006	0.875	0.875	1	60	3
3007	0.8125	0.875	1	60	3
3008	0.5625	0.875	1	60	2
3009	0.75	0.875	1	60	2
3010	0.5625	0.875	1	60	3
3011	0.6875	0.875	1	60	8
3012	0.875	0.875	1	60	1
3013	0.875	0.875	1	60	3
3014	0.4375	0.875	1	60	2
3015	0.875	0.875	1	60	2
3016	0.875	0.875	1	60	1
3017	0.5625	0.875	1	60	2
3018	0.875	0.875	1	60	3
3019	0.875	0.875	1	60	2
3020	0.5	0.875	1	60	2
3021	0.75	0.875	1	60	3
3022	0.875	0.875	1	60	1
3023	0.625	0.875	1	60	2
3024	0.875	0.875	1	60	4
3025	0.875	0.875	1	60	1
3026	0.625	0.875	1	60	4
3027	0.6875	0.875	1	60	4
3028	0.875	0.875	1	60	3
3029	0.6875	0.875	1	60	4
3030	0.875	0.875	1	60	2
3031	0.875	0.875	1	60	1
3032	0.875	0.875	1	60	1
3033	0.75	0.875	1	60	1
3034	0.875	0.875	1	60	3
3035	0.75	0.875	1	60	3
3036	0.875	0.875	1	60	3
3037	0.875	0.875	1	60	2
3038	0.875	0.875	1	60	2
3039	0.75	0.875	1	60	1
3040	0.875	0.875	1	60	3
3041	0.875	0.875	1	60	3
3042	0.875	0.875	1	60	2
3043	0.875	0.875	1	60	5
3044	0.875	0.875	1	60	1
3045	0.875	0.875	1	60	3
3046	0.6875	0.875	1	60	2
3047	0.875	0.875	1	60	2
3048	0.5625	0.875	1	60	2
3049	0.75	0.875	1	60	1
3050	0.875	0.875	1	60	3
3051	0.875	0.875	1	60	3
3052	0.546875	0.875	1	60	5
3053	0.875	0.875	1	60	2
3054	0.875	0.875	1	60	2
3055	0.875	0.875	1	60	1
3056	0.75	0.875	1	60	3
3057	0.8125	0.875	1	60	3
3058	0.875	0.875	1	60	2
3059	0.875	0.875	1	60	2
3060	0.75	0.875	1	60	2
3061	0.8125	0.875	1	60	1
3062	0.875	0.875	1	60	2
3063	0.625	0.875	1	60	4
3064	0.875	0.875	1	60	3
3065	0.875	0.875	1	60	4
3066	0.875	0.875	1	60	1
3067	0.875	0.875	1	60	2
3068	0.875	0.875	1	60	1
3069	0.625	0.875	1	60	2
3070	0.875	0.875	1	60	2
3071	0.75	0.875	1	60	1
3072	0.75	0.875	1	60	3
3073	0.6875	0.875	1	60	2
3074	0.875	0.875	1	60	4
3075	0.75	0.875	1	60	3
3076	0.875	0.875	1	60	1
3077	0.875	0.875	1	60	3
3078	0.875	0.875	1	60	2
3079	0.875	0.875	1	60	4
3080	0.625	0.875	1	60	3
3081	0.875	0.875	1	60	2
3082	0.875	0.875	1	60	1
3083	0.875	0.875	1	60	1
3084	0.8125	0.875	1	60	5
3085	0.6875	0.875	1	60	5
3086	0.625	0.875	1	60	4
3087	0.875	0.875	1	60	1
3088	0.5625	0.875	1	60	3
3089	0.75	0.875	1	60	3
3090	0.875	0.875	1	60	1
3091	0.875	0.875	1	60	2
3092	0.875	0.875	1	60	1
3093	0.6875	0.875	1	60	4
3094	0.625	0.875	1	60	2
3095	0.75	0.875	1	60	2
3096	0.875	0.875	1	60	2
3097	0.875	0.875	1	60	1
3098	0.875	0.875	1	60	1
3099	0.875	0.875	1	60	1
3100	0.5	0.875	1	60	2
3101	0.6875	0.875	1	60	5
3102	0.875	0.875	1	60	1
3103	0.625	0.875	1	60	3
3104	0.5	0.875	1	60	3
3105	0.875	0.875	1	60	1
3106	0.8125	0.875	1	60	2
3107	0.875	0.875	1	60	1
3108	0.875	0.875	1	60	1
3109	0.75	0.875	1	60	5
3110	0.8125	0.875	1	60	4
3111	0.875	0.875	1	60	2
3112	0.75	0.875	1	60	1
3113	0.8125	0.875	1	60	2
3114	0.875	0.875	1	60	1
3115	0.875	0.875	1	60	1
3116	0.625	0.875	1	60	3
3117	0.875	0.875	1	60	2
3118	0.875	0.875	1	60	2
3119	0.875	0.875	1	60	1
3120	0.875	0.875	1	60	2
3121	0.875	0.875	1	60	1
3122	0.625	0.875	1	60	3
3123	0.875	0.875	1	60	3
3124	0.875	0.875	1	60	3
3125	0.75	0.875	1	60	3
3126	0.875	0.875	1	60	1
3127	0.875	0.875	1	60	3
3128	0.875	0.875	1	60	1
3129	0.875	0.875	1	60	1
3130	0.6875	0.875	1	60	4
3131	0.875	0.875	1	60	5
3132	0.875	0.875	1	60	1
3133	0.625	0.875	1	60	3
3134	0.875	0.875	1	60	1
3135	0.6875	0.875	1	60	4
3136	0.8125	0.875	1	60	3
3137	0.75	0.875	1	60	2
3138	0.75	0.875	1	60	2
3139	0.75	0.875	1	60	4
3140	0.875	0.875	1	60	2
3141	0.875	0.875	1	60	2
3142	0.625	0.875	1	60	3
3143	0.875	0.875	1	60	1
3144	0.875	0.875	1	60	1
3145	0.875	0.875	1	60	1
3146	0.875	0.875	1	60	1
3147	0.8125	0.875	1	60	3
3148	0.875	0.875	1	60	4
3149	0.875	0.875	1	60	3
3150	0.6875	0.875	1	60	4
3151	0.875	0.875	1	60	2
3152	0.75	0.875	1	60	1
3153	0.875	0.875	1	60	2
3154	0.6875	0.875	1	60	2
3155	0.875	0.875	1	60	4
3156	0.875	0.875	1	60	1
3157	0.875	0.875	1	60	2
3158	0.875	0.875	1	60	1
3159	0.875	0.875	1	60	1
3160	0.875	0.875	1	60	4
3161	0.5625	0.875	1	60	4
3162	0.875	0.875	1	60	1
3163	0.6875	0.875	1	60	3
3164	0.75	0.875	1	60	2
3165	0.75	0.875	1	60	3
3166	0.875	0.875	1	60	1
3167	0.5625	0.875	1	60	2
3168	0.8125	0.875	1	60	5
3169	0.875	0.875	1	60	4
3170	0.75	0.875	1	60	4
3171	0.875	0.875	1	60	2
3172	0.875	0.875	1	60	1
3173	0.5	0.875	1	60	3
3174	0.625	0.875	1	60	4
3175	0.6875	0.875	1	60	3
3176	0.875	0.875	1	60	4
3177	0.875	0.875	1	60	1
3178	0.6875	0.875	1	60	4
3179	0.6875	0.875	1	60	1
3180	0.875	0.875	1	60	3
3181	0.875	0.875	1	60	3
3182	0.75	0.875	1	60	4
3183	0.875	0.875	1	60	2
3184	0.875	0.875	1	60	4
3185	0.875	0.875	1	60	4
3186	0.75	0.875	1	60	2
3187	0.875	0.875	1	60	3
3188	0.75	0.875	1	60	4
3189	0.8125	0.875	1	60	3
3190	0.875	0.875	1	60	5
3191	0.875	0.875	1	60	2
3192	0.875	0.875	1	60	1
3193	0.875	0.875	1	60	1
3194	0.875	0.875	1	60	2
3195	0.5625	0.875	1	60	2
3196	0.875	0.875	1	60	2
3197	0.875	0.875	1	60	1
3198	0.875	0.875	1	60	2
3199	0.75	0.875	1	60	4
3200	0.8125	0.875	1	60	4
3201	0.75	0.875	1	60	1
3202	0.875	0.875	1	60	1
3203	0.875	0.875	1	60	1
3204	0.875	0.875	1	60	2
3205	0.875	0.875	1	60	3
3206	0.8125	0.875	1	60	1
3207	0.875	0.875	1	60	2
3208	0.5625	0.875	1	60	4
3209	0.6875	0.875	1	60	2
3210	0.875	0.875	1	60	3
3211	0.5625	0.875	1	60	6
3212	0.75	0.875	1	60	5
3213	0.875	0.875	1	60	1
3214	0.875	0.875	1	60	1
3215	0.625	0.875	1	60	5
3216	0.875	0.875	1	60	2
3217	0.875	0.875	1	60	2
3218	0.875	0.875	1	60	1
3219	0.875	0.875	1	60	2
3220	0.875	0.875	1	60	3
3221	0.875	0.875	1	60	4
3222	0.875	0.875	1	60	1
3223	0.8125	0.875	1	60	2
3224	0.6875	0.875	1	60	5
3225	0.875	0.875	1	60	2
3226	0.75	0.875	1	60	4
3227	0.875	0.875	1	60	3
3228	0.875	0.875	1	60	3
3229	0.875	0.875	1	60	3
3230	0.6875	0.875	1	60	5
3231	0.875	0.875	1	60	2
3232	0.875	0.875	1	60	3
3233	0.875	0.875	1	60	2
3234	0.875	0.875	1	60	2
3235	0.875	0.875	1	60	2
3236	0.875	0.875	1	60	1
3237	0.875	0.875	1	60	1
3238	0.875	0.875	1	60	1
3239	0.875	0.875	1	60	1
3240	0.8125	0.875	1	60	1
3241	0.875	0.875	1	60	1
3242	0.5	0.875	1	60	2
3243	0.875	0.875	1	60	2
3244	0.875	0.875	1	60	1
3245	0.875	0.875	1	60	3
3246	0.875	0.875	1	60	3
3247	0.625	0.875	1	60	5
3248	0.6875	0.875	1	60	2
3249	0.625	0.875	1	60	1
3250	0.875	0.875	1	60	2
3251	0.875	0.875	1	60	2
3252	0.75	0.875	1	60	1
3253	0.75	0.875	1	60	5
3254	0.5625	0.875	1	60	3
3255	0.875	0.875	1	60	2
3256	0.875	0.875	1	60	2
3257	0.875	0.875	1	60	2
3258	0.875	0.875	1	60	1
3259	0.6875	0.875	1	60	3
3260	0.625	0.875	1	60	3
3261	0.75	0.875	1	60	1
3262	0.75	0.875	1	60	1
3263	0.875	0.875	1	60	2
3264	0.875	0.875	1	60	2
3265	0.875	0.875	1	60	1
3266	0.75	0.875	1	60	4
3267	0.625	0.875	1	60	2
3268	0.875	0.875	1	60	1
3269	0.875	0.875	1	60	2
3270	0.875	0.875	1	60	2
3271	0.625	0.875	1	60	3
3272	0.875	0.875	1	60	3
3273	0.875	0.875	1	60	3
3274	0.75	0.875	1	60	2
3275	0.75	0.875	1	60	2
3276	0.875	0.875	1	60	1
3277	0.875	0.875	1	60	2
3278	0.875	0.875	1	60	1
3279	0.875	0.875	1	60	4
3280	0.875	0.875	1	60	2
3281	0.75	0.875	1	60	2
3282	0.875	0.875	1	60	3
3283	0.75	0.875	1	60	4
3284	0.75	0.875	1	60	2
3285	0.875	0.875	1	60	3
3286	0.875	0.875	1	60	3
3287	0.8125	0.875	1	60	1
3288	0.875	0.875	1	60	5
3289	0.875	0.875	1	60	3
3290	0.875	0.875	1	60	2
3291	0.875	0.875	1	60	1
3292	0.875	0.875	1	60	1
3293	0.625	0.875	1	60	3
3294	0.5	0.875	1	60	2
3295	0.875	0.875	1	60	2
3296	0.625	0.875	1	60	2
3297	0.875	0.875	1	60	1
3298	0.875	0.875	1	60	2
3299	0.875	0.875	1	60	3
3300	0.875	0.875	1	60	4
3301	0.875	0.875	1	60	1
3302	0.5	0.875	1	60	1
3303	0.875	0.875	1	60	3
3304	0.875	0.875	1	60	2
3305	0.875	0.875	1	60	3
3306	0.875	0.875	1	60	2
3307	0.875	0.875	1	60	4
3308	0.75	0.875	1	60	2
3309	0.875	0.875	1	60	4
3310	0.875	0.875	1	60	2
3311	0.875	0.875	1	60	2
3312	0.5	0.875	1	60	4
3313	0.875	0.875	1	60	2
3314	0.8125	0.875	1	60	2
3315	0.5625	0.875	1	60	3
3316	0.875	0.875	1	60	1
3317	0.875	0.875	1	60	4
3318	0.75	0.875	1	60	5
3319	0.875	0.875	1	60	2
3320	0.875	0.875	1	60	2
3321	0.875	0.875	1	60	4
3322	0.875	0.875	1	60	1
3323	0.875	0.875	1	60	1
3324	0.875	0.875	1	60	1
3325	0.875	0.875	1	60	2
3326	0.875	0.875	1	60	3
3327	0.875	0.875	1	60	2
3328	0.625	0.875	1	60	4
3329	0.75	0.875	1	60	2
3330	0.875	0.875	1	60	3
3331	0.875	0.875	1	60	1
3332	0.875	0.875	1	60	4
3333	0.875	0.875	1	60	1
3334	0.875	0.875	1	60	2
3335	0.875	0.875	1	60	2
3336	0.75	0.875	1	60	1
3337	0.875	0.875	1	60	4
3338	0.875	0.875	1	60	1
3339	0.875	0.875	1	60	2
3340	0.375	0.875	1	60	5
3341	0.875	0.875	1	60	2
3342	0.5	0.875	1	60	4
3343	0.875	0.875	1	60	2
3344	0.875	0.875	1	60	1
3345	0.625	0.875	1	60	4
3346	0.875	0.875	1	60	2
3347	0.875	0.875	1	60	3
3348	0.875	0.875	1	60	1
3349	0.875	0.875	1	60	3
3350	0.875	0.875	1	60	2
3351	0.875	0.875	1	60	2
3352	0.875	0.875	1	60	4
3353	0.875	0.875	1	60	3
3354	0.875	0.875	1	60	3
3355	0.875	0.875	1	60	4
3356	0.875	0.875	1	60	2
3357	0.875	0.875	1	60	1
3358	0.875	0.875	1	60	1
3359	0.875	0.875	1	60	2
3360	0.875	0.875	1	60	1
3361	0.625	0.875	1	60	6
3362	0.75	0.875	1	60	1
3363	0.875	0.875	1	60	3
3364	0.8125	0.875	1	60	2
3365	0.5	0.875	1	60	3
3366	0.5625	0.875	1	60	2
3367	0.75	0.875	1	60	4
3368	0.875	0.875	1	60	4
3369	0.875	0.875	1	60	2
3370	0.625	0.875	1	60	4
3371	0.875	0.875	1	60	2
3372	0.875	0.875	1	60	1
3373	0.875	0.875	1	60	1
3374	0.875	0.875	1	60	1
3375	0.875	0.875	1	60	1
3376	0.875	0.875	1	60	3
3377	0.8125	0.875	1	60	2
3378	0.875	0.875	1	60	1
3379	0.875	0.875	1	60	1
3380	0.875	0.875	1	60	2
3381	0.875	0.875	1	60	3
3382	0.6875	0.875	1	60	4
3383	0.875	0.875	1	60	6
3384	0.875	0.875	1	60	4
3385	0.875	0.875	1	60	4
3386	0.875	0.875	1	60	1
3387	0.5	0.875	1	60	5
3388	0.875	0.875	1	60	3
3389	0.875	0.875	1	60	3
3390	0.875	0.875	1	60	2
3391	0.6875	0.875	1	60	3
3392	0.875	0.875	1	60	1
3393	0.625	0.875	1	60	5
3394	0.625	0.875	1	60	1
3395	0.875	0.875	1	60	2
3396	0.875	0.875	1	60	1
3397	0.875	0.875	1	60	1
3398	0.875	0.875	1	60	2
3399	0.875	0.875	1	60	3
3400	0.875	0.875	1	60	1
3401	0.5	0.875	1	60	3
3402	0.875	0.875	1	60	3
3403	0.875	0.875	1	60	3
3404	0.875	0.875	1	60	1
3405	0.875	0.875	1	60	1
3406	0.875	0.875	1	60	2
3407	0.75	0.875	1	60	3
3408	0.875	0.875	1	60	2
3409	0.875	0.875	1	60	3
3410	0.875	0.875	1	60	4
3411	0.875	0.875	1	60	1
3412	0.875	0.875	1	60	1
3413	0.75	0.875	1	60	3
3414	0.875	0.875	1	60	2
3415	0.875	0.875	1	60	3
3416	0.875	0.875	1	60	1
3417	0.625	0.875	1	60	2
3418	0.75	0.875	1	60	2
3419	0.875	0.875	1	60	3
3420	0.875	0.875	1	60	3
3421	0.875	0.875	1	60	2
3422	0.875	0.875	1	60	1
3423	0.875	0.875	1	60	1
3424	0.875	0.875	1	60	2
3425	0.75	0.875	1	60	1
3426	0.875	0.875	1	60	3
3427	0.875	0.875	1	60	1
3428	0.875	0.875	1	60	1
3429	0.6875	0.875	1	60	2
3430	0.75	0.875	1	60	1
3431	0.875	0.875	1	60	2
3432	0.8125	0.875	1	60	1
3433	0.875	0.875	1	60	1
3434	0.5	0.875	1	60	3
3435	0.875	0.875	1	60	1
3436	0.875	0.875	1	60	1
3437	0.875	0.875	1	60	1
3438	0.75	0.875	1	60	2
3439	0.75	0.875	1	60	1
3440	0.625	0.875	1	60	2
3441	0.875	0.875	1	60	1
3442	0.875	0.875	1	60	1
3443	0.875	0.875	1	60	1
3444	0.875	0.875	1	60	3
3445	0.875	0.875	1	60	1
3446	0.875	0.875	1	60	2
3447	0.6875	0.875	1	60	1
3448	0.875	0.875	1	60	3
3449	0.875	0.875	1	60	2
3450	0.875	0.875	1	60	1
3451	0.8125	0.875	1	60	4
3452	0.8125	0.875	1	60	2
3453	0.6875	0.875	1	60	3
3454	0.875	0.875	1	60	1
3455	0.875	0.875	1	60	1
3456	0.875	0.875	1	60	1
3457	0.875	0.875	1	60	3
3458	0.875	0.875	1	60	1
3459	0.8125	0.875	1	60	3
3460	0.875	0.875	1	60	1
3461	0.875	0.875	1	60	4
3462	0.625	0.875	1	60	4
3463	0.875	0.875	1	60	2
3464	0.875	0.875	1	60	3
3465	0.75	0.875	1	60	6
3466	0.875	0.875	1	60	1
3467	0.875	0.875	1	60	2
3468	0.875	0.875	1	60	2
3469	0.625	0.875	1	60	1
3470	0.6875	0.875	1	60	4
3471	0.875	0.875	1	60	1
3472	0.75	0.875	1	60	3
3473	0.875	0.875	1	60	1
3474	0.875	0.875	1	60	2
3475	0.6875	0.875	1	60	4
3476	0.8125	0.875	1	60	4
3477	0.75	0.875	1	60	1
3478	0.875	0.875	1	60	3
3479	0.625	0.875	1	60	3
3480	0.875	0.875	1	60	4
3481	0.875	0.875	1	60	2
3482	0.6875	0.875	1	60	2
3483	0.875	0.875	1	60	1
3484	0.625	0.875	1	60	2
3485	0.875	0.875	1	60	2
3486	0.875	0.875	1	60	3
3487	0.625	0.875	1	60	3
3488	0.625	0.875	1	60	2
3489	0.875	0.875	1	60	1
3490	0.5	0.875	1	60	5
3491	0.875	0.875	1	60	2
3492	0.875	0.875	1	60	2
3493	0.875	0.875	1	60	2
3494	0.875	0.875	1	60	3
3495	0.875	0.875	1	60	4
3496	0.75	0.875	1	60	3
3497	0.875	0.875	1	60	2
3498	0.875	0.875	1	60	2
3499	0.625	0.875	1	60	3
3500	0.875	0.875	1	60	2
3501	0.875	0.875	1	60	1
3502	0.875	0.875	1	60	2
3503	0.875	0.875	1	60	3
3504	0.875	0.875	1	60	2
3505	0.8125	0.875	1	60	4
3506	0.5	0.875	1	60	5
3507	0.75	0.875	1	60	2
3508	0.625	0.875	1	60	4
3509	0.75	0.875	1	60	3
3510	0.875	0.875	1	60	2
3511	0.875	0.875	1	60	2
3512	0.875	0.875	1	60	1
3513	0.8125	0.875	1	60	4
3514	0.875	0.875	1	60	3
3515	0.5	0.875	1	60	2
3516	0.625	0.875	1	60	2
3517	0.625	0.875	1	60	2
3518	0.6875	0.875	1	60	2
3519	0.75	0.875	1	60	2
3520	0.875	0.875	1	60	1
3521	0.875	0.875	1	60	1
3522	0.875	0.875	1	60	3
3523	0.875	0.875	1	60	2
3524	0.875	0.875	1	60	1
3525	0.625	0.875	1	60	4
3526	0.875	0.875	1	60	2
3527	0.875	0.875	1	60	1
3528	0.875	0.875	1	60	2
3529	0.875	0.875	1	60	1
3530	0.875	0.875	1	60	2
3531	0.875	0.875	1	60	2
3532	0.875	0.875	1	60	4
3533	0.875	0.875	1	60	2
3534	0.875	0.875	1	60	2
3535	0.875	0.875	1	60	4
3536	0.875	0.875	1	60	3
3537	0.875	0.875	1	60	2
3538	0.625	0.875	1	60	5
3539	0.875	0.875	1	60	2
3540	0.625	0.875	1	60	2
3541	0.8125	0.875	1	60	2
3542	0.75	0.875	1	60	5
3543	0.875	0.875	1	60	1
3544	0.875	0.875	1	60	3
3545	0.875	0.875	1	60	2
3546	0.875	0.875	1	60	1
3547	0.875	0.875	1	60	1
3548	0.875	0.875	1	60	3
3549	0.625	0.875	1	60	3
3550	0.8125	0.875	1	60	1
3551	0.625	0.875	1	60	2
3552	0.875	0.875	1	60	1
3553	0.875	0.875	1	60	2
3554	0.5	0.875	1	60	7
3555	0.875	0.875	1	60	1
3556	0.875	0.875	1	60	2
3557	0.875	0.875	1	60	4
3558	0.875	0.875	1	60	1
3559	0.625	0.875	1	60	4
3560	0.875	0.875	1	60	2
3561	0.875	0.875	1	60	1
3562	0.875	0.875	1	60	2
3563	0.625	0.875	1	60	3
3564	0.875	0.875	1	60	6
3565	0.625	0.875	1	60	1
3566	0.8125	0.875	1	60	2
3567	0.875	0.875	1	60	1
3568	0.875	0.875	1	60	2
3569	0.875	0.875	1	60	3
3570	0.75	0.875	1	60	1
3571	0.875	0.875	1	60	2
3572	0.625	0.875	1	60	3
3573	0.875	0.875	1	60	1
3574	0.875	0.875	1	60	2
3575	0.875	0.875	1	60	2
3576	0.875	0.875	1	60	3
3577	0.875	0.875	1	60	1
3578	0.75	0.875	1	60	2
3579	0.75	0.875	1	60	2
3580	0.875	0.875	1	60	1
3581	0.625	0.875	1	60	1
3582	0.875	0.875	1	60	3
3583	0.875	0.875	1	60	3
3584	0.875	0.875	1	60	1
3585	0.875	0.875	1	60	1
3586	0.75	0.875	1	60	5
3587	0.875	0.875	1	60	1
3588	0.875	0.875	1	60	1
3589	0.875	0.875	1	60	4
3590	0.875	0.875	1	60	3
3591	0.875	0.875	1	60	2
3592	0.875	0.875	1	60	3
3593	0.5625	0.875	1	60	3
3594	0.875	0.875	1	60	4
3595	0.75	0.875	1	60	3
3596	0.875	0.875	1	60	2
3597	0.875	0.875	1	60	2
3598	0.875	0.875	1	60	3
3599	0.875	0.875	1	60	1
3600	0.875	0.875	1	60	3
3601	0.875	0.875	1	60	3
3602	0.875	0.875	1	60	2
3603	0.875	0.875	1	60	2
3604	0.6875	0.875	1	60	3
3605	0.625	0.875	1	60	4
3606	0.875	0.875	1	60	1
3607	0.875	0.875	1	60	2
3608	0.8125	0.875	1	60	2
3609	0.875	0.875	1	60	1
3610	0.875	0.875	1	60	2
3611	0.875	0.875	1	60	4
3612	0.875	0.875	1	60	2
3613	0.875	0.875	1	60	3
3614	0.625	0.875	1	60	3
3615	0.8125	0.875	1	60	2
3616	0.875	0.875	1	60	2
3617	0.8125	0.875	1	60	4
3618	0.875	0.875	1	60	1
3619	0.875	0.875	1	60	2
3620	0.875	0.875	1	60	4
3621	0.875	0.875	1	60	1
3622	0.875	0.875	1	60	4
3623	0.75	0.875	1	60	4
3624	0.8125	0.875	1	60	2
3625	0.875	0.875	1	60	2
3626	0.875	0.875	1	60	4
3627	0.875	0.875	1	60	1
3628	0.625	0.875	1	60	1
3629	0.875	0.875	1	60	1
3630	0.875	0.875	1	60	2
3631	0.875	0.875	1	60	2
3632	0.875	0.875	1	60	3
3633	0.75	0.875	1	60	1
3634	0.75	0.875	1	60	3
3635	0.6875	0.875	1	60	4
3636	0.6875	0.875	1	60	1
3637	0.8125	0.875	1	60	3
3638	0.875	0.875	1	60	2
3639	0.8125	0.875	1	60	1
3640	0.875	0.875	1	60	2
3641	0.625	0.875	1	60	5
3642	0.875	0.875	1	60	3
3643	0.875	0.875	1	60	3
3644	0.875	0.875	1	60	1
3645	0.625	0.875	1	60	3
3646	0.75	0.875	1	60	3
3647	0.875	0.875	1	60	2
3648	0.875	0.875	1	60	1
3649	0.875	0.875	1	60	2
3650	0.8125	0.875	1	60	3
3651	0.875	0.875	1	60	3
3652	0.875	0.875	1	60	2
3653	0.875	0.875	1	60	4
3654	0.875	0.875	1	60	1
3655	0.8125	0.875	1	60	3
3656	0.875	0.875	1	60	2
3657	0.875	0.875	1	60	5
3658	0.625	0.875	1	60	3
3659	0.875	0.875	1	60	2
3660	0.875	0.875	1	60	3
3661	0.75	0.875	1	60	2
3662	0.875	0.875	1	60	1
3663	0.625	0.875	1	60	4
3664	0.875	0.875	1	60	1
3665	0.875	0.875	1	60	1
3666	0.875	0.875	1	60	1
3667	0.625	0.875	1	60	4
3668	1	1	1	60	4
## Seeds    : 1502476879, 69338
## Runtime  : 0h 0m 7s.
## Begins at: Sun Aug 30 12:01:19 2020
## Ends   at: Sun Aug 30 12:01:26 2020
