1	0.515625
2	0.515625
3	0.53125
4	0.53125
5	0.53125
6	0.5625
7	0.5625
8	0.625
9	0.625
10	0.625
11	0.625
12	0.640625
13	0.640625
14	0.640625
15	0.640625
16	0.65625
17	0.65625
18	0.65625
19	0.65625
20	0.65625
21	0.65625
22	0.65625
23	0.65625
24	0.65625
25	0.65625
26	0.65625
27	0.65625
28	0.65625
29	0.65625
30	0.65625
31	0.65625
32	0.65625
33	0.65625
34	0.71875
35	0.71875
36	0.71875
37	0.71875
38	0.71875
39	0.71875
40	0.71875
41	0.71875
42	0.71875
43	0.71875
44	0.71875
45	0.734375
46	0.734375
47	0.734375
48	0.734375
49	0.734375
50	0.734375
51	0.734375
52	0.75
53	0.75
54	0.75
55	0.75
56	0.75
57	0.75
58	0.75
59	0.75
60	0.75
61	0.75
62	0.75
63	0.75
64	0.75
65	0.75
66	0.75
67	0.75
68	0.75
69	0.75
70	0.75
71	0.75
72	0.75
73	0.75
74	0.75
75	0.75
76	0.75
77	0.75
78	0.75
79	0.75
80	0.75
81	0.75
82	0.75
83	0.75
84	0.75
85	0.75
86	0.75
87	0.75
88	0.75
89	0.75
90	0.75
91	0.75
92	0.75
93	0.75
94	0.75
95	0.75
96	0.75
97	0.75
98	0.75
99	0.75
100	0.75
101	0.75
102	0.75
103	0.765625
104	0.765625
105	0.765625
106	0.765625
107	0.765625
108	0.765625
109	0.765625
110	0.765625
111	0.765625
112	0.765625
113	0.765625
114	0.765625
115	0.765625
116	0.765625
117	0.765625
118	0.765625
119	0.765625
120	0.765625
121	0.765625
122	0.765625
123	0.765625
124	0.765625
125	0.765625
126	0.765625
127	0.765625
128	0.765625
129	0.765625
130	0.765625
131	0.765625
132	0.765625
133	0.765625
134	0.765625
135	0.765625
136	0.765625
137	0.765625
138	0.765625
139	0.765625
140	0.765625
141	0.765625
142	0.765625
143	0.765625
144	0.765625
145	0.765625
146	0.765625
147	0.765625
148	0.765625
149	0.765625
150	0.765625
151	0.765625
152	0.765625
153	0.765625
154	0.765625
155	0.765625
156	0.765625
157	0.765625
158	0.765625
159	0.765625
160	0.765625
161	0.765625
162	0.765625
163	0.765625
164	0.765625
165	0.765625
166	0.765625
167	0.765625
168	0.765625
169	0.765625
170	0.765625
171	0.765625
172	0.765625
173	0.8125
174	0.8125
175	0.8125
176	0.8125
177	0.8125
178	0.8125
179	0.8125
180	0.8125
181	0.8125
182	0.8125
183	0.8125
184	0.8125
185	0.8125
186	0.8125
187	0.8125
188	0.8125
189	0.8125
190	0.8125
191	0.8125
192	0.8125
193	0.8125
194	0.8125
195	0.8125
196	0.8125
197	0.8125
198	0.8125
199	0.8125
200	0.8125
201	0.8125
202	0.8125
203	0.8125
204	0.8125
205	0.8125
206	0.8125
207	0.8125
208	0.8125
209	0.8125
210	0.8125
211	0.8125
212	0.8125
213	0.8125
214	0.8125
215	0.8125
216	0.8125
217	0.8125
218	0.8125
219	0.8125
220	0.8125
221	0.8125
222	0.8125
223	0.8125
224	0.8125
225	0.8125
226	0.8125
227	0.8125
228	0.8125
229	0.8125
230	0.8125
231	0.8125
232	0.8125
233	0.8125
234	0.8125
235	0.8125
236	0.8125
237	0.8125
238	0.8125
239	0.8125
240	0.8125
241	0.8125
242	0.8125
243	0.8125
244	0.8125
245	0.8125
246	0.8125
247	0.8125
248	0.8125
249	0.8125
250	0.8125
251	0.8125
252	0.8125
253	0.8125
254	0.8125
255	0.8125
256	0.8125
257	0.8125
258	0.8125
259	0.8125
260	0.8125
261	0.8125
262	0.8125
263	0.8125
264	0.8125
265	0.8125
266	0.8125
267	0.828125
268	0.828125
269	0.828125
270	0.828125
271	0.828125
272	0.828125
273	0.828125
274	0.828125
275	0.828125
276	0.828125
277	0.828125
278	0.84375
279	0.84375
280	0.84375
281	0.84375
282	0.84375
283	0.84375
284	0.84375
285	0.84375
286	0.84375
287	0.84375
288	0.84375
289	0.84375
290	0.84375
291	0.84375
292	0.84375
293	0.84375
294	0.84375
295	0.84375
296	0.84375
297	0.84375
298	0.84375
299	0.84375
300	0.84375
301	0.84375
302	0.84375
303	0.84375
304	0.84375
305	0.84375
306	0.84375
307	0.84375
308	0.84375
309	0.84375
310	0.84375
311	0.84375
312	0.84375
313	0.84375
314	0.84375
315	0.84375
316	0.84375
317	0.84375
318	0.84375
319	0.84375
320	0.84375
321	0.84375
322	0.84375
323	0.84375
324	0.84375
325	0.84375
326	0.84375
327	0.84375
328	0.84375
329	0.84375
330	0.84375
331	0.84375
332	0.84375
333	0.84375
334	0.84375
335	0.84375
336	0.84375
337	0.84375
338	0.84375
339	0.84375
340	0.84375
341	0.84375
342	0.84375
343	0.84375
344	0.84375
345	0.84375
346	0.84375
347	0.84375
348	0.84375
349	0.84375
350	0.84375
351	0.84375
352	0.84375
353	0.84375
354	0.84375
355	0.84375
356	0.84375
357	0.84375
358	0.84375
359	0.84375
360	0.84375
361	0.84375
362	0.84375
363	0.84375
364	0.84375
365	0.84375
366	0.84375
367	0.84375
368	0.84375
369	0.84375
370	0.84375
371	0.84375
372	0.84375
373	0.84375
374	0.84375
375	0.84375
376	0.84375
377	0.84375
378	0.84375
379	0.84375
380	0.84375
381	0.84375
382	0.84375
383	0.84375
384	0.84375
385	0.84375
386	0.84375
387	0.84375
388	0.84375
389	0.84375
390	0.84375
391	0.875
392	0.875
393	0.875
394	0.875
395	0.875
396	0.875
397	0.875
398	0.875
399	0.875
400	0.875
401	0.875
402	0.875
403	0.875
404	0.875
405	0.875
406	0.875
407	0.875
408	0.875
409	0.875
410	0.875
411	0.875
412	0.875
413	0.875
414	0.875
415	0.875
416	0.875
417	0.875
418	0.875
419	0.875
420	0.875
421	0.875
422	0.875
423	0.875
424	0.875
425	0.875
426	0.875
427	0.875
428	0.875
429	0.875
430	0.875
431	0.875
432	0.875
433	0.875
434	0.875
435	0.875
436	0.875
437	0.875
438	0.875
439	0.875
440	0.875
441	0.875
442	0.875
443	0.875
444	0.875
445	0.875
446	0.875
447	0.875
448	0.875
449	0.875
450	0.875
451	0.875
452	0.875
453	0.875
454	0.875
455	0.875
456	0.875
457	0.875
458	0.875
459	0.875
460	0.875
461	0.875
462	0.875
463	0.875
464	0.875
465	0.875
466	0.875
467	0.875
468	0.875
469	0.875
470	0.875
471	0.875
472	0.875
473	0.875
474	0.875
475	0.875
476	0.875
477	0.875
478	0.875
479	0.875
480	0.875
481	0.875
482	0.875
483	0.875
484	0.875
485	0.875
486	0.875
487	0.875
488	0.875
489	0.875
490	0.875
491	0.875
492	0.875
493	0.875
494	0.875
495	0.875
496	0.875
497	0.875
498	0.875
499	0.875
500	0.875
501	0.875
502	0.875
503	0.875
504	0.875
505	0.875
506	0.875
507	0.875
508	0.875
509	0.875
510	0.875
511	0.875
512	0.875
513	0.875
514	0.875
515	0.875
516	0.875
517	0.875
518	0.875
519	0.875
520	0.875
521	0.875
522	0.875
523	0.875
524	0.875
525	0.875
526	0.875
527	0.875
528	0.875
529	0.875
530	0.875
531	0.875
532	0.875
533	0.875
534	0.875
535	0.875
536	0.875
537	0.875
538	0.875
539	0.875
540	0.875
541	0.875
542	0.875
543	0.875
544	0.875
545	0.875
546	0.875
547	0.875
548	0.875
549	0.875
550	0.875
551	0.875
552	0.875
553	0.875
554	0.875
555	0.875
556	0.875
557	0.875
558	0.875
559	0.875
560	0.875
561	0.875
562	0.875
563	0.875
564	0.875
565	0.875
566	0.875
567	0.875
568	0.875
569	0.875
570	0.875
571	0.875
572	0.875
573	0.875
574	0.875
575	0.875
576	0.875
577	0.875
578	0.875
579	0.875
580	0.875
581	0.875
582	0.875
583	0.875
584	0.875
585	0.875
586	0.875
587	0.875
588	0.875
589	0.875
590	0.875
591	0.875
592	0.875
593	0.875
594	0.875
595	0.875
596	0.875
597	0.875
598	0.875
599	0.875
600	0.875
601	0.875
602	0.875
603	0.875
604	0.875
605	0.875
606	0.875
607	0.875
608	0.875
609	0.875
610	0.875
611	0.875
612	0.875
613	0.875
614	0.875
615	0.875
616	0.875
617	0.875
618	0.875
619	0.875
620	0.875
621	0.875
622	0.875
623	0.875
624	0.875
625	0.875
626	0.875
627	0.875
628	0.875
629	0.875
630	0.875
631	0.875
632	0.875
633	0.875
634	0.875
635	0.875
636	0.875
637	0.875
638	0.875
639	0.875
640	0.875
641	0.875
642	0.875
643	0.875
644	0.875
645	0.875
646	0.875
647	0.875
648	0.875
649	0.875
650	0.875
651	0.875
652	0.875
653	0.875
654	0.875
655	0.875
656	0.875
657	0.875
658	0.875
659	0.875
660	0.875
661	0.875
662	0.875
663	0.875
664	0.875
665	0.875
666	0.875
667	0.875
668	0.875
669	0.875
670	0.875
671	0.875
672	0.875
673	0.875
674	0.875
675	0.875
676	0.875
677	0.875
678	0.875
679	0.875
680	0.875
681	0.875
682	0.875
683	0.875
684	0.875
685	0.875
686	0.875
687	0.875
688	0.875
689	0.875
690	0.875
691	0.875
692	0.875
693	0.875
694	0.875
695	0.875
696	0.875
697	0.875
698	0.875
699	0.875
700	0.875
701	0.875
702	0.875
703	0.875
704	0.875
705	0.875
706	0.875
707	0.875
708	0.875
709	0.875
710	0.875
711	0.875
712	0.875
713	0.875
714	0.875
715	0.875
716	0.875
717	0.875
718	0.875
719	0.875
720	0.875
721	0.875
722	0.875
723	0.875
724	0.875
725	0.875
726	0.875
727	0.875
728	0.875
729	0.875
730	0.875
731	0.875
732	0.875
733	0.875
734	0.875
735	0.875
736	0.875
737	0.875
738	0.875
739	0.875
740	0.875
741	0.875
742	0.875
743	0.875
744	0.875
745	0.875
746	0.875
747	0.875
748	0.875
749	0.875
750	0.875
751	0.875
752	0.875
753	0.875
754	0.875
755	0.875
756	0.875
757	0.875
758	0.875
759	0.875
760	0.875
761	0.875
762	0.875
763	0.875
764	0.875
765	0.875
766	0.875
767	0.875
768	0.875
769	0.875
770	0.875
771	0.875
772	0.875
773	0.875
774	0.875
775	0.875
776	0.875
777	0.875
778	0.875
779	0.875
780	0.875
781	0.875
782	0.875
783	0.875
784	0.875
785	0.875
786	0.875
787	0.875
788	0.875
789	0.875
790	0.875
791	0.875
792	0.875
793	0.875
794	0.875
795	0.875
796	0.875
797	0.875
798	0.875
799	0.875
800	0.875
801	0.875
802	0.875
803	0.875
804	0.875
805	0.875
806	0.875
807	0.875
808	0.875
809	0.875
810	0.875
811	0.875
812	0.875
813	0.875
814	0.875
815	0.875
816	0.875
817	0.875
818	0.875
819	0.875
820	0.875
821	0.875
822	0.875
823	0.875
824	0.875
825	0.875
826	0.875
827	0.875
828	0.875
829	0.875
830	0.875
831	0.875
832	0.875
833	0.875
834	0.875
835	0.875
836	0.875
837	0.875
838	0.875
839	0.875
840	0.875
841	0.875
842	0.875
843	0.875
844	0.875
845	0.875
846	0.875
847	0.875
848	0.875
849	0.875
850	0.875
851	0.875
852	0.875
853	0.875
854	0.875
855	0.875
856	0.875
857	0.875
858	0.875
859	0.875
860	0.875
861	0.875
862	0.875
863	0.875
864	0.875
865	0.875
866	0.875
867	0.875
868	0.875
869	0.875
870	0.875
871	0.875
872	0.875
873	0.875
874	0.875
875	0.875
876	0.875
877	0.875
878	0.875
879	0.875
880	0.875
881	0.875
882	0.875
883	0.875
884	0.875
885	0.875
886	0.875
887	0.875
888	0.875
889	0.875
890	0.875
891	0.875
892	0.875
893	0.875
894	0.875
895	0.875
896	0.875
897	0.875
898	0.875
899	0.875
900	0.875
901	0.875
902	0.875
903	0.875
904	0.875
905	0.875
906	0.875
907	0.875
908	0.875
909	0.875
910	0.875
911	0.875
912	0.875
913	0.875
914	0.875
915	0.875
916	0.875
917	0.875
918	0.875
919	0.875
920	0.875
921	0.875
922	0.875
923	0.875
924	0.875
925	0.875
926	0.875
927	0.875
928	0.875
929	0.875
930	0.875
931	0.875
932	0.875
933	0.875
934	0.875
935	0.875
936	0.875
937	0.875
938	0.875
939	0.875
940	0.875
941	0.875
942	0.875
943	0.875
944	0.875
945	0.875
946	0.875
947	0.875
948	0.875
949	0.875
950	0.875
951	0.875
952	0.875
953	0.875
954	0.875
955	0.875
956	0.875
957	0.875
958	0.875
959	0.875
960	0.875
961	0.875
962	0.875
963	0.875
964	0.875
965	0.875
966	0.875
967	0.875
968	0.875
969	0.875
970	0.875
971	0.875
972	0.875
973	0.875
974	0.875
975	0.875
976	0.875
977	0.875
978	0.875
979	0.875
980	0.875
981	0.875
982	0.875
983	0.875
984	0.875
985	0.875
986	0.875
987	0.875
988	0.875
989	0.875
990	0.875
991	0.875
992	0.875
993	0.875
994	0.875
995	0.875
996	0.875
997	0.875
998	0.875
999	0.875
1000	0.875
1001	0.875
1002	0.875
1003	0.875
1004	0.875
1005	0.875
1006	0.875
1007	0.875
1008	0.875
1009	0.875
1010	0.875
1011	0.875
1012	0.875
1013	0.875
1014	0.875
1015	0.875
1016	0.875
1017	0.875
1018	0.875
1019	0.875
1020	0.875
1021	0.875
1022	0.875
1023	0.875
1024	0.875
1025	0.875
1026	0.875
1027	0.875
1028	0.875
1029	0.875
1030	0.875
1031	0.875
1032	0.875
1033	0.875
1034	0.875
1035	0.875
1036	0.875
1037	0.875
1038	0.875
1039	0.875
1040	0.875
1041	0.875
1042	0.875
1043	0.875
1044	0.875
1045	0.875
1046	0.875
1047	0.875
1048	0.875
1049	0.875
1050	0.875
1051	0.875
1052	0.875
1053	0.875
1054	0.875
1055	0.875
1056	0.875
1057	0.875
1058	0.875
1059	0.875
1060	0.875
1061	0.875
1062	0.875
1063	0.875
1064	0.875
1065	0.875
1066	0.875
1067	0.875
1068	0.875
1069	0.875
1070	0.875
1071	0.875
1072	0.875
1073	0.875
1074	0.875
1075	0.875
1076	0.875
1077	0.875
1078	0.875
1079	0.875
1080	0.875
1081	0.875
1082	0.875
1083	0.875
1084	0.875
1085	0.875
1086	0.875
1087	0.875
1088	0.875
1089	0.875
1090	0.875
1091	0.875
1092	0.875
1093	0.875
1094	0.875
1095	0.875
1096	0.875
1097	0.875
1098	0.875
1099	0.875
1100	0.875
1101	0.875
1102	0.875
1103	0.875
1104	0.875
1105	0.875
1106	0.875
1107	0.875
1108	0.875
1109	0.875
1110	0.875
1111	0.875
1112	0.875
1113	0.875
1114	0.875
1115	0.875
1116	0.875
1117	0.875
1118	0.875
1119	0.875
1120	0.875
1121	0.875
1122	0.875
1123	0.875
1124	0.875
1125	0.875
1126	0.875
1127	0.875
1128	0.875
1129	0.875
1130	0.875
1131	0.875
1132	0.875
1133	0.875
1134	0.875
1135	0.875
1136	0.875
1137	0.875
1138	0.875
1139	0.875
1140	0.875
1141	0.875
1142	0.875
1143	0.875
1144	0.875
1145	0.875
1146	0.875
1147	0.875
1148	0.875
1149	0.875
1150	0.875
1151	0.875
1152	0.875
1153	0.875
1154	0.875
1155	0.875
1156	0.875
1157	0.875
1158	0.875
1159	0.875
1160	0.875
1161	0.875
1162	0.875
1163	0.875
1164	0.875
1165	0.875
1166	0.875
1167	0.875
1168	0.875
1169	0.875
1170	0.875
1171	0.875
1172	0.875
1173	0.875
1174	0.875
1175	0.875
1176	0.875
1177	0.875
1178	0.875
1179	0.875
1180	0.875
1181	0.875
1182	0.875
1183	0.875
1184	0.875
1185	0.875
1186	0.875
1187	0.875
1188	0.875
1189	0.875
1190	0.875
1191	0.875
1192	0.875
1193	0.875
1194	1
## No. organisms: 20
## Seeds        : 1502476879, 69338
## Runtime      : 0h 0m 33s.
## Started at   : Sun Aug 30 12:02:32 2020
## Ended at     : Sun Aug 30 12:03:05 2020
