1	0.5
2	0.5
3	0.5
4	0.5
5	0.515625
6	0.515625
7	0.53125
8	0.53125
9	0.53125
10	0.53125
11	0.53125
12	0.53125
13	0.53125
14	0.53125
15	0.53125
16	0.53125
17	0.53125
18	0.53125
19	0.53125
20	0.53125
21	0.53125
22	0.53125
23	0.53125
24	0.53125
25	0.53125
26	0.53125
27	0.53125
28	0.53125
29	0.53125
30	0.53125
31	0.53125
32	0.53125
33	0.53125
34	0.53125
35	0.53125
36	0.53125
37	0.5625
38	0.5625
39	0.5625
40	0.5625
41	0.5625
42	0.5625
43	0.5625
44	0.5625
45	0.5625
46	0.5625
47	0.5625
48	0.5625
49	0.59375
50	0.59375
51	0.59375
52	0.65625
53	0.65625
54	0.65625
55	0.65625
56	0.65625
57	0.65625
58	0.65625
59	0.65625
60	0.65625
61	0.65625
62	0.65625
63	0.65625
64	0.6875
65	0.6875
66	0.6875
67	0.6875
68	0.6875
69	0.71875
70	0.71875
71	0.71875
72	0.71875
73	0.71875
74	0.71875
75	0.71875
76	0.71875
77	0.75
78	0.75
79	0.75
80	0.75
81	0.75
82	0.75
83	0.75
84	0.75
85	0.75
86	0.75
87	0.75
88	0.75
89	0.75
90	0.75
91	0.75
92	0.75
93	0.75
94	0.75
95	0.75
96	0.75
97	0.75
98	0.75
99	0.75
100	0.75
101	0.75
102	0.75
103	0.75
104	0.75
105	0.75
106	0.75
107	0.75
108	0.75
109	0.75
110	0.75
111	0.75
112	0.75
113	0.75
114	0.75
115	0.75
116	0.75
117	0.75
118	0.75
119	0.75
120	0.75
121	0.75
122	0.75
123	0.75
124	0.75
125	0.75
126	0.75
127	0.75
128	0.75
129	0.75
130	0.75
131	0.75
132	0.75
133	0.75
134	0.75
135	0.75
136	0.75
137	0.75
138	0.75
139	0.75
140	0.75
141	0.75
142	0.75
143	0.75
144	0.75
145	0.75
146	0.75
147	0.75
148	0.75
149	0.75
150	0.75
151	0.75
152	0.75
153	0.75
154	0.75
155	0.75
156	0.75
157	0.75
158	0.75
159	0.75
160	0.75
161	0.75
162	0.75
163	0.75
164	0.75
165	0.75
166	0.75
167	0.75
168	0.75
169	0.75
170	0.75
171	0.75
172	0.75
173	0.75
174	0.75
175	0.75
176	0.75
177	0.75
178	0.75
179	0.75
180	0.75
181	0.75
182	0.75
183	0.75
184	0.75
185	0.75
186	0.75
187	0.75
188	0.75
189	0.75
190	0.75
191	0.75
192	0.75
193	0.75
194	0.75
195	0.75
196	0.75
197	0.75
198	0.75
199	0.75
200	0.75
201	0.75
202	0.75
203	0.75
204	0.75
205	0.75
206	0.75
207	0.75
208	0.75
209	0.75
210	0.75
211	0.75
212	0.75
213	0.75
214	0.75
215	0.75
216	0.75
217	0.75
218	0.75
219	0.75
220	0.75
221	0.75
222	0.75
223	0.75
224	0.75
225	0.75
226	0.75
227	0.75
228	0.75
229	0.75
230	0.75
231	0.78125
232	0.78125
233	0.78125
234	0.78125
235	0.78125
236	0.78125
237	0.78125
238	0.78125
239	0.78125
240	0.78125
241	0.78125
242	0.78125
243	0.78125
244	0.78125
245	0.78125
246	0.78125
247	0.78125
248	0.78125
249	0.78125
250	0.78125
251	0.78125
252	0.78125
253	0.78125
254	0.78125
255	0.78125
256	0.78125
257	0.78125
258	0.8125
259	0.8125
260	0.8125
261	0.8125
262	0.8125
263	0.8125
264	0.8125
265	0.8125
266	0.8125
267	0.8125
268	0.8125
269	0.8125
270	0.8125
271	0.8125
272	0.8125
273	0.8125
274	0.8125
275	0.8125
276	0.8125
277	0.8125
278	0.8125
279	0.8125
280	0.8125
281	0.8125
282	0.8125
283	0.8125
284	0.8125
285	0.8125
286	0.8125
287	0.8125
288	0.8125
289	0.8125
290	0.8125
291	0.8125
292	0.8125
293	0.8125
294	0.8125
295	0.8125
296	0.8125
297	0.8125
298	0.8125
299	0.8125
300	0.8125
301	0.8125
302	0.8125
303	0.8125
304	0.8125
305	0.8125
306	0.8125
307	0.8125
308	0.8125
309	0.8125
310	0.8125
311	0.8125
312	0.8125
313	0.8125
314	0.8125
315	0.8125
316	0.8125
317	0.8125
318	0.8125
319	0.8125
320	0.8125
321	0.8125
322	0.8125
323	0.8125
324	0.8125
325	0.8125
326	0.8125
327	0.8125
328	0.8125
329	0.8125
330	0.8125
331	0.8125
332	0.8125
333	0.8125
334	0.8125
335	0.8125
336	0.8125
337	0.8125
338	0.8125
339	0.8125
340	0.8125
341	0.8125
342	0.8125
343	0.8125
344	0.8125
345	0.8125
346	0.8125
347	0.8125
348	0.8125
349	0.8125
350	0.8125
351	0.8125
352	0.8125
353	0.8125
354	0.8125
355	0.8125
356	0.8125
357	0.8125
358	0.8125
359	0.8125
360	0.8125
361	0.8125
362	0.8125
363	0.8125
364	0.8125
365	0.8125
366	0.8125
367	0.8125
368	0.8125
369	0.8125
370	0.8125
371	0.8125
372	0.8125
373	0.8125
374	0.8125
375	0.8125
376	0.8125
377	0.8125
378	0.8125
379	0.8125
380	0.8125
381	0.8125
382	0.8125
383	0.8125
384	0.8125
385	0.8125
386	0.8125
387	0.8125
388	0.8125
389	0.8125
390	0.8125
391	0.8125
392	0.8125
393	0.8125
394	0.8125
395	0.8125
396	0.8125
397	0.8125
398	0.8125
399	0.8125
400	0.8125
401	0.8125
402	0.8125
403	0.8125
404	0.8125
405	0.8125
406	0.8125
407	0.8125
408	0.8125
409	0.8125
410	0.8125
411	0.8125
412	0.8125
413	0.8125
414	0.8125
415	0.8125
416	0.8125
417	0.8125
418	0.8125
419	0.8125
420	0.8125
421	0.8125
422	0.8125
423	0.8125
424	0.8125
425	0.8125
426	0.84375
427	0.84375
428	0.84375
429	0.84375
430	0.84375
431	0.84375
432	0.84375
433	0.84375
434	0.84375
435	0.84375
436	0.84375
437	0.84375
438	0.84375
439	0.84375
440	0.84375
441	0.84375
442	0.84375
443	0.84375
444	0.84375
445	0.84375
446	0.84375
447	0.84375
448	0.84375
449	0.84375
450	0.84375
451	0.84375
452	0.84375
453	0.84375
454	0.84375
455	0.84375
456	0.84375
457	0.84375
458	0.84375
459	0.84375
460	0.84375
461	0.84375
462	0.84375
463	0.84375
464	0.84375
465	0.84375
466	0.84375
467	0.84375
468	0.84375
469	0.84375
470	0.84375
471	0.84375
472	0.84375
473	0.84375
474	0.84375
475	0.84375
476	0.84375
477	0.84375
478	0.84375
479	0.84375
480	0.84375
481	0.84375
482	0.84375
483	0.84375
484	0.84375
485	0.84375
486	0.84375
487	0.84375
488	0.84375
489	0.84375
490	0.84375
491	0.84375
492	0.84375
493	0.84375
494	0.84375
495	0.84375
496	0.84375
497	0.84375
498	0.84375
499	0.84375
500	0.84375
501	0.84375
502	0.84375
503	0.84375
504	0.84375
505	0.84375
506	0.84375
507	0.84375
508	0.84375
509	0.84375
510	0.84375
511	0.84375
512	0.84375
513	0.84375
514	0.84375
515	0.84375
516	0.84375
517	0.84375
518	0.84375
519	0.84375
520	0.84375
521	0.84375
522	0.84375
523	0.84375
524	0.84375
525	0.84375
526	0.84375
527	0.84375
528	0.84375
529	0.84375
530	0.84375
531	0.84375
532	0.84375
533	0.84375
534	0.84375
535	0.84375
536	0.84375
537	0.84375
538	0.84375
539	0.84375
540	0.84375
541	0.84375
542	0.84375
543	0.84375
544	0.84375
545	0.84375
546	0.84375
547	0.84375
548	0.84375
549	0.84375
550	0.84375
551	0.84375
552	0.84375
553	0.84375
554	0.84375
555	0.84375
556	0.84375
557	0.84375
558	0.84375
559	0.84375
560	0.84375
561	0.84375
562	0.84375
563	0.84375
564	0.84375
565	0.84375
566	0.84375
567	0.84375
568	0.84375
569	0.84375
570	0.84375
571	0.84375
572	0.84375
573	0.84375
574	0.84375
575	0.84375
576	0.84375
577	0.84375
578	0.84375
579	0.84375
580	0.84375
581	0.84375
582	0.84375
583	0.84375
584	0.84375
585	0.84375
586	0.84375
587	0.84375
588	0.84375
589	0.84375
590	0.84375
591	0.84375
592	0.84375
593	0.84375
594	0.84375
595	0.84375
596	0.84375
597	0.84375
598	0.84375
599	0.84375
600	0.84375
601	0.84375
602	0.84375
603	0.84375
604	0.84375
605	0.84375
606	0.84375
607	0.84375
608	0.84375
609	0.84375
610	0.84375
611	0.84375
612	0.84375
613	0.84375
614	0.84375
615	0.84375
616	0.84375
617	0.84375
618	0.84375
619	0.84375
620	0.84375
621	0.84375
622	0.84375
623	0.84375
624	0.84375
625	0.84375
626	0.84375
627	0.84375
628	0.84375
629	0.84375
630	0.84375
631	0.84375
632	0.84375
633	0.84375
634	0.84375
635	0.84375
636	0.84375
637	0.84375
638	0.84375
639	0.84375
640	0.84375
641	0.84375
642	0.84375
643	0.84375
644	0.84375
645	0.84375
646	0.84375
647	0.84375
648	0.84375
649	0.84375
650	0.84375
651	0.84375
652	0.84375
653	0.84375
654	0.84375
655	0.84375
656	0.84375
657	0.84375
658	0.84375
659	0.84375
660	0.84375
661	0.84375
662	0.84375
663	0.84375
664	0.84375
665	0.84375
666	0.84375
667	0.84375
668	0.84375
669	0.84375
670	0.84375
671	0.84375
672	0.84375
673	0.84375
674	0.84375
675	0.84375
676	0.84375
677	0.84375
678	0.84375
679	0.84375
680	0.84375
681	0.84375
682	0.84375
683	0.84375
684	0.84375
685	0.84375
686	0.84375
687	0.84375
688	0.84375
689	0.84375
690	0.84375
691	0.84375
692	0.84375
693	0.84375
694	0.84375
695	0.84375
696	0.84375
697	0.84375
698	0.84375
699	0.84375
700	0.84375
701	0.84375
702	0.84375
703	0.84375
704	0.84375
705	0.84375
706	0.84375
707	0.84375
708	0.84375
709	0.84375
710	0.84375
711	0.84375
712	0.84375
713	0.84375
714	0.84375
715	0.84375
716	0.84375
717	0.84375
718	0.84375
719	0.84375
720	0.84375
721	0.84375
722	0.84375
723	0.84375
724	0.84375
725	0.84375
726	0.84375
727	0.84375
728	0.84375
729	0.84375
730	0.84375
731	0.84375
732	0.84375
733	0.84375
734	0.84375
735	0.84375
736	0.84375
737	0.84375
738	0.84375
739	0.84375
740	0.84375
741	0.84375
742	0.84375
743	0.84375
744	0.84375
745	0.84375
746	0.84375
747	0.84375
748	0.84375
749	0.84375
750	0.84375
751	0.84375
752	0.84375
753	0.84375
754	0.84375
755	0.84375
756	0.84375
757	0.84375
758	0.84375
759	0.84375
760	0.84375
761	0.84375
762	0.84375
763	0.84375
764	0.84375
765	0.84375
766	0.84375
767	0.84375
768	0.84375
769	0.84375
770	0.84375
771	0.84375
772	0.84375
773	0.84375
774	0.84375
775	0.84375
776	0.84375
777	0.84375
778	0.84375
779	0.84375
780	0.84375
781	0.84375
782	0.84375
783	0.84375
784	0.84375
785	0.84375
786	0.84375
787	0.84375
788	0.84375
789	0.84375
790	0.84375
791	0.84375
792	0.84375
793	0.84375
794	0.84375
795	0.84375
796	0.84375
797	0.84375
798	0.84375
799	0.84375
800	0.84375
801	0.84375
802	0.84375
803	0.84375
804	0.84375
805	0.84375
806	0.84375
807	0.84375
808	0.84375
809	0.84375
810	0.84375
811	0.84375
812	0.84375
813	0.84375
814	0.84375
815	0.84375
816	0.84375
817	0.84375
818	0.84375
819	0.84375
820	0.84375
821	0.84375
822	0.84375
823	0.84375
824	0.84375
825	0.84375
826	0.84375
827	0.84375
828	0.84375
829	0.84375
830	0.84375
831	0.84375
832	0.84375
833	0.84375
834	0.84375
835	0.84375
836	0.84375
837	0.84375
838	0.84375
839	0.84375
840	0.84375
841	0.84375
842	0.84375
843	0.84375
844	0.84375
845	0.84375
846	0.84375
847	0.84375
848	0.84375
849	0.84375
850	0.84375
851	0.84375
852	0.84375
853	0.84375
854	0.84375
855	0.84375
856	0.84375
857	0.84375
858	0.84375
859	0.84375
860	0.84375
861	0.84375
862	0.84375
863	0.84375
864	0.84375
865	0.84375
866	0.84375
867	0.84375
868	0.84375
869	0.84375
870	0.84375
871	0.84375
872	0.84375
873	0.84375
874	0.84375
875	0.84375
876	0.84375
877	0.84375
878	0.84375
879	0.84375
880	0.84375
881	0.84375
882	0.84375
883	0.84375
884	0.84375
885	0.84375
886	0.84375
887	0.84375
888	0.84375
889	0.84375
890	0.84375
891	0.84375
892	0.84375
893	0.84375
894	0.84375
895	0.84375
896	0.84375
897	0.84375
898	0.84375
899	0.84375
900	0.84375
901	0.84375
902	0.84375
903	0.84375
904	0.84375
905	0.84375
906	0.875
907	0.875
908	0.875
909	0.875
910	0.875
911	0.875
912	0.875
913	0.875
914	0.875
915	0.875
916	0.875
917	0.875
918	0.875
919	0.875
920	0.875
921	0.875
922	0.875
923	0.875
924	0.875
925	0.875
926	0.875
927	0.875
928	0.875
929	0.875
930	0.875
931	0.875
932	0.875
933	0.875
934	0.875
935	0.875
936	0.875
937	0.875
938	0.875
939	0.875
940	0.875
941	0.875
942	0.875
943	0.875
944	0.875
945	0.875
946	0.875
947	0.875
948	0.875
949	0.875
950	0.875
951	0.875
952	0.875
953	0.875
954	0.875
955	0.875
956	0.875
957	0.875
958	0.875
959	0.875
960	0.875
961	0.875
962	0.875
963	0.875
964	0.875
965	0.875
966	0.875
967	0.875
968	0.875
969	0.875
970	0.875
971	0.875
972	0.875
973	0.875
974	0.875
975	0.875
976	0.875
977	0.875
978	0.875
979	0.875
980	0.875
981	0.875
982	0.875
983	0.875
984	0.875
985	0.875
986	0.875
987	0.875
988	0.875
989	0.875
990	0.875
991	0.875
992	0.875
993	0.875
994	0.875
995	0.875
996	0.875
997	0.875
998	0.875
999	0.875
1000	0.875
1001	0.875
1002	0.875
1003	0.875
1004	0.875
1005	0.875
1006	0.875
1007	0.875
1008	0.875
1009	0.875
1010	0.875
1011	0.875
1012	0.875
1013	0.875
1014	0.875
1015	0.875
1016	0.875
1017	0.875
1018	0.875
1019	0.875
1020	0.875
1021	0.875
1022	0.875
1023	0.875
1024	0.875
1025	0.875
1026	0.875
1027	0.875
1028	0.875
1029	0.875
1030	0.875
1031	0.875
1032	0.875
1033	0.875
1034	0.875
1035	0.875
1036	0.875
1037	0.875
1038	0.875
1039	0.875
1040	0.875
1041	0.875
1042	0.875
1043	0.875
1044	0.875
1045	0.875
1046	0.875
1047	0.875
1048	0.875
1049	0.875
1050	0.875
1051	0.875
1052	0.875
1053	0.875
1054	0.875
1055	0.875
1056	0.875
1057	0.875
1058	0.875
1059	0.875
1060	0.875
1061	0.875
1062	0.875
1063	0.875
1064	0.875
1065	0.875
1066	0.875
1067	0.875
1068	0.875
1069	0.875
1070	0.875
1071	0.875
1072	0.875
1073	0.875
1074	0.875
1075	0.875
1076	0.875
1077	0.875
1078	0.875
1079	0.875
1080	0.875
1081	0.875
1082	0.875
1083	0.875
1084	0.875
1085	0.875
1086	0.875
1087	0.875
1088	0.875
1089	0.875
1090	0.875
1091	0.875
1092	0.875
1093	0.875
1094	0.875
1095	0.875
1096	0.875
1097	0.875
1098	0.875
1099	0.875
1100	0.875
1101	0.875
1102	0.875
1103	0.875
1104	0.875
1105	0.875
1106	0.875
1107	0.875
1108	0.875
1109	0.875
1110	0.875
1111	0.875
1112	0.875
1113	0.875
1114	0.875
1115	0.875
1116	0.875
1117	0.875
1118	0.875
1119	0.875
1120	0.875
1121	0.875
1122	0.875
1123	0.875
1124	0.875
1125	0.875
1126	0.875
1127	0.875
1128	0.875
1129	0.875
1130	0.875
1131	0.875
1132	0.875
1133	0.875
1134	0.875
1135	0.875
1136	0.875
1137	0.875
1138	0.875
1139	0.875
1140	0.875
1141	0.875
1142	0.875
1143	0.875
1144	0.875
1145	0.875
1146	0.875
1147	0.875
1148	0.875
1149	0.875
1150	0.875
1151	0.875
1152	0.875
1153	0.875
1154	0.875
1155	0.875
1156	0.875
1157	0.875
1158	0.875
1159	0.875
1160	0.875
1161	0.875
1162	0.875
1163	0.875
1164	0.875
1165	0.875
1166	0.875
1167	0.875
1168	0.875
1169	0.875
1170	0.875
1171	0.875
1172	0.875
1173	0.875
1174	0.875
1175	0.875
1176	0.875
1177	0.875
1178	0.875
1179	0.875
1180	0.875
1181	0.875
1182	0.875
1183	0.875
1184	0.875
1185	0.875
1186	0.875
1187	0.875
1188	0.875
1189	0.875
1190	0.875
1191	0.875
1192	0.875
1193	0.875
1194	0.875
1195	0.875
1196	0.875
1197	0.875
1198	0.875
1199	0.875
1200	0.875
1201	0.875
1202	0.875
1203	0.875
1204	0.875
1205	0.875
1206	0.875
1207	0.875
1208	0.875
1209	0.875
1210	0.875
1211	0.875
1212	0.875
1213	0.875
1214	0.875
1215	0.875
1216	0.875
1217	0.875
1218	0.875
1219	0.875
1220	0.875
1221	0.875
1222	0.875
1223	0.875
1224	0.875
1225	0.875
1226	0.875
1227	0.875
1228	0.875
1229	0.875
1230	0.875
1231	0.875
1232	0.875
1233	0.875
1234	0.875
1235	0.875
1236	0.875
1237	0.875
1238	0.875
1239	0.875
1240	0.875
1241	0.875
1242	0.875
1243	0.875
1244	0.875
1245	0.875
1246	0.875
1247	0.875
1248	0.875
1249	0.875
1250	0.875
1251	0.875
1252	0.875
1253	0.875
1254	0.875
1255	0.875
1256	0.875
1257	0.875
1258	0.875
1259	0.875
1260	0.875
1261	0.875
1262	0.875
1263	0.875
1264	0.875
1265	0.875
1266	0.875
1267	0.875
1268	0.875
1269	0.875
1270	0.875
1271	0.875
1272	0.875
1273	0.875
1274	0.875
1275	0.875
1276	0.875
1277	0.875
1278	0.875
1279	0.875
1280	0.875
1281	0.875
1282	0.875
1283	0.875
1284	0.875
1285	0.875
1286	0.875
1287	0.875
1288	0.875
1289	0.875
1290	0.875
1291	0.875
1292	0.875
1293	0.875
1294	0.875
1295	0.875
1296	0.875
1297	0.875
1298	0.875
1299	0.875
1300	0.875
1301	0.875
1302	0.875
1303	0.875
1304	0.875
1305	0.875
1306	0.875
1307	0.875
1308	0.875
1309	0.875
1310	0.875
1311	0.875
1312	0.875
1313	0.875
1314	0.875
1315	0.875
1316	0.875
1317	0.875
1318	0.875
1319	0.875
1320	0.875
1321	0.875
1322	0.875
1323	0.875
1324	0.875
1325	0.875
1326	0.875
1327	0.875
1328	0.875
1329	0.875
1330	0.875
1331	0.875
1332	0.875
1333	0.875
1334	0.875
1335	0.875
1336	0.875
1337	0.875
1338	0.875
1339	0.875
1340	0.875
1341	0.875
1342	0.875
1343	0.875
1344	0.875
1345	0.875
1346	0.875
1347	0.875
1348	0.875
1349	0.875
1350	0.875
1351	0.875
1352	0.875
1353	0.875
1354	0.875
1355	0.875
1356	0.875
1357	0.875
1358	0.875
1359	0.875
1360	0.875
1361	0.875
1362	0.875
1363	0.875
1364	0.875
1365	0.875
1366	0.875
1367	0.875
1368	0.875
1369	0.875
1370	0.875
1371	0.875
1372	0.875
1373	0.875
1374	0.875
1375	0.875
1376	0.875
1377	0.875
1378	0.875
1379	0.875
1380	0.875
1381	0.875
1382	0.875
1383	0.875
1384	0.875
1385	0.875
1386	0.875
1387	0.875
1388	0.875
1389	0.875
1390	0.875
1391	0.875
1392	0.875
1393	0.875
1394	0.875
1395	0.875
1396	0.875
1397	0.875
1398	0.875
1399	0.875
1400	0.875
1401	0.875
1402	0.875
1403	0.875
1404	0.875
1405	0.875
1406	0.875
1407	0.875
1408	0.875
1409	0.875
1410	0.875
1411	0.875
1412	0.875
1413	0.875
1414	0.875
1415	0.875
1416	0.875
1417	0.875
1418	0.875
1419	0.875
1420	0.875
1421	0.875
1422	0.875
1423	0.875
1424	0.875
1425	0.875
1426	0.875
1427	0.875
1428	0.875
1429	0.875
1430	0.875
1431	0.875
1432	0.875
1433	0.875
1434	0.875
1435	0.875
1436	0.875
1437	0.875
1438	0.875
1439	0.875
1440	0.875
1441	0.875
1442	0.875
1443	0.875
1444	0.875
1445	0.875
1446	0.875
1447	0.875
1448	0.875
1449	0.875
1450	0.875
1451	0.875
1452	0.875
1453	0.875
1454	0.875
1455	0.875
1456	0.875
1457	0.875
1458	0.875
1459	0.875
1460	0.875
1461	0.875
1462	0.875
1463	0.875
1464	0.875
1465	0.875
1466	0.875
1467	0.875
1468	0.875
1469	0.875
1470	0.875
1471	0.875
1472	0.875
1473	0.875
1474	0.875
1475	0.875
1476	0.875
1477	0.875
1478	0.875
1479	0.875
1480	0.875
1481	0.875
1482	0.875
1483	0.875
1484	0.875
1485	0.875
1486	0.875
1487	0.875
1488	0.875
1489	0.875
1490	0.875
1491	0.875
1492	0.875
1493	0.875
1494	0.875
1495	0.875
1496	0.875
1497	0.875
1498	0.875
1499	0.875
1500	0.875
1501	0.875
1502	0.875
1503	0.875
1504	0.875
1505	0.875
1506	0.875
1507	0.875
1508	0.875
1509	0.875
1510	0.875
1511	0.875
1512	0.875
1513	0.875
1514	0.875
1515	0.875
1516	0.875
1517	0.875
1518	0.875
1519	0.875
1520	0.875
1521	0.875
1522	0.875
1523	0.875
1524	0.875
1525	0.875
1526	0.875
1527	0.875
1528	0.875
1529	0.875
1530	0.875
1531	0.875
1532	0.875
1533	0.875
1534	0.875
1535	0.875
1536	0.875
1537	0.875
1538	0.875
1539	0.875
1540	0.875
1541	0.875
1542	0.875
1543	0.875
1544	0.875
1545	0.875
1546	0.875
1547	0.875
1548	0.875
1549	0.875
1550	0.875
1551	0.875
1552	0.875
1553	0.875
1554	0.875
1555	0.875
1556	0.875
1557	0.875
1558	0.875
1559	0.875
1560	0.875
1561	0.875
1562	0.875
1563	0.875
1564	0.875
1565	0.875
1566	0.875
1567	0.875
1568	0.875
1569	0.875
1570	0.875
1571	0.875
1572	0.875
1573	0.875
1574	0.875
1575	0.875
1576	0.875
1577	0.875
1578	0.875
1579	0.875
1580	0.875
1581	0.875
1582	0.875
1583	0.875
1584	0.875
1585	0.875
1586	0.875
1587	0.875
1588	0.875
1589	0.875
1590	0.875
1591	0.875
1592	0.875
1593	0.875
1594	0.875
1595	0.875
1596	0.875
1597	0.875
1598	0.875
1599	0.875
1600	0.875
1601	0.875
1602	0.875
1603	0.875
1604	0.875
1605	0.875
1606	0.875
1607	0.875
1608	0.875
1609	0.875
1610	0.875
1611	0.875
1612	0.875
1613	0.875
1614	0.875
1615	0.875
1616	0.875
1617	0.875
1618	0.875
1619	0.875
1620	0.875
1621	0.875
1622	0.875
1623	0.875
1624	0.875
1625	0.875
1626	0.875
1627	0.875
1628	0.875
1629	0.875
1630	0.875
1631	0.875
1632	0.875
1633	0.875
1634	0.875
1635	0.875
1636	0.875
1637	0.875
1638	0.875
1639	0.875
1640	0.875
1641	0.875
1642	0.875
1643	0.875
1644	0.875
1645	0.875
1646	0.875
1647	0.875
1648	0.875
1649	0.875
1650	0.875
1651	0.875
1652	0.875
1653	0.875
1654	0.875
1655	0.875
1656	0.875
1657	0.875
1658	0.875
1659	0.875
1660	0.875
1661	0.875
1662	0.875
1663	0.875
1664	0.875
1665	0.875
1666	0.875
1667	0.875
1668	0.875
1669	0.875
1670	0.875
1671	0.875
1672	0.875
1673	0.875
1674	0.875
1675	0.875
1676	0.875
1677	0.875
1678	0.875
1679	0.875
1680	0.875
1681	0.875
1682	0.875
1683	0.875
1684	0.875
1685	0.875
1686	0.875
1687	0.875
1688	0.875
1689	0.875
1690	0.875
1691	0.875
1692	0.875
1693	0.875
1694	0.875
1695	0.875
1696	0.875
1697	0.875
1698	0.875
1699	0.875
1700	0.875
1701	0.875
1702	0.875
1703	0.875
1704	0.875
1705	0.875
1706	0.875
1707	0.875
1708	0.875
1709	0.875
1710	0.875
1711	0.875
1712	0.875
1713	0.875
1714	0.875
1715	0.875
1716	0.875
1717	0.875
1718	0.875
1719	0.875
1720	0.875
1721	0.875
1722	0.875
1723	0.875
1724	0.875
1725	0.875
1726	0.875
1727	0.875
1728	0.875
1729	0.875
1730	0.875
1731	0.875
1732	0.875
1733	0.875
1734	0.875
1735	0.875
1736	0.875
1737	0.875
1738	0.875
1739	0.875
1740	0.875
1741	0.875
1742	0.875
1743	0.875
1744	0.875
1745	0.875
1746	0.875
1747	0.875
1748	0.875
1749	0.875
1750	0.875
1751	0.875
1752	0.875
1753	0.875
1754	0.875
1755	0.875
1756	0.875
1757	0.875
1758	0.875
1759	0.875
1760	0.875
1761	0.875
1762	0.875
1763	0.875
1764	0.875
1765	0.875
1766	0.875
1767	0.875
1768	0.875
1769	0.875
1770	0.875
1771	0.875
1772	0.875
1773	0.875
1774	0.875
1775	0.875
1776	0.875
1777	0.875
1778	0.875
1779	0.875
1780	0.875
1781	0.875
1782	0.875
1783	0.875
1784	0.875
1785	0.875
1786	0.875
1787	0.875
1788	0.875
1789	0.875
1790	0.875
1791	0.875
1792	0.875
1793	0.875
1794	0.875
1795	0.875
1796	0.875
1797	0.875
1798	0.875
1799	0.875
1800	0.875
1801	0.875
1802	0.875
1803	0.875
1804	0.875
1805	0.875
1806	0.875
1807	0.875
1808	0.875
1809	0.875
1810	0.875
1811	0.875
1812	0.875
1813	0.875
1814	0.875
1815	0.875
1816	0.875
1817	0.875
1818	0.875
1819	0.875
1820	0.875
1821	0.875
1822	0.875
1823	0.875
1824	0.875
1825	0.875
1826	0.875
1827	0.875
1828	0.875
1829	0.875
1830	0.875
1831	0.875
1832	0.875
1833	0.875
1834	0.875
1835	0.875
1836	0.875
1837	0.875
1838	0.875
1839	0.875
1840	0.875
1841	0.875
1842	0.875
1843	0.875
1844	0.875
1845	0.875
1846	0.875
1847	0.875
1848	0.875
1849	0.875
1850	0.875
1851	0.875
1852	0.875
1853	0.875
1854	0.875
1855	0.875
1856	0.875
1857	0.875
1858	0.875
1859	0.875
1860	0.875
1861	0.875
1862	0.875
1863	0.875
1864	0.875
1865	0.875
1866	0.875
1867	0.875
1868	0.875
1869	0.875
1870	0.875
1871	0.875
1872	0.875
1873	0.875
1874	0.875
1875	0.875
1876	0.875
1877	0.875
1878	0.875
1879	0.875
1880	0.875
1881	0.875
1882	0.875
1883	0.875
1884	0.875
1885	0.875
1886	0.875
1887	0.875
1888	0.875
1889	0.875
1890	0.875
1891	0.875
1892	0.875
1893	0.875
1894	0.875
1895	0.875
1896	0.875
1897	0.875
1898	0.875
1899	0.875
1900	0.875
1901	0.875
1902	0.875
1903	0.875
1904	0.875
1905	0.875
1906	0.875
1907	0.875
1908	0.875
1909	0.875
1910	0.875
1911	0.875
1912	0.875
1913	0.875
1914	0.875
1915	0.875
1916	0.875
1917	0.875
1918	0.875
1919	0.875
1920	0.875
1921	0.875
1922	0.875
1923	0.875
1924	0.875
1925	0.875
1926	0.875
1927	0.875
1928	0.875
1929	0.875
1930	0.875
1931	0.875
1932	0.875
1933	0.875
1934	0.875
1935	0.875
1936	0.875
1937	0.875
1938	0.875
1939	0.875
1940	0.875
1941	0.875
1942	0.875
1943	0.875
1944	0.875
1945	0.875
1946	0.875
1947	0.875
1948	0.875
1949	0.875
1950	0.875
1951	0.875
1952	0.875
1953	0.875
1954	0.875
1955	0.875
1956	0.875
1957	0.875
1958	0.875
1959	0.875
1960	0.875
1961	0.875
1962	0.875
1963	0.875
1964	0.875
1965	0.875
1966	0.875
1967	0.875
1968	0.875
1969	0.875
1970	0.875
1971	0.875
1972	0.875
1973	0.875
1974	0.875
1975	0.875
1976	0.875
1977	0.875
1978	0.875
1979	0.875
1980	0.875
1981	0.875
1982	0.875
1983	0.875
1984	0.875
1985	0.875
1986	0.875
1987	0.875
1988	0.875
1989	0.875
1990	0.875
1991	0.875
1992	0.875
1993	0.875
1994	0.875
1995	0.875
1996	0.875
1997	0.875
1998	0.875
1999	0.875
2000	0.875
2001	0.875
2002	0.875
2003	0.875
2004	0.875
2005	0.875
2006	0.875
2007	0.875
2008	0.875
2009	0.875
2010	0.875
2011	0.875
2012	0.875
2013	0.875
2014	0.875
2015	0.875
2016	0.875
2017	0.875
2018	0.875
2019	0.875
2020	0.875
2021	0.875
2022	0.875
2023	0.875
2024	0.875
2025	0.875
2026	0.875
2027	0.875
2028	0.875
2029	0.875
2030	0.875
2031	0.875
2032	0.875
2033	0.875
2034	0.875
2035	0.875
2036	0.875
2037	0.875
2038	0.875
2039	0.875
2040	0.875
2041	0.875
2042	0.875
2043	0.875
2044	0.875
2045	0.875
2046	0.875
2047	0.875
2048	0.875
2049	0.875
2050	0.875
2051	0.875
2052	0.875
2053	0.875
2054	0.875
2055	0.875
2056	0.875
2057	0.875
2058	0.875
2059	0.875
2060	0.875
2061	0.875
2062	0.875
2063	0.875
2064	0.875
2065	0.875
2066	0.875
2067	0.875
2068	0.875
2069	0.875
2070	0.875
2071	0.875
2072	0.875
2073	0.875
2074	0.875
2075	0.875
2076	0.875
2077	0.875
2078	0.875
2079	0.875
2080	0.875
2081	0.875
2082	0.875
2083	0.875
2084	0.875
2085	0.875
2086	0.875
2087	0.875
2088	0.875
2089	0.875
2090	0.875
2091	0.875
2092	0.875
2093	0.875
2094	0.875
2095	0.875
2096	0.875
2097	0.875
2098	0.875
2099	0.875
2100	0.875
2101	0.875
2102	0.875
2103	0.875
2104	0.875
2105	0.875
2106	0.875
2107	0.875
2108	0.875
2109	0.875
2110	0.875
2111	0.875
2112	0.875
2113	0.875
2114	0.875
2115	0.875
2116	0.875
2117	0.875
2118	0.875
2119	0.875
2120	0.875
2121	0.875
2122	0.875
2123	0.875
2124	0.875
2125	0.875
2126	0.875
2127	0.875
2128	0.875
2129	0.875
2130	0.875
2131	0.875
2132	0.875
2133	0.875
2134	0.875
2135	0.875
2136	0.875
2137	0.875
2138	0.875
2139	0.875
2140	0.875
2141	0.875
2142	0.875
2143	0.875
2144	0.875
2145	0.875
2146	0.875
2147	0.875
2148	0.875
2149	0.875
2150	0.875
2151	0.875
2152	0.875
2153	0.875
2154	0.875
2155	0.875
2156	0.875
2157	0.875
2158	0.875
2159	0.875
2160	0.875
2161	0.875
2162	0.875
2163	0.875
2164	0.875
2165	0.875
2166	0.875
2167	0.875
2168	0.875
2169	0.875
2170	0.875
2171	0.875
2172	0.875
2173	0.875
2174	0.875
2175	0.875
2176	0.875
2177	0.875
2178	0.875
2179	0.875
2180	0.875
2181	0.875
2182	0.875
2183	0.875
2184	0.875
2185	0.875
2186	0.875
2187	0.875
2188	0.875
2189	0.875
2190	0.875
2191	0.875
2192	0.875
2193	0.875
2194	0.875
2195	0.875
2196	0.875
2197	0.875
2198	0.875
2199	0.875
2200	0.875
2201	0.875
2202	0.875
2203	0.875
2204	0.875
2205	0.875
2206	0.875
2207	0.875
2208	0.875
2209	0.875
2210	0.875
2211	0.875
2212	0.875
2213	0.875
2214	0.875
2215	0.875
2216	0.875
2217	0.875
2218	0.875
2219	0.875
2220	0.875
2221	0.875
2222	0.875
2223	0.875
2224	0.875
2225	0.875
2226	0.875
2227	0.875
2228	0.875
2229	0.875
2230	0.875
2231	0.875
2232	0.875
2233	0.875
2234	0.875
2235	0.875
2236	0.875
2237	0.875
2238	0.875
2239	0.875
2240	0.875
2241	0.875
2242	0.875
2243	0.875
2244	0.875
2245	0.875
2246	0.875
2247	0.875
2248	0.875
2249	0.875
2250	0.875
2251	0.875
2252	0.875
2253	0.875
2254	0.875
2255	0.875
2256	0.875
2257	0.890625
2258	0.890625
2259	0.890625
2260	0.890625
2261	0.890625
2262	0.921875
2263	0.921875
2264	0.921875
2265	0.921875
2266	0.921875
2267	0.921875
2268	0.921875
2269	0.921875
2270	0.921875
2271	0.921875
2272	0.921875
2273	0.921875
2274	0.921875
2275	0.921875
2276	0.921875
2277	0.921875
2278	0.921875
2279	0.921875
2280	0.921875
2281	0.921875
2282	0.921875
2283	0.921875
2284	0.921875
2285	0.921875
2286	0.921875
2287	0.921875
2288	0.921875
2289	0.921875
2290	0.921875
2291	0.921875
2292	0.921875
2293	0.921875
2294	0.921875
2295	0.921875
2296	0.921875
2297	0.921875
2298	0.9375
2299	0.9375
2300	0.9375
2301	0.9375
2302	0.9375
2303	0.9375
2304	0.9375
2305	0.9375
2306	0.9375
2307	0.9375
2308	0.9375
2309	0.9375
2310	0.9375
2311	0.9375
2312	0.9375
2313	0.9375
2314	0.9375
2315	0.9375
2316	0.9375
2317	0.9375
2318	0.9375
2319	0.9375
2320	0.9375
2321	0.9375
2322	0.9375
2323	0.9375
2324	0.9375
2325	0.9375
2326	0.9375
2327	0.9375
2328	0.9375
2329	0.9375
2330	0.9375
2331	0.9375
2332	0.9375
2333	0.9375
2334	0.9375
2335	0.9375
2336	0.9375
2337	0.9375
2338	0.9375
2339	0.9375
2340	0.9375
2341	0.9375
2342	0.9375
2343	0.9375
2344	0.9375
2345	0.9375
2346	0.9375
2347	0.9375
2348	0.9375
2349	0.9375
2350	0.9375
2351	0.9375
2352	0.9375
2353	0.9375
2354	0.9375
2355	0.9375
2356	0.9375
2357	0.9375
2358	0.9375
2359	0.9375
2360	0.9375
2361	0.9375
2362	0.9375
2363	0.9375
2364	0.9375
2365	0.9375
2366	0.9375
2367	0.9375
2368	0.9375
2369	0.9375
2370	0.9375
2371	0.9375
2372	0.9375
2373	0.9375
2374	0.9375
2375	0.9375
2376	0.9375
2377	0.9375
2378	0.9375
2379	0.9375
2380	0.9375
2381	0.9375
2382	0.9375
2383	0.9375
2384	0.9375
2385	0.9375
2386	0.9375
2387	0.9375
2388	0.9375
2389	0.9375
2390	0.9375
2391	0.9375
2392	0.9375
2393	0.9375
2394	0.9375
2395	0.9375
2396	0.9375
2397	0.9375
2398	0.9375
2399	0.9375
2400	0.9375
2401	0.9375
2402	0.9375
2403	0.9375
2404	0.9375
2405	0.9375
2406	0.9375
2407	0.9375
2408	0.9375
2409	0.9375
2410	0.9375
2411	0.9375
2412	0.9375
2413	0.9375
2414	0.9375
2415	0.9375
2416	0.9375
2417	0.9375
2418	0.9375
2419	0.9375
2420	0.9375
2421	0.9375
2422	0.9375
2423	0.9375
2424	0.9375
2425	0.9375
2426	0.9375
2427	0.9375
2428	0.9375
2429	0.9375
2430	0.9375
2431	0.9375
2432	0.9375
2433	0.9375
2434	0.9375
2435	0.9375
2436	0.9375
2437	0.9375
2438	0.9375
2439	0.9375
2440	0.9375
2441	0.9375
2442	0.9375
2443	0.9375
2444	0.9375
2445	0.9375
2446	0.9375
2447	0.9375
2448	0.9375
2449	0.9375
2450	0.9375
2451	0.9375
2452	0.9375
2453	0.9375
2454	0.9375
2455	0.9375
2456	0.9375
2457	0.9375
2458	0.9375
2459	0.9375
2460	0.9375
2461	0.9375
2462	0.9375
2463	0.9375
2464	0.9375
2465	0.9375
2466	0.9375
2467	0.9375
2468	0.9375
2469	0.9375
2470	0.9375
2471	0.9375
2472	0.9375
2473	0.9375
2474	0.9375
2475	0.9375
2476	0.9375
2477	0.9375
2478	0.9375
2479	0.9375
2480	0.9375
2481	0.9375
2482	0.9375
2483	0.9375
2484	0.9375
2485	0.9375
2486	0.9375
2487	0.9375
2488	0.9375
2489	0.9375
2490	0.9375
2491	0.9375
2492	0.9375
2493	0.9375
2494	0.9375
2495	0.9375
2496	0.9375
2497	0.9375
2498	0.9375
2499	0.9375
2500	0.9375
2501	0.9375
2502	0.9375
2503	0.9375
2504	0.9375
2505	0.9375
2506	0.9375
2507	0.9375
2508	0.9375
2509	0.9375
2510	0.9375
2511	0.9375
2512	0.9375
2513	0.9375
2514	0.9375
2515	0.9375
2516	0.9375
2517	0.9375
2518	0.9375
2519	0.9375
2520	0.9375
2521	0.9375
2522	0.9375
2523	0.9375
2524	0.9375
2525	0.9375
2526	0.9375
2527	0.9375
2528	0.9375
2529	0.9375
2530	0.9375
2531	0.9375
2532	0.9375
2533	0.9375
2534	0.9375
2535	0.9375
2536	0.9375
2537	0.9375
2538	0.9375
2539	0.9375
2540	0.9375
2541	0.9375
2542	0.9375
2543	0.9375
2544	0.9375
2545	0.9375
2546	0.9375
2547	0.9375
2548	0.9375
2549	0.9375
2550	0.9375
2551	0.9375
2552	0.9375
2553	0.9375
2554	0.9375
2555	0.9375
2556	0.9375
2557	0.9375
2558	0.9375
2559	0.9375
2560	0.9375
2561	0.9375
2562	0.9375
2563	0.9375
2564	0.9375
2565	0.9375
2566	0.9375
2567	0.9375
2568	0.9375
2569	0.9375
2570	0.9375
2571	0.9375
2572	0.9375
2573	0.9375
2574	0.9375
2575	0.9375
2576	0.9375
2577	0.9375
2578	0.9375
2579	0.9375
2580	0.9375
2581	0.9375
2582	0.9375
2583	0.9375
2584	0.9375
2585	0.9375
2586	0.9375
2587	0.9375
2588	0.9375
2589	0.9375
2590	0.9375
2591	0.9375
2592	0.9375
2593	0.9375
2594	0.9375
2595	0.9375
2596	0.9375
2597	0.9375
2598	0.9375
2599	0.9375
2600	0.9375
2601	0.9375
2602	0.9375
2603	0.9375
2604	0.9375
2605	0.9375
2606	0.9375
2607	0.9375
2608	0.9375
2609	0.9375
2610	0.9375
2611	0.9375
2612	0.9375
2613	0.9375
2614	0.9375
2615	0.9375
2616	0.9375
2617	0.9375
2618	0.9375
2619	0.9375
2620	0.9375
2621	0.9375
2622	0.9375
2623	0.9375
2624	0.9375
2625	0.9375
2626	0.9375
2627	0.9375
2628	0.9375
2629	0.9375
2630	0.9375
2631	0.9375
2632	0.9375
2633	0.9375
2634	0.9375
2635	0.9375
2636	0.9375
2637	0.9375
2638	0.9375
2639	0.9375
2640	0.9375
2641	0.9375
2642	0.9375
2643	0.9375
2644	0.9375
2645	0.9375
2646	0.9375
2647	0.9375
2648	0.9375
2649	0.9375
2650	0.9375
2651	0.9375
2652	0.9375
2653	0.9375
2654	0.9375
2655	0.9375
2656	0.9375
2657	0.9375
2658	0.9375
2659	0.9375
2660	0.9375
2661	0.9375
2662	0.9375
2663	0.9375
2664	0.9375
2665	0.9375
2666	0.9375
2667	0.9375
2668	0.9375
2669	0.9375
2670	0.9375
2671	0.9375
2672	0.9375
2673	0.9375
2674	0.9375
2675	0.9375
2676	0.9375
2677	0.9375
2678	0.9375
2679	0.9375
2680	0.9375
2681	0.9375
2682	0.9375
2683	0.9375
2684	0.9375
2685	0.9375
2686	0.9375
2687	0.9375
2688	0.9375
2689	0.9375
2690	0.9375
2691	0.9375
2692	0.9375
2693	0.9375
2694	0.9375
2695	0.9375
2696	0.9375
2697	0.9375
2698	0.9375
2699	0.9375
2700	0.9375
2701	0.9375
2702	0.9375
2703	0.9375
2704	0.9375
2705	0.9375
2706	0.9375
2707	0.9375
2708	0.9375
2709	0.9375
2710	0.9375
2711	0.9375
2712	0.9375
2713	0.9375
2714	0.9375
2715	0.9375
2716	0.9375
2717	0.9375
2718	0.9375
2719	0.9375
2720	0.9375
2721	0.9375
2722	0.9375
2723	0.9375
2724	0.9375
2725	0.9375
2726	0.9375
2727	0.9375
2728	0.9375
2729	0.9375
2730	0.9375
2731	0.9375
2732	0.9375
2733	0.9375
2734	0.9375
2735	0.9375
2736	0.9375
2737	0.9375
2738	0.9375
2739	0.9375
2740	0.9375
2741	0.9375
2742	0.9375
2743	0.9375
2744	0.9375
2745	0.9375
2746	0.9375
2747	0.9375
2748	0.9375
2749	0.9375
2750	0.9375
2751	0.9375
2752	0.9375
2753	0.9375
2754	0.9375
2755	0.9375
2756	0.9375
2757	0.9375
2758	0.9375
2759	0.9375
2760	0.9375
2761	0.9375
2762	0.9375
2763	0.9375
2764	0.9375
2765	0.9375
2766	0.9375
2767	0.9375
2768	0.9375
2769	0.9375
2770	0.9375
2771	0.9375
2772	0.9375
2773	0.9375
2774	0.9375
2775	0.9375
2776	0.9375
2777	0.9375
2778	0.9375
2779	0.9375
2780	0.9375
2781	0.9375
2782	0.9375
2783	0.9375
2784	0.9375
2785	0.9375
2786	0.9375
2787	0.9375
2788	0.9375
2789	0.9375
2790	0.9375
2791	0.9375
2792	0.9375
2793	0.9375
2794	0.9375
2795	0.9375
2796	0.9375
2797	0.9375
2798	0.9375
2799	0.9375
2800	0.9375
2801	0.9375
2802	0.9375
2803	0.9375
2804	0.9375
2805	0.9375
2806	0.9375
2807	0.9375
2808	0.9375
2809	0.9375
2810	0.9375
2811	0.9375
2812	0.9375
2813	0.9375
2814	0.9375
2815	0.9375
2816	0.9375
2817	0.9375
2818	0.9375
2819	0.9375
2820	0.9375
2821	0.9375
2822	0.9375
2823	0.9375
2824	0.9375
2825	0.9375
2826	0.9375
2827	0.9375
2828	0.9375
2829	0.9375
2830	0.9375
2831	0.9375
2832	0.9375
2833	0.9375
2834	0.9375
2835	0.9375
2836	0.9375
2837	0.9375
2838	0.9375
2839	0.9375
2840	0.9375
2841	0.9375
2842	0.9375
2843	0.9375
2844	0.9375
2845	0.9375
2846	0.9375
2847	0.9375
2848	0.9375
2849	0.9375
2850	0.9375
2851	0.9375
2852	0.9375
2853	0.9375
2854	0.9375
2855	0.9375
2856	0.9375
2857	0.9375
2858	0.9375
2859	0.9375
2860	0.9375
2861	0.9375
2862	0.9375
2863	0.9375
2864	0.9375
2865	0.9375
2866	0.9375
2867	0.9375
2868	0.9375
2869	0.9375
2870	0.9375
2871	0.9375
2872	0.9375
2873	0.9375
2874	0.9375
2875	0.9375
2876	0.9375
2877	0.9375
2878	0.9375
2879	0.9375
2880	0.9375
2881	0.9375
2882	0.9375
2883	0.9375
2884	0.9375
2885	0.9375
2886	0.9375
2887	0.9375
2888	0.9375
2889	0.9375
2890	0.9375
2891	0.9375
2892	0.9375
2893	0.9375
2894	0.9375
2895	0.9375
2896	0.9375
2897	0.9375
2898	0.9375
2899	0.9375
2900	0.9375
2901	0.9375
2902	0.9375
2903	0.9375
2904	0.9375
2905	0.9375
2906	0.9375
2907	0.9375
2908	0.9375
2909	1
## No. organisms: 20
## Seeds        : 1502476879, 69338
## Runtime      : 0h 1m 41s.
## Started at   : Sun Aug 30 12:05:57 2020
## Ended at     : Sun Aug 30 12:07:38 2020
