1	0.5
2	0.5
3	0.5
4	0.5
5	0.5
6	0.5
7	0.5
8	0.5
9	0.5
10	0.5
11	0.5
12	0.5
13	0.5
14	0.5
15	0.5
16	0.5
17	0.5
18	0.5
19	0.5
20	0.5
21	0.5
22	0.5
23	0.5
24	0.5
25	0.5
26	0.5
27	0.5
28	0.5
29	0.5
30	0.5
31	0.5
32	0.5
33	0.5
34	0.5
35	0.5
36	0.5
37	0.5
38	0.5
39	0.5
40	0.5
41	0.5
42	0.5
43	0.5
44	0.5
45	0.5
46	0.5
47	0.5
48	0.5
49	0.5
50	0.5
51	0.5
52	0.5
53	0.5
54	0.503906
55	0.503906
56	0.503906
57	0.503906
58	0.503906
59	0.507812
60	0.507812
61	0.507812
62	0.507812
63	0.507812
64	0.507812
65	0.507812
66	0.507812
67	0.507812
68	0.507812
69	0.507812
70	0.507812
71	0.507812
72	0.507812
73	0.507812
74	0.507812
75	0.507812
76	0.507812
77	0.507812
78	0.507812
79	0.507812
80	0.507812
81	0.507812
82	0.507812
83	0.507812
84	0.507812
85	0.507812
86	0.507812
87	0.507812
88	0.507812
89	0.507812
90	0.511719
91	0.511719
92	0.511719
93	0.511719
94	0.511719
95	0.511719
96	0.511719
97	0.511719
98	0.511719
99	0.511719
100	0.511719
101	0.511719
102	0.511719
103	0.511719
104	0.511719
105	0.511719
106	0.511719
107	0.515625
108	0.515625
109	0.515625
110	0.515625
111	0.515625
112	0.515625
113	0.515625
114	0.515625
115	0.515625
116	0.515625
117	0.515625
118	0.523438
119	0.523438
120	0.523438
121	0.523438
122	0.523438
123	0.523438
124	0.523438
125	0.523438
126	0.523438
127	0.53125
128	0.53125
129	0.53125
130	0.53125
131	0.53125
132	0.53125
133	0.53125
134	0.53125
135	0.53125
136	0.53125
137	0.53125
138	0.53125
139	0.53125
140	0.53125
141	0.53125
142	0.53125
143	0.53125
144	0.53125
145	0.546875
146	0.554688
147	0.554688
148	0.554688
149	0.554688
150	0.554688
151	0.554688
152	0.554688
153	0.554688
154	0.554688
155	0.554688
156	0.554688
157	0.5625
158	0.5625
159	0.5625
160	0.5625
161	0.5625
162	0.5625
163	0.5625
164	0.5625
165	0.5625
166	0.5625
167	0.5625
168	0.5625
169	0.5625
170	0.5625
171	0.5625
172	0.5625
173	0.5625
174	0.5625
175	0.5625
176	0.5625
177	0.5625
178	0.5625
179	0.5625
180	0.5625
181	0.5625
182	0.5625
183	0.5625
184	0.5625
185	0.5625
186	0.5625
187	0.5625
188	0.5625
189	0.5625
190	0.5625
191	0.5625
192	0.5625
193	0.5625
194	0.5625
195	0.5625
196	0.5625
197	0.5625
198	0.5625
199	0.5625
200	0.5625
201	0.5625
202	0.5625
203	0.5625
204	0.5625
205	0.5625
206	0.5625
207	0.5625
208	0.5625
209	0.5625
210	0.5625
211	0.5625
212	0.5625
213	0.5625
214	0.5625
215	0.5625
216	0.5625
217	0.5625
218	0.5625
219	0.5625
220	0.5625
221	0.5625
222	0.5625
223	0.5625
224	0.5625
225	0.5625
226	0.5625
227	0.5625
228	0.5625
229	0.5625
230	0.5625
231	0.5625
232	0.5625
233	0.5625
234	0.5625
235	0.5625
236	0.5625
237	0.5625
238	0.5625
239	0.5625
240	0.5625
241	0.5625
242	0.5625
243	0.5625
244	0.5625
245	0.5625
246	0.5625
247	0.5625
248	0.5625
249	0.5625
250	0.5625
251	0.5625
252	0.5625
253	0.5625
254	0.5625
255	0.5625
256	0.5625
257	0.5625
258	0.5625
259	0.5625
260	0.5625
261	0.5625
262	0.5625
263	0.5625
264	0.5625
265	0.5625
266	0.5625
267	0.5625
268	0.5625
269	0.5625
270	0.5625
271	0.5625
272	0.5625
273	0.5625
274	0.5625
275	0.5625
276	0.5625
277	0.5625
278	0.5625
279	0.5625
280	0.5625
281	0.5625
282	0.5625
283	0.5625
284	0.5625
285	0.5625
286	0.5625
287	0.5625
288	0.5625
289	0.5625
290	0.5625
291	0.5625
292	0.5625
293	0.5625
294	0.5625
295	0.5625
296	0.5625
297	0.5625
298	0.5625
299	0.5625
300	0.5625
301	0.5625
302	0.5625
303	0.5625
304	0.5625
305	0.5625
306	0.5625
307	0.5625
308	0.5625
309	0.5625
310	0.5625
311	0.5625
312	0.5625
313	0.5625
314	0.5625
315	0.5625
316	0.5625
317	0.5625
318	0.5625
319	0.5625
320	0.5625
321	0.5625
322	0.5625
323	0.5625
324	0.5625
325	0.5625
326	0.5625
327	0.5625
328	0.5625
329	0.5625
330	0.5625
331	0.5625
332	0.5625
333	0.5625
334	0.5625
335	0.5625
336	0.5625
337	0.5625
338	0.5625
339	0.5625
340	0.5625
341	0.5625
342	0.5625
343	0.5625
344	0.5625
345	0.5625
346	0.5625
347	0.5625
348	0.5625
349	0.5625
350	0.5625
351	0.5625
352	0.5625
353	0.5625
354	0.5625
355	0.5625
356	0.5625
357	0.5625
358	0.5625
359	0.5625
360	0.5625
361	0.5625
362	0.5625
363	0.5625
364	0.5625
365	0.5625
366	0.5625
367	0.5625
368	0.5625
369	0.5625
370	0.5625
371	0.5625
372	0.5625
373	0.5625
374	0.5625
375	0.5625
376	0.5625
377	0.5625
378	0.5625
379	0.5625
380	0.5625
381	0.5625
382	0.5625
383	0.5625
384	0.5625
385	0.5625
386	0.5625
387	0.5625
388	0.5625
389	0.5625
390	0.5625
391	0.5625
392	0.5625
393	0.5625
394	0.5625
395	0.5625
396	0.5625
397	0.5625
398	0.5625
399	0.5625
400	0.5625
401	0.5625
402	0.5625
403	0.5625
404	0.5625
405	0.5625
406	0.5625
407	0.5625
408	0.5625
409	0.5625
410	0.5625
411	0.5625
412	0.5625
413	0.5625
414	0.5625
415	0.5625
416	0.5625
417	0.5625
418	0.5625
419	0.5625
420	0.5625
421	0.5625
422	0.5625
423	0.5625
424	0.5625
425	0.5625
426	0.5625
427	0.5625
428	0.5625
429	0.5625
430	0.5625
431	0.5625
432	0.5625
433	0.5625
434	0.5625
435	0.5625
436	0.5625
437	0.5625
438	0.5625
439	0.5625
440	0.5625
441	0.5625
442	0.5625
443	0.5625
444	0.5625
445	0.5625
446	0.5625
447	0.5625
448	0.5625
449	0.5625
450	0.5625
451	0.5625
452	0.5625
453	0.5625
454	0.5625
455	0.5625
456	0.5625
457	0.5625
458	0.5625
459	0.5625
460	0.5625
461	0.5625
462	0.5625
463	0.5625
464	0.5625
465	0.5625
466	0.5625
467	0.5625
468	0.5625
469	0.5625
470	0.5625
471	0.5625
472	0.5625
473	0.5625
474	0.5625
475	0.5625
476	0.5625
477	0.5625
478	0.5625
479	0.5625
480	0.5625
481	0.5625
482	0.5625
483	0.5625
484	0.5625
485	0.5625
486	0.5625
487	0.5625
488	0.5625
489	0.5625
490	0.5625
491	0.5625
492	0.5625
493	0.5625
494	0.5625
495	0.5625
496	0.5625
497	0.5625
498	0.5625
499	0.5625
500	0.5625
501	0.5625
502	0.5625
503	0.5625
504	0.5625
505	0.5625
506	0.5625
507	0.5625
508	0.5625
509	0.5625
510	0.5625
511	0.5625
512	0.5625
513	0.5625
514	0.5625
515	0.5625
516	0.5625
517	0.5625
518	0.5625
519	0.5625
520	0.5625
521	0.5625
522	0.5625
523	0.5625
524	0.5625
525	0.5625
526	0.5625
527	0.5625
528	0.5625
529	0.5625
530	0.5625
531	0.5625
532	0.5625
533	0.5625
534	0.5625
535	0.5625
536	0.5625
537	0.5625
538	0.5625
539	0.5625
540	0.5625
541	0.5625
542	0.5625
543	0.5625
544	0.5625
545	0.5625
546	0.5625
547	0.5625
548	0.5625
549	0.5625
550	0.5625
551	0.5625
552	0.5625
553	0.5625
554	0.5625
555	0.5625
556	0.5625
557	0.5625
558	0.5625
559	0.5625
560	0.5625
561	0.5625
562	0.5625
563	0.5625
564	0.5625
565	0.5625
566	0.5625
567	0.5625
568	0.5625
569	0.5625
570	0.5625
571	0.5625
572	0.5625
573	0.5625
574	0.5625
575	0.5625
576	0.5625
577	0.5625
578	0.5625
579	0.5625
580	0.5625
581	0.5625
582	0.5625
583	0.5625
584	0.5625
585	0.5625
586	0.5625
587	0.5625
588	0.5625
589	0.5625
590	0.5625
591	0.5625
592	0.5625
593	0.5625
594	0.5625
595	0.5625
596	0.5625
597	0.5625
598	0.5625
599	0.5625
600	0.5625
601	0.5625
602	0.5625
603	0.5625
604	0.5625
605	0.5625
606	0.5625
607	0.5625
608	0.5625
609	0.5625
610	0.5625
611	0.5625
612	0.5625
613	0.5625
614	0.5625
615	0.5625
616	0.5625
617	0.5625
618	0.5625
619	0.5625
620	0.5625
621	0.5625
622	0.5625
623	0.5625
624	0.5625
625	0.5625
626	0.5625
627	0.5625
628	0.5625
629	0.5625
630	0.5625
631	0.5625
632	0.5625
633	0.5625
634	0.5625
635	0.5625
636	0.5625
637	0.5625
638	0.5625
639	0.5625
640	0.5625
641	0.5625
642	0.5625
643	0.5625
644	0.5625
645	0.5625
646	0.5625
647	0.5625
648	0.5625
649	0.5625
650	0.5625
651	0.5625
652	0.5625
653	0.5625
654	0.5625
655	0.5625
656	0.5625
657	0.5625
658	0.5625
659	0.5625
660	0.5625
661	0.5625
662	0.5625
663	0.5625
664	0.5625
665	0.5625
666	0.5625
667	0.5625
668	0.5625
669	0.5625
670	0.5625
671	0.5625
672	0.5625
673	0.5625
674	0.5625
675	0.5625
676	0.5625
677	0.5625
678	0.5625
679	0.5625
680	0.5625
681	0.5625
682	0.5625
683	0.5625
684	0.5625
685	0.5625
686	0.5625
687	0.5625
688	0.5625
689	0.5625
690	0.5625
691	0.5625
692	0.5625
693	0.5625
694	0.5625
695	0.5625
696	0.5625
697	0.5625
698	0.5625
699	0.5625
700	0.5625
701	0.5625
702	0.5625
703	0.5625
704	0.5625
705	0.5625
706	0.5625
707	0.5625
708	0.5625
709	0.5625
710	0.5625
711	0.5625
712	0.5625
713	0.5625
714	0.5625
715	0.5625
716	0.5625
717	0.5625
718	0.5625
719	0.5625
720	0.5625
721	0.5625
722	0.5625
723	0.5625
724	0.5625
725	0.5625
726	0.5625
727	0.5625
728	0.5625
729	0.5625
730	0.5625
731	0.5625
732	0.5625
733	0.5625
734	0.5625
735	0.5625
736	0.5625
737	0.5625
738	0.5625
739	0.5625
740	0.5625
741	0.5625
742	0.5625
743	0.5625
744	0.5625
745	0.5625
746	0.5625
747	0.5625
748	0.5625
749	0.5625
750	0.5625
751	0.5625
752	0.5625
753	0.5625
754	0.5625
755	0.5625
756	0.5625
757	0.5625
758	0.5625
759	0.5625
760	0.5625
761	0.5625
762	0.5625
763	0.5625
764	0.5625
765	0.5625
766	0.5625
767	0.5625
768	0.5625
769	0.5625
770	0.5625
771	0.5625
772	0.5625
773	0.5625
774	0.5625
775	0.5625
776	0.5625
777	0.5625
778	0.5625
779	0.5625
780	0.5625
781	0.5625
782	0.5625
783	0.5625
784	0.5625
785	0.5625
786	0.5625
787	0.5625
788	0.5625
789	0.5625
790	0.5625
791	0.5625
792	0.5625
793	0.5625
794	0.5625
795	0.5625
796	0.5625
797	0.5625
798	0.5625
799	0.5625
800	0.5625
801	0.5625
802	0.5625
803	0.5625
804	0.5625
805	0.5625
806	0.5625
807	0.5625
808	0.5625
809	0.5625
810	0.5625
811	0.5625
812	0.5625
813	0.5625
814	0.5625
815	0.5625
816	0.5625
817	0.5625
818	0.5625
819	0.5625
820	0.5625
821	0.5625
822	0.5625
823	0.5625
824	0.5625
825	0.5625
826	0.5625
827	0.5625
828	0.5625
829	0.5625
830	0.5625
831	0.5625
832	0.5625
833	0.5625
834	0.5625
835	0.5625
836	0.5625
837	0.5625
838	0.5625
839	0.5625
840	0.5625
841	0.5625
842	0.5625
843	0.5625
844	0.5625
845	0.5625
846	0.5625
847	0.5625
848	0.5625
849	0.5625
850	0.5625
851	0.5625
852	0.5625
853	0.5625
854	0.5625
855	0.5625
856	0.5625
857	0.5625
858	0.5625
859	0.5625
860	0.5625
861	0.5625
862	0.5625
863	0.5625
864	0.5625
865	0.5625
866	0.5625
867	0.5625
868	0.5625
869	0.5625
870	0.5625
871	0.5625
872	0.5625
873	0.5625
874	0.5625
875	0.5625
876	0.5625
877	0.5625
878	0.5625
879	0.5625
880	0.5625
881	0.5625
882	0.5625
883	0.5625
884	0.5625
885	0.5625
886	0.5625
887	0.5625
888	0.5625
889	0.5625
890	0.5625
891	0.5625
892	0.5625
893	0.5625
894	0.5625
895	0.5625
896	0.5625
897	0.5625
898	0.5625
899	0.5625
900	0.5625
901	0.5625
902	0.5625
903	0.5625
904	0.5625
905	0.5625
906	0.5625
907	0.5625
908	0.5625
909	0.5625
910	0.5625
911	0.5625
912	0.5625
913	0.5625
914	0.5625
915	0.5625
916	0.5625
917	0.5625
918	0.5625
919	0.5625
920	0.5625
921	0.5625
922	0.5625
923	0.5625
924	0.5625
925	0.5625
926	0.5625
927	0.5625
928	0.5625
929	0.5625
930	0.5625
931	0.5625
932	0.5625
933	0.5625
934	0.5625
935	0.5625
936	0.5625
937	0.5625
938	0.5625
939	0.5625
940	0.5625
941	0.5625
942	0.5625
943	0.5625
944	0.5625
945	0.5625
946	0.5625
947	0.5625
948	0.5625
949	0.5625
950	0.5625
951	0.5625
952	0.5625
953	0.5625
954	0.5625
955	0.5625
956	0.5625
957	0.5625
958	0.5625
959	0.5625
960	0.5625
961	0.5625
962	0.5625
963	0.5625
964	0.5625
965	0.5625
966	0.5625
967	0.5625
968	0.5625
969	0.5625
970	0.5625
971	0.5625
972	0.5625
973	0.5625
974	0.5625
975	0.5625
976	0.5625
977	0.5625
978	0.5625
979	0.5625
980	0.5625
981	0.5625
982	0.5625
983	0.5625
984	0.5625
985	0.5625
986	0.5625
987	0.5625
988	0.5625
989	0.5625
990	0.5625
991	0.5625
992	0.5625
993	0.5625
994	0.5625
995	0.5625
996	0.5625
997	0.5625
998	0.5625
999	0.5625
1000	0.5625
1001	0.5625
1002	0.5625
1003	0.5625
1004	0.5625
1005	0.5625
1006	0.5625
1007	0.5625
1008	0.5625
1009	0.5625
1010	0.5625
1011	0.5625
1012	0.5625
1013	0.5625
1014	0.5625
1015	0.5625
1016	0.5625
1017	0.5625
1018	0.5625
1019	0.5625
1020	0.5625
1021	0.5625
1022	0.5625
1023	0.5625
1024	0.5625
1025	0.5625
1026	0.5625
1027	0.5625
1028	0.5625
1029	0.5625
1030	0.5625
1031	0.5625
1032	0.5625
1033	0.5625
1034	0.5625
1035	0.5625
1036	0.5625
1037	0.5625
1038	0.5625
1039	0.5625
1040	0.5625
1041	0.5625
1042	0.5625
1043	0.5625
1044	0.5625
1045	0.5625
1046	0.5625
1047	0.5625
1048	0.5625
1049	0.5625
1050	0.5625
1051	0.5625
1052	0.5625
1053	0.5625
1054	0.5625
1055	0.5625
1056	0.5625
1057	0.5625
1058	0.5625
1059	0.5625
1060	0.5625
1061	0.5625
1062	0.5625
1063	0.5625
1064	0.5625
1065	0.5625
1066	0.5625
1067	0.5625
1068	0.5625
1069	0.5625
1070	0.5625
1071	0.5625
1072	0.5625
1073	0.5625
1074	0.5625
1075	0.5625
1076	0.5625
1077	0.5625
1078	0.5625
1079	0.5625
1080	0.5625
1081	0.5625
1082	0.5625
1083	0.5625
1084	0.5625
1085	0.5625
1086	0.5625
1087	0.5625
1088	0.5625
1089	0.5625
1090	0.5625
1091	0.5625
1092	0.5625
1093	0.5625
1094	0.5625
1095	0.5625
1096	0.5625
1097	0.5625
1098	0.5625
1099	0.5625
1100	0.5625
1101	0.5625
1102	0.5625
1103	0.5625
1104	0.5625
1105	0.5625
1106	0.5625
1107	0.5625
1108	0.5625
1109	0.5625
1110	0.5625
1111	0.5625
1112	0.5625
1113	0.5625
1114	0.5625
1115	0.5625
1116	0.5625
1117	0.5625
1118	0.5625
1119	0.5625
1120	0.5625
1121	0.5625
1122	0.5625
1123	0.5625
1124	0.5625
1125	0.5625
1126	0.5625
1127	0.5625
1128	0.5625
1129	0.5625
1130	0.5625
1131	0.5625
1132	0.5625
1133	0.5625
1134	0.5625
1135	0.5625
1136	0.5625
1137	0.5625
1138	0.5625
1139	0.5625
1140	0.5625
1141	0.5625
1142	0.5625
1143	0.5625
1144	0.5625
1145	0.5625
1146	0.5625
1147	0.5625
1148	0.5625
1149	0.5625
1150	0.5625
1151	0.5625
1152	0.5625
1153	0.5625
1154	0.5625
1155	0.5625
1156	0.5625
1157	0.5625
1158	0.5625
1159	0.5625
1160	0.5625
1161	0.5625
1162	0.5625
1163	0.5625
1164	0.5625
1165	0.5625
1166	0.5625
1167	0.5625
1168	0.5625
1169	0.5625
1170	0.5625
1171	0.5625
1172	0.5625
1173	0.5625
1174	0.5625
1175	0.5625
1176	0.5625
1177	0.5625
1178	0.5625
1179	0.5625
1180	0.5625
1181	0.5625
1182	0.5625
1183	0.5625
1184	0.5625
1185	0.5625
1186	0.5625
1187	0.5625
1188	0.5625
1189	0.5625
1190	0.5625
1191	0.5625
1192	0.5625
1193	0.5625
1194	0.5625
1195	0.5625
1196	0.5625
1197	0.5625
1198	0.5625
1199	0.5625
1200	0.5625
1201	0.5625
1202	0.5625
1203	0.5625
1204	0.5625
1205	0.5625
1206	0.5625
1207	0.5625
1208	0.5625
1209	0.5625
1210	0.5625
1211	0.5625
1212	0.5625
1213	0.5625
1214	0.5625
1215	0.5625
1216	0.5625
1217	0.5625
1218	0.5625
1219	0.5625
1220	0.5625
1221	0.5625
1222	0.5625
1223	0.5625
1224	0.5625
1225	0.5625
1226	0.5625
1227	0.5625
1228	0.5625
1229	0.5625
1230	0.5625
1231	0.5625
1232	0.5625
1233	0.5625
1234	0.5625
1235	0.5625
1236	0.5625
1237	0.5625
1238	0.5625
1239	0.5625
1240	0.5625
1241	0.5625
1242	0.5625
1243	0.5625
1244	0.5625
1245	0.5625
1246	0.5625
1247	0.5625
1248	0.5625
1249	0.5625
1250	0.5625
1251	0.5625
1252	0.5625
1253	0.5625
1254	0.5625
1255	0.5625
1256	0.5625
1257	0.5625
1258	0.5625
1259	0.5625
1260	0.5625
1261	0.5625
1262	0.5625
1263	0.5625
1264	0.5625
1265	0.5625
1266	0.5625
1267	0.5625
1268	0.5625
1269	0.5625
1270	0.5625
1271	0.5625
1272	0.5625
1273	0.5625
1274	0.5625
1275	0.5625
1276	0.5625
1277	0.5625
1278	0.5625
1279	0.5625
1280	0.5625
1281	0.5625
1282	0.5625
1283	0.5625
1284	0.5625
1285	0.5625
1286	0.5625
1287	0.5625
1288	0.5625
1289	0.5625
1290	0.5625
1291	0.5625
1292	0.5625
1293	0.5625
1294	0.5625
1295	0.5625
1296	0.5625
1297	0.5625
1298	0.5625
1299	0.5625
1300	0.5625
