1	0.5
2	0.5
3	0.5
4	0.5
5	0.5
6	0.5
7	0.5
8	0.5
9	0.5
10	0.5
11	0.5
12	0.5
13	0.5
14	0.5
15	0.5
16	0.5
17	0.5
18	0.5
19	0.5
20	0.5
21	0.5
22	0.5
23	0.5
24	0.5
25	0.5
26	0.5
27	0.5
28	0.5
29	0.5
30	0.5
31	0.5
32	0.5
33	0.5
34	0.5
35	0.5
36	0.5
37	0.5
38	0.5
39	0.5
40	0.503906
41	0.507812
42	0.507812
43	0.507812
44	0.507812
45	0.507812
46	0.507812
47	0.507812
48	0.507812
49	0.507812
50	0.507812
51	0.507812
52	0.507812
53	0.507812
54	0.507812
55	0.507812
56	0.507812
57	0.507812
58	0.507812
59	0.507812
60	0.507812
61	0.507812
62	0.511719
63	0.511719
64	0.515625
65	0.515625
66	0.515625
67	0.515625
68	0.515625
69	0.515625
70	0.515625
71	0.515625
72	0.515625
73	0.515625
74	0.515625
75	0.515625
76	0.515625
77	0.515625
78	0.515625
79	0.515625
80	0.515625
81	0.515625
82	0.515625
83	0.515625
84	0.515625
85	0.515625
86	0.515625
87	0.515625
88	0.515625
89	0.515625
90	0.515625
91	0.515625
92	0.515625
93	0.515625
94	0.515625
95	0.515625
96	0.519531
97	0.519531
98	0.519531
99	0.519531
100	0.519531
101	0.519531
102	0.519531
103	0.519531
104	0.519531
105	0.519531
106	0.519531
107	0.519531
108	0.519531
109	0.523438
110	0.523438
111	0.523438
112	0.523438
113	0.523438
114	0.523438
115	0.523438
116	0.523438
117	0.523438
118	0.523438
119	0.523438
120	0.523438
121	0.523438
122	0.523438
123	0.523438
124	0.523438
125	0.523438
126	0.523438
127	0.523438
128	0.523438
129	0.523438
130	0.523438
131	0.523438
132	0.523438
133	0.523438
134	0.523438
135	0.523438
136	0.523438
137	0.523438
138	0.523438
139	0.523438
140	0.523438
141	0.523438
142	0.53125
143	0.546875
144	0.546875
145	0.546875
146	0.546875
147	0.546875
148	0.546875
149	0.546875
150	0.546875
151	0.546875
152	0.546875
153	0.546875
154	0.546875
155	0.546875
156	0.546875
157	0.546875
158	0.546875
159	0.546875
160	0.546875
161	0.546875
162	0.546875
163	0.546875
164	0.546875
165	0.546875
166	0.546875
167	0.546875
168	0.546875
169	0.546875
170	0.546875
171	0.546875
172	0.546875
173	0.546875
174	0.546875
175	0.546875
176	0.546875
177	0.5625
178	0.5625
179	0.5625
180	0.5625
181	0.5625
182	0.5625
183	0.5625
184	0.5625
185	0.5625
186	0.5625
187	0.5625
188	0.5625
189	0.5625
190	0.5625
191	0.5625
192	0.5625
193	0.5625
194	0.5625
195	0.5625
196	0.5625
197	0.5625
198	0.5625
199	0.5625
200	0.5625
201	0.5625
202	0.5625
203	0.5625
204	0.5625
205	0.5625
206	0.5625
207	0.5625
208	0.5625
209	0.5625
210	0.5625
211	0.578125
212	0.578125
213	0.578125
214	0.578125
215	0.578125
216	0.578125
217	0.578125
218	0.578125
219	0.578125
220	0.578125
221	0.578125
222	0.578125
223	0.578125
224	0.578125
225	0.578125
226	0.578125
227	0.578125
228	0.578125
229	0.578125
230	0.578125
231	0.578125
232	0.578125
233	0.578125
234	0.578125
235	0.578125
236	0.578125
237	0.578125
238	0.578125
239	0.578125
240	0.578125
241	0.578125
242	0.578125
243	0.578125
244	0.578125
245	0.578125
246	0.578125
247	0.578125
248	0.578125
249	0.578125
250	0.578125
251	0.578125
252	0.578125
253	0.578125
254	0.578125
255	0.578125
256	0.578125
257	0.578125
258	0.578125
259	0.578125
260	0.578125
261	0.578125
262	0.578125
263	0.578125
264	0.578125
265	0.578125
266	0.578125
267	0.578125
268	0.578125
269	0.578125
270	0.578125
271	0.578125
272	0.578125
273	0.578125
274	0.578125
275	0.578125
276	0.578125
277	0.578125
278	0.578125
279	0.578125
280	0.578125
281	0.578125
282	0.578125
283	0.578125
284	0.578125
285	0.578125
286	0.578125
287	0.578125
288	0.578125
289	0.578125
290	0.578125
291	0.578125
292	0.578125
293	0.578125
294	0.578125
295	0.578125
296	0.578125
297	0.578125
298	0.578125
299	0.578125
300	0.578125
301	0.578125
302	0.578125
303	0.578125
304	0.578125
305	0.578125
306	0.578125
307	0.578125
308	0.578125
309	0.578125
310	0.578125
311	0.578125
312	0.578125
313	0.578125
314	0.578125
315	0.578125
316	0.578125
317	0.578125
318	0.578125
319	0.578125
320	0.59375
321	0.59375
322	0.59375
323	0.59375
324	0.59375
325	0.59375
326	0.59375
327	0.59375
328	0.59375
329	0.59375
330	0.59375
331	0.59375
332	0.59375
333	0.59375
334	0.59375
335	0.59375
336	0.59375
337	0.59375
338	0.59375
339	0.59375
340	0.59375
341	0.59375
342	0.59375
343	0.59375
344	0.59375
345	0.59375
346	0.59375
347	0.59375
348	0.59375
349	0.59375
350	0.59375
351	0.59375
352	0.59375
353	0.59375
354	0.59375
355	0.59375
356	0.59375
357	0.59375
358	0.59375
359	0.59375
360	0.59375
361	0.59375
362	0.59375
363	0.59375
364	0.59375
365	0.59375
366	0.59375
367	0.59375
368	0.59375
369	0.625
370	0.625
371	0.625
372	0.625
373	0.625
374	0.625
375	0.625
376	0.625
377	0.625
378	0.625
379	0.625
380	0.625
381	0.625
382	0.625
383	0.625
384	0.625
385	0.625
386	0.625
387	0.625
388	0.625
389	0.625
390	0.625
391	0.625
392	0.625
393	0.625
394	0.625
395	0.625
396	0.625
397	0.625
398	0.625
399	0.625
400	0.625
401	0.625
402	0.625
403	0.625
404	0.625
405	0.625
406	0.625
407	0.625
408	0.625
409	0.625
410	0.625
411	0.625
412	0.625
413	0.625
414	0.625
415	0.625
416	0.625
417	0.625
418	0.625
419	0.625
420	0.625
421	0.625
422	0.625
423	0.625
424	0.625
425	0.625
426	0.625
427	0.625
428	0.625
429	0.625
430	0.625
431	0.625
432	0.625
433	0.625
434	0.625
435	0.625
436	0.625
437	0.625
438	0.625
439	0.625
440	0.625
441	0.625
442	0.625
443	0.625
444	0.625
445	0.625
446	0.625
447	0.625
448	0.625
449	0.625
450	0.625
451	0.625
452	0.625
453	0.625
454	0.625
455	0.625
456	0.625
457	0.625
458	0.625
459	0.625
460	0.625
461	0.625
462	0.625
463	0.625
464	0.625
465	0.625
466	0.625
467	0.625
468	0.625
469	0.625
470	0.625
471	0.625
472	0.625
473	0.625
474	0.625
475	0.625
476	0.625
477	0.625
478	0.625
479	0.625
480	0.625
481	0.625
482	0.625
483	0.625
484	0.625
485	0.625
486	0.625
487	0.625
488	0.625
489	0.625
490	0.625
491	0.625
492	0.625
493	0.625
494	0.625
495	0.625
496	0.625
497	0.625
498	0.625
499	0.625
500	0.625
501	0.625
502	0.625
503	0.625
504	0.625
505	0.625
506	0.625
507	0.625
508	0.625
509	0.625
510	0.625
511	0.625
512	0.625
513	0.625
514	0.625
515	0.625
516	0.625
517	0.625
518	0.625
519	0.625
520	0.625
521	0.625
522	0.625
523	0.625
524	0.625
525	0.625
526	0.625
527	0.625
528	0.625
529	0.625
530	0.625
531	0.625
532	0.625
533	0.625
534	0.625
535	0.625
536	0.625
537	0.625
538	0.625
539	0.625
540	0.625
541	0.625
542	0.625
543	0.625
544	0.625
545	0.625
546	0.625
547	0.625
548	0.625
549	0.625
550	0.625
551	0.625
552	0.625
553	0.625
554	0.625
555	0.625
556	0.625
557	0.625
558	0.625
559	0.625
560	0.625
561	0.625
562	0.625
563	0.625
564	0.625
565	0.625
566	0.625
567	0.625
568	0.625
569	0.625
570	0.625
571	0.625
572	0.625
573	0.625
574	0.625
575	0.625
576	0.625
577	0.625
578	0.625
579	0.625
580	0.625
581	0.625
582	0.625
583	0.625
584	0.625
585	0.625
586	0.625
587	0.625
588	0.625
589	0.625
590	0.625
591	0.625
592	0.625
593	0.625
594	0.625
595	0.625
596	0.625
597	0.625
598	0.625
599	0.625
600	0.625
601	0.625
602	0.625
603	0.625
604	0.625
605	0.625
606	0.625
607	0.625
608	0.625
609	0.625
610	0.625
611	0.625
612	0.625
613	0.625
614	0.625
615	0.625
616	0.625
617	0.625
618	0.625
619	0.625
620	0.625
621	0.625
622	0.625
623	0.625
624	0.625
625	0.625
626	0.625
627	0.625
628	0.625
629	0.625
630	0.625
631	0.625
632	0.625
633	0.625
634	0.625
635	0.625
636	0.625
637	0.625
638	0.625
639	0.625
640	0.625
641	0.625
642	0.625
643	0.625
644	0.625
645	0.625
646	0.625
647	0.625
648	0.625
649	0.625
650	0.625
651	0.625
652	0.625
653	0.625
654	0.625
655	0.625
656	0.625
657	0.625
658	0.625
659	0.625
660	0.625
661	0.625
662	0.625
663	0.625
664	0.625
665	0.625
666	0.625
667	0.625
668	0.625
669	0.625
670	0.625
671	0.625
672	0.625
673	0.625
674	0.625
675	0.625
676	0.625
677	0.625
678	0.625
679	0.625
680	0.625
681	0.625
682	0.625
683	0.625
684	0.625
685	0.625
686	0.625
687	0.625
688	0.625
689	0.625
690	0.625
691	0.625
692	0.625
693	0.625
694	0.625
695	0.625
696	0.625
697	0.625
698	0.625
699	0.625
700	0.625
701	0.625
702	0.625
703	0.625
704	0.625
705	0.625
706	0.625
707	0.625
708	0.625
709	0.625
710	0.625
711	0.625
712	0.625
713	0.625
714	0.625
715	0.625
716	0.625
717	0.625
718	0.625
719	0.625
720	0.625
721	0.625
722	0.625
723	0.625
724	0.625
725	0.625
726	0.625
727	0.625
728	0.625
729	0.625
730	0.625
731	0.625
732	0.625
733	0.625
734	0.625
735	0.625
736	0.625
737	0.625
738	0.625
739	0.625
740	0.625
741	0.625
742	0.625
743	0.625
744	0.625
745	0.625
746	0.625
747	0.625
748	0.625
749	0.625
750	0.625
751	0.625
752	0.625
753	0.625
754	0.625
755	0.625
756	0.625
757	0.625
758	0.625
759	0.625
760	0.625
761	0.625
762	0.625
763	0.625
764	0.625
765	0.625
766	0.625
767	0.625
768	0.625
769	0.625
770	0.625
771	0.625
772	0.625
773	0.625
774	0.625
775	0.625
776	0.625
777	0.625
778	0.625
779	0.625
780	0.625
781	0.625
782	0.625
783	0.625
784	0.625
785	0.625
786	0.625
787	0.625
788	0.625
789	0.625
790	0.625
791	0.625
792	0.625
793	0.625
794	0.625
795	0.625
796	0.625
797	0.625
798	0.625
799	0.625
800	0.625
801	0.625
802	0.625
803	0.625
804	0.625
805	0.625
806	0.625
807	0.625
808	0.625
809	0.625
810	0.625
811	0.625
812	0.625
813	0.625
814	0.625
815	0.625
816	0.625
817	0.625
818	0.625
819	0.625
820	0.625
821	0.625
822	0.625
823	0.625
824	0.625
825	0.625
826	0.625
827	0.625
828	0.625
829	0.625
830	0.625
831	0.625
832	0.625
833	0.625
834	0.625
835	0.625
836	0.625
837	0.625
838	0.625
839	0.625
840	0.625
841	0.625
842	0.625
843	0.625
844	0.625
845	0.625
846	0.625
847	0.625
848	0.625
849	0.625
850	0.625
851	0.625
852	0.625
853	0.625
854	0.625
855	0.625
856	0.625
857	0.625
858	0.625
859	0.625
860	0.625
861	0.625
862	0.625
863	0.625
864	0.625
865	0.625
866	0.625
867	0.625
868	0.625
869	0.625
870	0.625
871	0.625
872	0.625
873	0.625
874	0.625
875	0.625
876	0.625
877	0.625
878	0.625
879	0.625
880	0.625
881	0.625
882	0.625
883	0.625
884	0.625
885	0.625
886	0.625
887	0.625
888	0.625
889	0.625
890	0.625
891	0.625
892	0.625
893	0.625
894	0.625
895	0.625
896	0.625
897	0.625
898	0.625
899	0.625
900	0.625
901	0.625
902	0.625
903	0.625
904	0.625
905	0.625
906	0.625
907	0.625
908	0.625
909	0.625
910	0.625
911	0.625
912	0.625
913	0.625
914	0.625
915	0.625
916	0.625
917	0.625
918	0.625
919	0.625
920	0.625
921	0.625
922	0.625
923	0.625
924	0.625
925	0.625
926	0.625
927	0.625
928	0.625
929	0.625
930	0.625
931	0.625
932	0.625
933	0.625
934	0.625
935	0.625
936	0.625
937	0.625
938	0.625
939	0.625
940	0.625
941	0.625
942	0.625
943	0.625
944	0.625
945	0.625
946	0.625
947	0.625
948	0.625
949	0.625
950	0.625
951	0.625
952	0.625
953	0.625
954	0.625
955	0.625
956	0.625
957	0.625
958	0.625
959	0.625
960	0.625
961	0.625
962	0.625
963	0.625
964	0.625
965	0.625
966	0.625
967	0.625
968	0.625
969	0.625
970	0.625
971	0.625
972	0.625
973	0.625
974	0.625
975	0.625
976	0.625
977	0.625
978	0.625
979	0.625
980	0.625
981	0.625
982	0.625
983	0.625
984	0.625
985	0.625
986	0.625
987	0.625
988	0.625
989	0.625
990	0.625
991	0.625
992	0.625
993	0.625
994	0.625
995	0.625
996	0.625
997	0.625
998	0.625
999	0.625
1000	0.625
1001	0.625
1002	0.625
1003	0.625
1004	0.625
1005	0.625
1006	0.625
1007	0.625
1008	0.625
1009	0.625
1010	0.625
1011	0.625
1012	0.625
1013	0.625
1014	0.625
1015	0.625
1016	0.625
1017	0.625
1018	0.625
1019	0.625
1020	0.625
1021	0.625
1022	0.625
1023	0.625
1024	0.625
1025	0.625
1026	0.625
1027	0.625
1028	0.625
1029	0.625
1030	0.625
1031	0.625
1032	0.625
1033	0.625
1034	0.625
1035	0.625
1036	0.625
1037	0.625
1038	0.625
1039	0.625
1040	0.625
1041	0.625
1042	0.625
1043	0.625
1044	0.625
1045	0.625
1046	0.625
1047	0.625
1048	0.625
1049	0.625
1050	0.625
1051	0.625
1052	0.625
1053	0.625
1054	0.625
1055	0.625
1056	0.625
1057	0.625
1058	0.625
1059	0.625
1060	0.625
1061	0.625
1062	0.625
1063	0.625
1064	0.625
1065	0.625
1066	0.625
1067	0.625
1068	0.625
1069	0.625
1070	0.625
1071	0.625
1072	0.625
1073	0.625
1074	0.625
1075	0.625
1076	0.625
1077	0.625
1078	0.625
1079	0.625
1080	0.625
1081	0.625
1082	0.625
1083	0.625
1084	0.625
1085	0.625
1086	0.625
1087	0.625
1088	0.625
1089	0.625
1090	0.625
1091	0.625
1092	0.625
1093	0.625
1094	0.625
1095	0.625
1096	0.625
1097	0.625
1098	0.625
1099	0.625
1100	0.625
1101	0.625
1102	0.625
1103	0.625
1104	0.625
1105	0.625
1106	0.625
1107	0.625
1108	0.625
1109	0.625
1110	0.625
1111	0.625
1112	0.625
1113	0.625
1114	0.625
1115	0.625
1116	0.703125
1117	0.703125
1118	0.703125
1119	0.703125
1120	0.703125
1121	0.703125
1122	0.703125
1123	0.703125
1124	0.703125
1125	0.703125
1126	0.703125
1127	0.703125
1128	0.703125
1129	0.703125
1130	0.703125
1131	0.703125
1132	0.703125
1133	0.703125
1134	0.703125
1135	0.703125
1136	0.703125
1137	0.703125
1138	0.703125
1139	0.703125
1140	0.703125
1141	0.703125
1142	0.703125
1143	0.703125
1144	0.703125
1145	0.71875
1146	0.71875
1147	0.71875
1148	0.71875
1149	0.71875
1150	0.71875
1151	0.71875
1152	0.71875
1153	0.71875
1154	0.71875
1155	0.71875
1156	0.71875
1157	0.71875
1158	0.71875
1159	0.71875
1160	0.71875
1161	0.71875
1162	0.71875
1163	0.71875
1164	0.71875
1165	0.71875
1166	0.71875
1167	0.71875
1168	0.71875
1169	0.71875
1170	0.71875
1171	0.71875
1172	0.71875
1173	0.71875
1174	0.71875
1175	0.71875
1176	0.71875
1177	0.71875
1178	0.71875
1179	0.71875
1180	0.71875
1181	0.71875
1182	0.71875
1183	0.71875
1184	0.71875
1185	0.71875
1186	0.71875
1187	0.71875
1188	0.71875
1189	0.71875
1190	0.71875
1191	0.71875
1192	0.71875
1193	0.71875
1194	0.71875
1195	0.71875
1196	0.71875
1197	0.71875
1198	0.71875
1199	0.71875
1200	0.71875
1201	0.71875
1202	0.71875
1203	0.71875
1204	0.71875
1205	0.71875
1206	0.71875
1207	0.71875
1208	0.71875
1209	0.71875
1210	0.71875
1211	0.71875
1212	0.71875
1213	0.71875
1214	0.71875
1215	0.71875
1216	0.71875
1217	0.71875
1218	0.71875
1219	0.71875
1220	0.71875
1221	0.71875
1222	0.71875
1223	0.71875
1224	0.71875
1225	0.71875
1226	0.71875
1227	0.71875
1228	0.71875
1229	0.71875
1230	0.71875
1231	0.71875
1232	0.71875
1233	0.71875
1234	0.71875
1235	0.71875
1236	0.71875
1237	0.71875
1238	0.71875
1239	0.71875
1240	0.71875
1241	0.71875
1242	0.71875
1243	0.71875
1244	0.71875
1245	0.71875
1246	0.71875
1247	0.71875
1248	0.71875
1249	0.71875
1250	0.71875
1251	0.71875
1252	0.71875
1253	0.71875
1254	0.71875
1255	0.71875
1256	0.71875
1257	0.71875
1258	0.71875
1259	0.71875
1260	0.71875
1261	0.71875
1262	0.71875
1263	0.71875
1264	0.71875
1265	0.71875
1266	0.71875
1267	0.71875
1268	0.71875
1269	0.71875
1270	0.71875
1271	0.71875
1272	0.71875
1273	0.71875
1274	0.71875
1275	0.71875
1276	0.71875
1277	0.71875
1278	0.71875
1279	0.71875
1280	0.71875
1281	0.71875
1282	0.71875
1283	0.71875
1284	0.71875
1285	0.71875
1286	0.71875
1287	0.71875
1288	0.71875
1289	0.71875
1290	0.71875
1291	0.71875
1292	0.71875
1293	0.71875
1294	0.71875
1295	0.71875
1296	0.71875
1297	0.71875
1298	0.71875
1299	0.71875
1300	0.71875
1301	0.71875
1302	0.71875
1303	0.71875
1304	0.71875
1305	0.71875
1306	0.71875
1307	0.71875
1308	0.71875
1309	0.71875
1310	0.71875
1311	0.71875
1312	0.71875
1313	0.71875
1314	0.71875
1315	0.71875
1316	0.71875
1317	0.71875
1318	0.71875
1319	0.71875
1320	0.71875
1321	0.71875
1322	0.71875
1323	0.71875
1324	0.71875
1325	0.71875
1326	0.71875
1327	0.71875
1328	0.71875
1329	0.71875
1330	0.71875
1331	0.71875
1332	0.71875
1333	0.71875
1334	0.71875
1335	0.71875
1336	0.71875
1337	0.71875
1338	0.71875
1339	0.71875
1340	0.71875
1341	0.71875
1342	0.71875
1343	0.71875
1344	0.71875
1345	0.71875
1346	0.71875
1347	0.71875
1348	0.71875
1349	0.71875
1350	0.71875
1351	0.71875
1352	0.71875
1353	0.71875
1354	0.71875
1355	0.71875
1356	0.71875
1357	0.71875
1358	0.71875
1359	0.71875
1360	0.71875
1361	0.71875
1362	0.71875
1363	0.71875
1364	0.71875
1365	0.71875
1366	0.71875
1367	0.71875
1368	0.71875
1369	0.71875
1370	0.71875
1371	0.71875
1372	0.71875
1373	0.71875
1374	0.71875
1375	0.71875
1376	0.71875
1377	0.71875
1378	0.71875
1379	0.71875
1380	0.71875
1381	0.71875
1382	0.71875
1383	0.71875
1384	0.71875
1385	0.71875
1386	0.71875
1387	0.71875
1388	0.71875
1389	0.71875
1390	0.71875
1391	0.71875
1392	0.71875
1393	0.71875
1394	0.71875
1395	0.71875
1396	0.71875
1397	0.71875
1398	0.71875
1399	0.71875
1400	0.71875
1401	0.71875
1402	0.71875
1403	0.71875
1404	0.71875
1405	0.71875
1406	0.71875
1407	0.71875
1408	0.71875
1409	0.71875
1410	0.71875
1411	0.71875
1412	0.71875
1413	0.71875
1414	0.71875
1415	0.71875
1416	0.71875
1417	0.71875
1418	0.71875
1419	0.71875
1420	0.71875
1421	0.71875
1422	0.71875
1423	0.71875
1424	0.71875
1425	0.71875
1426	0.71875
1427	0.71875
1428	0.71875
1429	0.71875
1430	0.71875
1431	0.71875
1432	0.71875
1433	0.71875
1434	0.71875
1435	0.71875
1436	0.71875
1437	0.71875
1438	0.71875
1439	0.71875
1440	0.71875
1441	0.71875
1442	0.71875
1443	0.71875
1444	0.71875
1445	0.71875
1446	0.71875
1447	0.71875
1448	0.71875
1449	0.71875
1450	0.71875
1451	0.71875
1452	0.71875
1453	0.71875
1454	0.71875
1455	0.71875
1456	0.71875
1457	0.71875
1458	0.71875
1459	0.71875
1460	0.71875
1461	0.71875
1462	0.71875
1463	0.71875
1464	0.71875
1465	0.71875
1466	0.71875
1467	0.71875
1468	0.71875
1469	0.71875
1470	0.71875
1471	0.71875
1472	0.71875
1473	0.71875
1474	0.71875
1475	0.71875
1476	0.71875
1477	0.71875
1478	0.71875
1479	0.71875
1480	0.71875
1481	0.71875
1482	0.71875
1483	0.71875
1484	0.71875
1485	0.71875
1486	0.71875
1487	0.71875
1488	0.71875
1489	0.71875
1490	0.71875
1491	0.71875
1492	0.71875
1493	0.71875
1494	0.71875
1495	0.71875
1496	0.71875
1497	0.71875
1498	0.71875
1499	0.71875
1500	0.71875
1501	0.71875
1502	0.71875
1503	0.71875
1504	0.71875
1505	0.75
1506	0.75
1507	0.75
1508	0.75
1509	0.75
1510	0.75
1511	0.75
1512	0.75
1513	0.75
1514	0.75
1515	0.75
1516	0.75
1517	0.75
1518	0.75
1519	0.75
1520	0.75
1521	0.75
1522	0.75
1523	0.75
1524	0.75
1525	0.75
1526	0.75
1527	0.75
1528	0.75
1529	0.75
1530	0.75
1531	0.75
1532	0.75
1533	0.75
1534	0.75
1535	0.75
1536	0.75
1537	0.75
1538	0.75
1539	0.75
1540	0.75
1541	0.75
1542	0.75
1543	0.75
1544	0.75
1545	0.75
1546	0.75
1547	0.75
1548	0.75
1549	0.75
1550	0.75
1551	0.75
1552	0.75
1553	0.75
1554	0.75
1555	0.75
1556	0.75
1557	0.75
1558	0.75
1559	0.75
1560	0.75
1561	0.75
1562	0.75
1563	0.75
1564	0.75
1565	0.75
1566	0.75
1567	0.75
1568	0.75
1569	0.75
1570	0.75
1571	0.75
1572	0.75
1573	0.75
1574	0.75
1575	0.75
1576	0.75
1577	0.75
1578	0.75
1579	0.75
1580	0.75
1581	0.75
1582	0.75
1583	0.75
1584	0.75
1585	0.75
1586	0.75
1587	0.75
1588	0.75
1589	0.75
1590	0.75
1591	0.75
1592	0.75
1593	0.75
1594	0.75
1595	0.75
1596	0.75
1597	0.75
1598	0.75
1599	0.75
1600	0.75
1601	0.75
1602	0.75
1603	0.75
1604	0.75
1605	0.75
1606	0.75
1607	0.75
1608	0.75
1609	0.75
1610	0.75
1611	0.75
1612	0.75
1613	0.75
1614	0.75
1615	0.75
1616	0.75
1617	0.75
1618	0.75
1619	0.75
1620	0.75
1621	0.75
1622	0.75
1623	0.75
1624	0.75
1625	0.75
1626	0.75
1627	0.75
1628	0.75
1629	0.75
1630	0.75
1631	0.75
1632	0.75
1633	0.75
1634	0.75
1635	0.75
1636	0.75
1637	0.75
1638	0.75
1639	0.75
1640	0.75
1641	0.75
1642	0.75
1643	0.75
1644	0.75
1645	0.75
1646	0.75
1647	0.75
1648	0.75
1649	0.75
1650	0.75
1651	0.75
1652	0.75
1653	0.75
1654	0.75
1655	0.75
1656	0.75
1657	0.75
1658	0.75
1659	0.75
1660	0.75
1661	0.75
1662	0.75
1663	0.75
1664	0.75
1665	0.75
1666	0.75
1667	0.75
1668	0.75
1669	0.75
1670	0.75
1671	0.75
1672	0.75
1673	0.75
1674	0.75
1675	0.75
1676	0.75
1677	0.75
1678	0.75
1679	0.75
1680	0.75
1681	0.75
1682	0.75
1683	0.75
1684	0.75
1685	0.75
1686	0.75
1687	0.75
1688	0.75
1689	0.75
1690	0.75
1691	0.75
1692	0.75
1693	0.75
1694	0.75
1695	0.75
1696	0.75
1697	0.75
1698	0.75
1699	0.75
1700	0.75
1701	0.75
1702	0.75
1703	0.75
1704	0.75
1705	0.75
1706	0.75
1707	0.75
1708	0.75
1709	0.75
1710	0.75
1711	0.75
1712	0.75
1713	0.75
1714	0.75
1715	0.75
1716	0.75
1717	0.75
1718	0.75
1719	0.75
1720	0.75
1721	0.75
1722	0.75
1723	0.75
1724	0.75
1725	0.75
1726	0.75
1727	0.75
1728	0.75
1729	0.75
1730	0.75
1731	0.75
1732	0.75
1733	0.75
1734	0.75
1735	0.75
1736	0.75
1737	0.75
1738	0.75
1739	0.75
1740	0.75
1741	0.75
1742	0.75
1743	0.75
1744	0.75
1745	0.75
1746	0.75
1747	0.75
1748	0.75
1749	0.75
1750	0.75
1751	0.75
1752	0.75
1753	0.75
1754	0.75
1755	0.75
1756	0.75
1757	0.75
1758	0.75
1759	0.75
1760	0.75
1761	0.75
1762	0.75
1763	0.75
1764	0.75
1765	0.75
1766	0.75
1767	0.75
1768	0.75
1769	0.75
1770	0.75
1771	0.75
1772	0.75
1773	0.75
1774	0.75
1775	0.75
1776	0.75
1777	0.75
1778	0.75
1779	0.75
1780	0.75
1781	0.75
1782	0.75
1783	0.75
1784	0.75
1785	0.75
1786	0.75
1787	0.75
1788	0.75
1789	0.75
1790	0.75
1791	0.75
1792	0.75
1793	0.75
1794	0.75
1795	0.75
1796	0.75
1797	0.75
1798	0.75
1799	0.75
1800	0.75
1801	0.75
1802	0.75
1803	0.75
1804	0.75
1805	0.75
1806	0.75
1807	0.75
1808	0.75
1809	0.75
1810	0.75
1811	0.75
1812	0.75
1813	0.75
1814	0.75
1815	0.75
1816	0.75
1817	0.75
1818	0.75
1819	0.75
1820	0.75
1821	0.75
1822	0.75
1823	0.75
1824	0.75
1825	0.75
1826	0.75
1827	0.75
1828	0.75
1829	0.75
1830	0.75
1831	0.75
1832	0.75
1833	0.75
1834	0.75
1835	0.75
1836	0.75
1837	0.75
1838	0.75
1839	0.75
1840	0.75
1841	0.75
1842	0.75
1843	0.75
1844	0.75
1845	0.75
1846	0.75
1847	0.75
1848	0.75
1849	0.75
1850	0.75
1851	0.75
1852	0.75
1853	0.75
1854	0.75
1855	0.75
1856	0.75
1857	0.75
1858	0.75
1859	0.75
1860	0.75
1861	0.75
1862	0.75
1863	0.75
1864	0.75
1865	0.75
1866	0.75
1867	0.75
1868	0.75
1869	0.75
1870	0.75
1871	0.75
1872	0.75
1873	0.75
1874	0.75
1875	0.75
1876	0.75
1877	0.75
1878	0.75
1879	0.75
1880	0.75
1881	0.75
1882	0.75
1883	0.75
1884	0.75
1885	0.75
1886	0.75
1887	0.75
1888	0.75
1889	0.75
1890	0.75
1891	0.75
1892	0.75
1893	0.75
1894	0.75
1895	0.75
1896	0.75
1897	0.75
1898	0.75
1899	0.75
1900	0.75
1901	0.75
1902	0.75
1903	0.75
1904	0.75
1905	0.75
1906	0.75
1907	0.75
1908	0.75
1909	0.75
1910	0.75
1911	0.75
1912	0.75
1913	0.75
1914	0.75
1915	0.75
1916	0.75
1917	0.75
1918	0.75
1919	0.75
1920	0.75
1921	0.75
1922	0.75
1923	0.75
1924	0.75
1925	0.75
1926	0.75
1927	0.75
1928	0.75
1929	0.75
1930	0.75
1931	0.75
1932	0.75
1933	0.75
1934	0.75
1935	0.75
1936	0.75
1937	0.75
1938	0.75
1939	0.75
1940	0.75
1941	0.75
1942	0.75
1943	0.75
1944	0.75
1945	0.75
1946	0.75
1947	0.75
1948	0.75
1949	0.75
1950	0.75
1951	0.75
1952	0.75
1953	0.75
1954	0.75
1955	0.75
1956	0.75
1957	0.75
1958	0.75
1959	0.75
1960	0.75
1961	0.75
1962	0.75
1963	0.75
1964	0.75
1965	0.75
1966	0.75
1967	0.75
1968	0.75
1969	0.75
1970	0.75
1971	0.75
1972	0.75
1973	0.75
1974	0.75
1975	0.75
1976	0.75
1977	0.75
1978	0.75
1979	0.75
1980	0.75
1981	0.75
1982	0.75
1983	0.75
1984	0.75
1985	0.75
1986	0.75
1987	0.75
1988	0.75
1989	0.75
1990	0.75
1991	0.75
1992	0.75
1993	0.75
1994	0.75
1995	0.75
1996	0.75
1997	0.75
1998	0.75
1999	0.75
2000	0.75
2001	0.75
2002	0.75
2003	0.75
2004	0.75
2005	0.75
2006	0.75
2007	0.75
2008	0.75
2009	0.75
2010	0.75
2011	0.75
2012	0.75
2013	0.75
2014	0.75
2015	0.75
2016	0.75
2017	0.75
2018	0.75
2019	0.75
2020	0.75
2021	0.75
2022	0.75
2023	0.75
2024	0.75
2025	0.75
2026	0.75
2027	0.75
2028	0.75
2029	0.75
2030	0.75
2031	0.75
2032	0.75
2033	0.75
2034	0.75
2035	0.75
2036	0.75
2037	0.75
2038	0.75
2039	0.75
2040	0.75
2041	0.75
2042	0.75
2043	0.75
2044	0.75
2045	0.75
2046	0.75
2047	0.75
2048	0.75
2049	0.75
2050	0.75
2051	0.75
2052	0.75
2053	0.75
2054	0.75
2055	0.75
2056	0.75
2057	0.75
2058	0.75
2059	0.75
2060	0.75
2061	0.75
2062	0.75
2063	0.75
2064	0.75
2065	0.75
2066	0.75
2067	0.75
2068	0.75
2069	0.75
2070	0.75
2071	0.75
2072	0.75
2073	0.75
2074	0.75
2075	0.75
2076	0.75
2077	0.75
2078	0.75
2079	0.75
2080	0.75
2081	0.75
2082	0.75
2083	0.75
2084	0.75
2085	0.75
2086	0.75
2087	0.75
2088	0.75
2089	0.75
2090	0.75
2091	0.75
2092	0.75
2093	0.75
2094	0.75
2095	0.75
2096	0.75
2097	0.75
2098	0.75
2099	0.75
2100	0.75
2101	0.75
2102	0.75
2103	0.75
2104	0.75
2105	0.75
2106	0.75
2107	0.75
2108	0.75
2109	0.75
2110	0.75
2111	0.75
2112	0.75
2113	0.75
2114	0.75
2115	0.75
2116	0.75
2117	0.75
2118	0.75
2119	0.75
2120	0.75
2121	0.75
2122	0.75
2123	0.75
2124	0.75
2125	0.75
2126	0.75
2127	0.75
2128	0.75
2129	0.75
2130	0.75
2131	0.75
2132	0.75
2133	0.75
2134	0.75
2135	0.75
2136	0.75
2137	0.75
2138	0.75
2139	0.75
2140	0.75
2141	0.75
2142	0.75
2143	0.75
2144	0.75
2145	0.75
2146	0.75
2147	0.75
2148	0.75
2149	0.75
2150	0.75
2151	0.75
2152	0.75
2153	0.75
2154	0.75
2155	0.75
2156	0.75
2157	0.75
2158	0.75
2159	0.75
2160	0.75
2161	0.75
2162	0.75
2163	0.75
2164	0.75
2165	0.75
2166	0.75
2167	0.75
2168	0.75
2169	0.75
2170	0.75
2171	0.75
2172	0.75
2173	0.75
2174	0.75
2175	0.75
2176	0.75
2177	0.75
2178	0.75
2179	0.75
2180	0.75
2181	0.75
2182	0.75
2183	0.75
2184	0.75
2185	0.75
2186	0.75
2187	0.75
2188	0.75
2189	0.75
2190	0.75
2191	0.75
2192	0.75
2193	0.75
2194	0.75
2195	0.75
2196	0.75
2197	0.75
2198	0.75
2199	0.75
2200	0.75
2201	0.75
2202	0.75
2203	0.75
2204	0.75
2205	0.75
2206	0.75
2207	0.75
2208	0.75
2209	0.75
2210	0.75
2211	0.75
2212	0.75
2213	0.75
2214	0.75
2215	0.75
2216	0.75
2217	0.75
2218	0.75
2219	0.75
2220	0.75
2221	0.75
2222	0.75
2223	0.75
2224	0.75
2225	0.75
2226	0.75
2227	0.75
2228	0.75
2229	0.75
2230	0.75
2231	0.75
2232	0.75
2233	0.75
2234	0.75
2235	0.75
2236	0.75
2237	0.75
2238	0.75
2239	0.75
2240	0.75
2241	0.75
2242	0.75
2243	0.75
2244	0.75
2245	0.75
2246	0.75
2247	0.75
2248	0.75
2249	0.75
2250	0.75
2251	0.75
2252	0.75
2253	0.75
2254	0.75
2255	0.75
2256	0.75
2257	0.75
2258	0.75
2259	0.75
2260	0.75
2261	0.75
2262	0.75
2263	0.75
2264	0.75
2265	0.75
2266	0.75
2267	0.75
2268	0.75
2269	0.75
2270	0.75
2271	0.75
2272	0.75
2273	0.75
2274	0.75
2275	0.75
2276	0.75
2277	0.75
2278	0.75
2279	0.75
2280	0.75
2281	0.75
2282	0.75
2283	0.75
2284	0.75
2285	0.75
2286	0.75
2287	0.75
2288	0.75
2289	0.75
2290	0.75
2291	0.75
2292	0.75
2293	0.75
2294	0.75
2295	0.75
2296	0.75
2297	0.75
2298	0.75
2299	0.75
2300	0.75
2301	0.75
2302	0.75
2303	0.75
2304	0.75
2305	0.75
2306	0.75
2307	0.75
2308	0.75
2309	0.75
2310	0.75
2311	0.75
2312	0.75
2313	0.75
2314	0.75
2315	0.75
2316	0.75
2317	0.75
2318	0.75
2319	0.75
2320	0.75
2321	0.75
2322	0.75
2323	0.75
2324	0.75
2325	0.75
2326	0.75
2327	0.75
2328	0.75
2329	0.75
2330	0.75
2331	0.75
2332	0.75
2333	0.75
2334	0.75
2335	0.75
2336	0.75
2337	0.75
2338	0.75
2339	0.75
2340	0.75
2341	0.75
2342	0.75
2343	0.75
2344	0.75
2345	0.75
2346	0.75
2347	0.75
2348	0.75
2349	0.75
2350	0.75
2351	0.75
2352	0.75
2353	0.75
2354	0.75
2355	0.75
2356	0.75
2357	0.75
2358	0.75
2359	0.75
2360	0.75
2361	0.75
2362	0.75
2363	0.75
2364	0.75
2365	0.75
2366	0.75
2367	0.75
2368	0.75
2369	0.75
2370	0.75
2371	0.75
2372	0.75
2373	0.75
2374	0.75
2375	0.75
2376	0.75
2377	0.75
2378	0.75
2379	0.75
2380	0.75
2381	0.75
2382	0.75
2383	0.75
2384	0.75
2385	0.75
2386	0.75
2387	0.75
2388	0.75
2389	0.75
2390	0.75
2391	0.75
2392	0.75
2393	0.75
2394	0.75
2395	0.75
2396	0.75
2397	0.75
2398	0.75
2399	0.75
2400	0.75
