1	0.507812
2	0.507812
3	0.507812
4	0.515625
5	0.515625
6	0.515625
7	0.515625
8	0.515625
9	0.53125
10	0.53125
11	0.53125
12	0.53125
13	0.53125
14	0.53125
15	0.53125
16	0.53125
17	0.53125
18	0.546875
19	0.546875
20	0.546875
21	0.546875
22	0.546875
23	0.546875
24	0.546875
25	0.546875
26	0.546875
27	0.546875
28	0.546875
29	0.546875
30	0.546875
31	0.546875
32	0.546875
33	0.546875
34	0.546875
35	0.546875
36	0.546875
37	0.546875
38	0.546875
39	0.546875
40	0.546875
41	0.546875
42	0.546875
43	0.546875
44	0.546875
45	0.546875
46	0.546875
47	0.5625
48	0.5625
49	0.5625
50	0.5625
51	0.5625
52	0.5625
53	0.5625
54	0.5625
55	0.5625
56	0.5625
57	0.5625
58	0.5625
59	0.5625
60	0.5625
61	0.5625
62	0.5625
63	0.5625
64	0.5625
65	0.5625
66	0.5625
67	0.5625
68	0.5625
69	0.5625
70	0.5625
71	0.5625
72	0.5625
73	0.5625
74	0.5625
75	0.5625
76	0.5625
77	0.5625
78	0.5625
79	0.5625
80	0.5625
81	0.5625
82	0.5625
83	0.5625
84	0.5625
85	0.5625
86	0.5625
87	0.5625
88	0.5625
89	0.5625
90	0.5625
91	0.5625
92	0.5625
93	0.5625
94	0.5625
95	0.5625
96	0.5625
97	0.5625
98	0.5625
99	0.5625
100	0.5625
101	0.5625
102	0.5625
103	0.5625
104	0.5625
105	0.5625
106	0.5625
107	0.5625
108	0.5625
109	0.5625
110	0.5625
111	0.5625
112	0.5625
113	0.5625
114	0.5625
115	0.5625
116	0.5625
117	0.5625
118	0.5625
119	0.5625
120	0.5625
121	0.5625
122	0.5625
123	0.5625
124	0.5625
125	0.5625
126	0.5625
127	0.5625
128	0.5625
129	0.5625
130	0.5625
131	0.5625
132	0.5625
133	0.5625
134	0.5625
135	0.5625
136	0.5625
137	0.5625
138	0.5625
139	0.5625
140	0.5625
141	0.5625
142	0.5625
143	0.5625
144	0.5625
145	0.5625
146	0.5625
147	0.5625
148	0.5625
149	0.5625
150	0.5625
151	0.5625
152	0.5625
153	0.5625
154	0.5625
155	0.5625
156	0.5625
157	0.5625
158	0.5625
159	0.5625
160	0.5625
161	0.5625
162	0.5625
163	0.5625
164	0.5625
165	0.5625
166	0.5625
167	0.5625
168	0.5625
169	0.5625
170	0.5625
171	0.5625
172	0.5625
173	0.5625
174	0.5625
175	0.5625
176	0.5625
177	0.5625
178	0.5625
179	0.5625
180	0.5625
181	0.5625
182	0.5625
183	0.5625
184	0.5625
185	0.5625
186	0.5625
187	0.5625
188	0.5625
189	0.5625
190	0.5625
191	0.5625
192	0.5625
193	0.5625
194	0.5625
195	0.5625
196	0.5625
197	0.5625
198	0.5625
199	0.5625
200	0.5625
201	0.5625
202	0.5625
203	0.5625
204	0.5625
205	0.5625
206	0.5625
207	0.5625
208	0.5625
209	0.5625
210	0.5625
211	0.5625
212	0.5625
213	0.5625
214	0.5625
215	0.5625
216	0.5625
217	0.5625
218	0.5625
219	0.5625
220	0.5625
221	0.5625
222	0.5625
223	0.5625
224	0.5625
225	0.5625
226	0.5625
227	0.5625
228	0.5625
229	0.5625
230	0.5625
231	0.5625
232	0.5625
233	0.5625
234	0.5625
235	0.5625
236	0.5625
237	0.5625
238	0.5625
239	0.5625
240	0.5625
241	0.5625
242	0.5625
243	0.5625
244	0.5625
245	0.5625
246	0.5625
247	0.5625
248	0.5625
249	0.5625
250	0.5625
251	0.5625
252	0.5625
253	0.5625
254	0.5625
255	0.5625
256	0.5625
257	0.5625
258	0.5625
259	0.5625
260	0.5625
261	0.5625
262	0.5625
263	0.5625
264	0.5625
265	0.5625
266	0.5625
267	0.5625
268	0.5625
269	0.5625
270	0.5625
271	0.5625
272	0.5625
273	0.5625
274	0.5625
275	0.5625
276	0.5625
277	0.5625
278	0.5625
279	0.5625
280	0.5625
281	0.5625
282	0.5625
283	0.5625
284	0.5625
285	0.5625
286	0.5625
287	0.5625
288	0.5625
289	0.5625
290	0.5625
291	0.5625
292	0.5625
293	0.5625
294	0.5625
295	0.5625
296	0.5625
297	0.5625
298	0.5625
299	0.5625
300	0.5625
301	0.5625
302	0.5625
303	0.5625
304	0.5625
305	0.5625
306	0.5625
307	0.5625
308	0.5625
309	0.5625
310	0.5625
311	0.5625
312	0.5625
313	0.5625
314	0.5625
315	0.5625
316	0.5625
317	0.5625
318	0.5625
319	0.5625
320	0.5625
321	0.5625
322	0.5625
323	0.5625
324	0.5625
325	0.5625
326	0.5625
327	0.5625
328	0.5625
329	0.5625
330	0.5625
331	0.5625
332	0.5625
333	0.5625
334	0.5625
335	0.5625
336	0.5625
337	0.5625
338	0.5625
339	0.5625
340	0.5625
341	0.5625
342	0.5625
343	0.5625
344	0.5625
345	0.5625
346	0.5625
347	0.5625
348	0.5625
349	0.5625
350	0.5625
351	0.5625
352	0.5625
353	0.5625
354	0.5625
355	0.5625
356	0.5625
357	0.5625
358	0.5625
359	0.5625
360	0.5625
361	0.5625
362	0.5625
363	0.5625
364	0.5625
365	0.5625
366	0.5625
367	0.5625
368	0.5625
369	0.5625
370	0.5625
371	0.5625
372	0.5625
373	0.5625
374	0.5625
375	0.5625
376	0.5625
377	0.5625
378	0.5625
379	0.5625
380	0.5625
381	0.5625
382	0.5625
383	0.5625
384	0.5625
385	0.5625
386	0.5625
387	0.5625
388	0.5625
389	0.5625
390	0.5625
391	0.5625
392	0.5625
393	0.5625
394	0.5625
395	0.5625
396	0.5625
397	0.5625
398	0.5625
399	0.5625
400	0.5625
401	0.5625
402	0.5625
403	0.5625
404	0.5625
405	0.5625
406	0.5625
407	0.5625
408	0.5625
409	0.5625
410	0.5625
411	0.5625
412	0.5625
413	0.5625
414	0.5625
415	0.5625
416	0.5625
417	0.5625
418	0.5625
419	0.5625
420	0.5625
421	0.5625
422	0.5625
423	0.5625
424	0.5625
425	0.5625
426	0.5625
427	0.5625
428	0.5625
429	0.5625
430	0.5625
431	0.5625
432	0.5625
433	0.5625
434	0.5625
435	0.5625
436	0.5625
437	0.5625
438	0.5625
439	0.5625
440	0.5625
441	0.5625
442	0.5625
443	0.5625
444	0.5625
445	0.5625
446	0.5625
447	0.5625
448	0.5625
449	0.5625
450	0.5625
451	0.5625
452	0.5625
453	0.5625
454	0.5625
455	0.5625
456	0.5625
457	0.5625
458	0.5625
459	0.5625
460	0.5625
461	0.5625
462	0.5625
463	0.5625
464	0.5625
465	0.5625
466	0.5625
467	0.5625
468	0.5625
469	0.5625
470	0.5625
471	0.5625
472	0.5625
473	0.5625
474	0.5625
475	0.5625
476	0.5625
477	0.5625
478	0.5625
479	0.5625
480	0.5625
481	0.5625
482	0.5625
483	0.5625
484	0.5625
485	0.5625
486	0.5625
487	0.5625
488	0.5625
489	0.5625
490	0.5625
491	0.5625
492	0.5625
493	0.5625
494	0.5625
495	0.5625
496	0.5625
497	0.5625
498	0.5625
499	0.5625
500	0.5625
