1	0.5
2	0.5
3	0.5
4	0.5
5	0.5
6	0.5
7	0.5
8	0.5
9	0.5
10	0.5
11	0.5
12	0.5
13	0.5
14	0.5
15	0.5
16	0.5
17	0.5
18	0.5
19	0.5
20	0.5
21	0.5
22	0.5
23	0.5
24	0.507812
25	0.507812
26	0.507812
27	0.507812
28	0.507812
29	0.507812
30	0.515625
31	0.515625
32	0.515625
33	0.546875
34	0.546875
35	0.5625
36	0.5625
37	0.578125
38	0.578125
39	0.578125
40	0.578125
41	0.578125
42	0.578125
43	0.578125
44	0.578125
45	0.578125
46	0.578125
47	0.578125
48	0.578125
49	0.578125
50	0.578125
51	0.578125
52	0.578125
53	0.578125
54	0.578125
55	0.578125
56	0.578125
57	0.578125
58	0.578125
59	0.578125
60	0.59375
61	0.59375
62	0.59375
63	0.59375
64	0.59375
65	0.59375
66	0.59375
67	0.59375
68	0.59375
69	0.59375
70	0.59375
71	0.59375
72	0.59375
73	0.59375
74	0.59375
75	0.59375
76	0.59375
77	0.59375
78	0.59375
79	0.59375
80	0.59375
81	0.59375
82	0.59375
83	0.59375
84	0.59375
85	0.59375
86	0.59375
87	0.59375
88	0.59375
89	0.59375
90	0.59375
91	0.59375
92	0.59375
93	0.59375
94	0.59375
95	0.59375
96	0.59375
97	0.59375
98	0.59375
99	0.59375
100	0.59375
