1	0.5625
2	0.5625
3	0.5625
4	0.625
5	0.625
6	0.625
7	0.625
8	0.625
9	0.625
10	0.625
11	0.625
12	0.625
13	0.625
14	0.625
15	0.625
16	0.625
17	0.625
18	0.625
19	0.625
20	0.625
21	0.625
22	0.625
23	0.625
24	0.625
25	0.625
26	0.625
27	0.625
28	0.625
29	0.625
30	0.625
31	0.625
32	0.625
33	0.625
34	0.625
35	0.625
36	0.625
37	0.625
38	0.625
39	0.625
40	0.625
41	0.625
42	0.625
43	0.625
44	0.625
45	0.625
46	0.625
47	0.625
48	0.625
49	0.625
50	0.625
51	0.625
52	0.625
53	0.625
54	0.625
55	0.625
56	0.625
57	0.625
58	0.625
59	0.625
60	0.625
61	0.625
62	0.625
63	0.625
64	0.625
65	0.625
66	0.625
67	0.625
68	0.625
69	0.625
70	0.625
71	0.625
72	0.625
73	0.625
74	0.625
75	0.625
76	0.625
77	0.625
78	0.625
79	0.625
80	0.625
81	0.625
82	0.625
83	0.625
84	0.625
85	0.625
86	0.625
87	0.625
88	0.625
89	0.625
90	0.625
91	0.625
92	0.625
93	0.625
94	0.625
95	0.625
96	0.625
97	0.625
98	0.625
99	0.625
100	0.625
101	0.625
102	0.625
103	0.625
104	0.625
105	0.625
106	0.625
107	0.625
108	0.625
109	0.625
110	0.625
111	0.625
112	0.625
113	0.6875
114	0.6875
115	0.6875
116	0.6875
117	0.6875
118	0.6875
119	0.6875
120	0.6875
121	0.6875
122	0.6875
123	0.6875
124	0.6875
125	0.6875
126	0.6875
127	0.6875
128	0.6875
129	0.6875
130	0.6875
131	0.6875
132	0.6875
133	0.6875
134	0.6875
135	0.6875
136	0.6875
137	0.6875
138	0.6875
139	0.6875
140	0.6875
141	0.6875
142	0.6875
143	0.6875
144	0.6875
145	0.6875
146	0.6875
147	0.6875
148	0.6875
149	0.6875
150	0.6875
151	0.6875
152	0.6875
153	0.6875
154	0.6875
155	0.6875
156	0.6875
157	0.6875
158	0.6875
159	0.6875
160	0.6875
161	0.6875
162	0.6875
163	0.6875
164	0.6875
165	0.6875
166	0.6875
167	0.6875
168	0.6875
169	0.6875
170	0.6875
171	0.6875
172	0.6875
173	0.6875
174	0.6875
175	0.6875
176	0.6875
177	0.6875
178	0.6875
179	0.6875
180	0.6875
181	0.6875
182	0.6875
183	0.6875
184	0.6875
185	0.6875
186	0.6875
187	0.6875
188	0.6875
189	0.6875
190	0.6875
191	0.6875
192	0.6875
193	0.6875
194	0.6875
195	0.6875
196	0.6875
197	0.6875
198	0.6875
199	0.6875
200	0.6875
201	0.6875
202	0.6875
203	0.6875
204	0.6875
205	0.6875
206	0.6875
207	0.6875
208	0.6875
209	0.6875
210	0.6875
211	0.6875
212	0.6875
213	0.6875
214	0.6875
215	0.6875
216	0.6875
217	0.6875
218	0.6875
219	0.6875
220	0.6875
221	0.6875
222	0.6875
223	0.6875
224	0.6875
225	0.6875
226	0.6875
227	0.6875
228	0.6875
229	0.6875
230	0.6875
231	0.6875
232	0.6875
233	0.6875
234	0.75
235	0.75
236	0.75
237	0.75
238	0.75
239	0.8125
240	0.8125
241	0.8125
242	0.8125
243	0.8125
244	0.8125
245	0.8125
246	0.8125
247	0.8125
248	0.8125
249	0.8125
250	0.8125
251	0.8125
252	0.8125
253	0.8125
254	0.8125
255	0.8125
256	0.8125
257	0.8125
258	0.8125
259	0.8125
260	0.8125
261	0.8125
262	0.8125
263	0.8125
264	0.8125
265	0.8125
266	0.8125
267	0.8125
268	0.8125
269	0.8125
270	0.8125
271	0.8125
272	0.8125
273	0.8125
274	0.8125
275	0.8125
276	0.8125
277	0.8125
278	0.8125
279	0.8125
280	0.8125
281	0.8125
282	0.8125
283	0.8125
284	0.8125
285	0.8125
286	0.8125
287	0.8125
288	0.8125
289	0.8125
290	0.8125
291	0.8125
292	0.8125
293	0.8125
294	0.875
295	0.875
296	0.875
297	0.875
298	0.875
299	0.875
300	0.875
301	0.875
302	0.875
303	0.875
304	0.875
305	0.875
306	0.875
307	0.875
308	0.875
309	0.875
310	0.875
311	0.875
312	0.875
313	0.875
314	0.875
315	0.875
316	0.875
317	0.875
318	0.875
319	0.875
320	0.875
321	0.875
322	0.875
323	0.875
324	0.875
325	0.875
326	0.875
327	0.875
328	0.875
329	0.875
330	0.875
331	0.875
332	0.875
333	0.875
334	0.875
335	0.875
336	0.875
337	0.875
338	0.875
339	0.875
340	0.875
341	0.875
342	0.875
343	0.875
344	0.875
345	0.875
346	0.875
347	0.875
348	0.875
349	0.875
350	0.875
351	0.875
352	0.875
353	0.875
354	0.875
355	0.875
356	0.875
357	0.875
358	0.875
359	0.875
360	0.875
361	0.875
362	0.875
363	0.875
364	0.875
365	0.875
366	0.875
367	0.875
368	0.875
369	0.875
370	0.875
371	0.875
372	0.875
373	0.875
374	0.875
375	0.875
376	0.875
377	0.875
378	0.875
379	0.875
380	0.875
381	0.875
382	0.875
383	0.875
384	0.875
385	0.875
386	0.875
387	0.875
388	0.875
389	0.875
390	0.875
391	0.875
392	0.875
393	0.875
394	0.875
395	0.875
396	0.875
397	0.875
398	0.875
399	0.875
400	0.875
401	0.875
402	0.875
403	0.875
404	0.875
405	0.875
406	0.875
407	0.875
408	0.875
409	0.875
410	0.875
411	0.875
412	0.875
413	0.875
414	0.875
415	0.875
416	0.875
417	0.875
418	0.875
419	0.875
420	0.875
421	0.875
422	0.875
423	0.875
424	0.875
425	0.875
426	0.875
427	0.875
428	0.875
429	0.875
430	0.875
431	0.875
432	0.875
433	0.875
434	0.875
435	0.875
436	0.875
437	0.875
438	0.875
439	0.875
440	0.875
441	0.875
442	0.875
443	0.875
444	0.875
445	0.875
446	0.875
447	0.875
448	0.875
449	0.875
450	0.875
451	0.875
452	0.875
453	0.875
454	0.875
455	0.875
456	0.875
457	0.875
458	0.875
459	0.875
460	0.875
461	0.875
462	0.875
463	0.875
464	0.875
465	0.875
466	0.875
467	0.875
468	0.875
469	0.875
470	0.875
471	0.875
472	0.875
473	0.875
474	0.875
475	0.875
476	0.875
477	0.875
478	0.875
479	0.875
480	0.875
481	0.875
482	0.875
483	0.875
484	0.875
485	0.875
486	0.875
487	0.875
488	0.875
489	0.875
490	0.875
491	0.875
492	0.875
493	0.875
494	0.875
495	0.875
496	0.875
497	0.875
498	0.875
499	0.875
500	0.875
501	0.875
502	0.875
503	0.875
504	0.875
505	0.875
506	0.875
507	0.875
508	0.875
509	0.875
510	0.875
511	0.875
512	0.875
513	0.875
514	0.875
515	0.875
516	0.875
517	0.875
518	0.875
519	0.875
520	0.875
521	0.875
522	0.875
523	0.875
524	0.875
525	0.875
526	0.875
527	0.875
528	0.875
529	0.875
530	0.875
531	0.875
532	0.875
533	0.875
534	0.875
535	0.875
536	0.875
537	0.875
538	0.875
539	0.875
540	0.875
541	0.875
542	0.875
543	0.875
544	0.875
545	0.875
546	0.875
547	0.875
548	0.875
549	0.875
550	0.875
551	0.875
552	0.875
553	0.875
554	0.875
555	0.875
556	0.875
557	0.875
558	0.875
559	0.875
560	0.875
561	0.875
562	0.875
563	0.875
564	0.875
565	0.875
566	0.875
567	0.875
568	0.875
569	0.875
570	0.875
571	0.875
572	0.875
573	0.875
574	0.875
575	0.875
576	0.875
577	0.875
578	0.875
579	0.875
580	0.875
581	0.875
582	0.875
583	0.875
584	0.875
585	0.875
586	0.875
587	0.875
588	0.875
589	0.875
590	0.875
591	0.875
592	0.875
593	0.875
594	0.875
595	0.875
596	0.875
597	0.875
598	0.875
599	0.875
600	0.875
601	0.875
602	0.875
603	0.875
604	0.875
605	0.875
606	0.875
607	0.875
608	0.875
609	0.875
610	0.875
611	0.875
612	0.875
613	1
## No. organisms: 20
## Seeds        : 1502475150, 41612
## Runtime      : 0h 0m 6s.
## Started at   : Sun Aug 30 11:33:07 2020
## Ended at     : Sun Aug 30 11:33:13 2020
