1	0.5625
2	0.5625
3	0.5625
4	0.5625
5	0.5625
6	0.5625
7	0.5625
8	0.5625
9	0.5625
10	0.5625
11	0.5625
12	0.5625
13	0.5625
14	0.5625
15	0.5625
16	0.5625
17	0.5625
18	0.5625
19	0.5625
20	0.5625
21	0.5625
22	0.5625
23	0.5625
24	0.5625
25	0.5625
26	0.5625
27	0.5625
28	0.5625
29	0.5625
30	0.5625
31	0.625
32	0.625
33	0.625
34	0.625
35	0.625
36	0.625
37	0.625
38	0.625
39	0.625
40	0.6875
41	0.6875
42	0.6875
43	0.6875
44	0.75
45	0.75
46	0.75
47	0.75
48	0.75
49	0.75
50	0.75
51	0.75
52	0.75
53	0.75
54	0.75
55	0.75
56	0.75
57	0.75
58	0.75
59	0.75
60	0.75
61	0.75
62	0.75
63	0.75
64	0.75
65	0.75
66	0.75
67	0.75
68	0.75
69	0.75
70	0.75
71	0.75
72	0.75
73	0.75
74	0.75
75	0.75
76	0.75
77	0.75
78	0.75
79	0.75
80	0.75
81	0.75
82	0.75
83	0.75
84	0.75
85	0.75
86	0.75
87	0.75
88	0.75
89	0.75
90	0.75
91	0.75
92	0.75
93	0.75
94	0.75
95	0.75
96	0.75
97	0.75
98	0.75
99	0.75
100	0.75
101	0.75
102	0.75
103	0.75
104	0.75
105	0.75
106	0.75
107	0.75
108	0.75
109	0.75
110	0.75
111	0.75
112	0.75
113	0.75
114	0.75
115	0.75
116	0.75
117	0.75
118	0.75
119	0.75
120	0.75
121	0.75
122	0.75
123	0.75
124	0.75
125	0.75
126	0.75
127	0.75
128	0.75
129	0.75
130	0.75
131	0.75
132	0.75
133	0.75
134	0.75
135	0.75
136	0.75
137	0.75
138	0.75
139	0.75
140	0.75
141	0.75
142	0.75
143	0.75
144	0.75
145	0.75
146	0.75
147	0.75
148	0.75
149	0.75
150	0.75
151	0.75
152	0.75
153	0.75
154	0.75
155	0.75
156	0.75
157	0.75
158	0.75
159	0.75
160	0.75
161	0.75
162	0.75
163	0.75
164	0.75
165	0.75
166	0.75
167	0.75
168	0.75
169	0.75
170	0.75
171	0.75
172	0.75
173	0.75
174	0.75
175	0.75
176	0.75
177	0.75
178	0.75
179	0.75
180	0.75
181	0.75
182	0.75
183	0.75
184	0.75
185	0.75
186	0.75
187	0.75
188	0.75
189	0.75
190	0.75
191	0.75
192	0.75
193	0.75
194	0.75
195	0.75
196	0.75
197	0.75
198	0.75
199	0.75
200	0.75
201	0.75
202	0.75
203	0.75
204	0.75
205	0.75
206	0.75
207	0.75
208	0.75
209	0.75
210	0.75
211	0.75
212	0.75
213	0.75
214	0.75
215	0.75
216	0.75
217	0.75
218	0.75
219	0.75
220	0.75
221	0.75
222	0.75
223	0.75
224	0.75
225	0.75
226	0.75
227	0.75
228	0.75
229	0.75
230	0.75
231	0.75
232	0.75
233	0.75
234	0.75
235	0.75
236	0.75
237	0.75
238	0.75
239	0.75
240	0.75
241	0.75
242	0.75
243	0.75
244	0.75
245	0.75
246	0.75
247	0.75
248	0.8125
249	0.8125
250	0.8125
251	0.8125
252	0.8125
253	0.8125
254	0.8125
255	0.8125
256	0.8125
257	0.8125
258	0.8125
259	0.8125
260	0.8125
261	0.8125
262	0.8125
263	0.8125
264	0.8125
265	0.8125
266	0.8125
267	0.8125
268	0.8125
269	0.8125
270	0.8125
271	0.875
272	0.875
273	0.875
274	0.875
275	0.875
276	0.875
277	0.875
278	0.875
279	0.875
280	0.875
281	0.875
282	0.875
283	0.875
284	0.875
285	0.875
286	0.875
287	0.875
288	0.875
289	0.875
290	0.875
291	0.875
292	0.875
293	0.875
294	0.875
295	0.875
296	0.875
297	0.875
298	0.875
299	0.875
300	0.875
301	0.875
302	0.875
303	0.875
304	0.875
305	0.875
306	0.875
307	0.875
308	0.875
309	0.875
310	0.875
311	0.875
312	0.875
313	0.875
314	0.875
315	0.875
316	0.875
317	0.875
318	0.875
319	0.875
320	0.875
321	0.875
322	0.875
323	0.875
324	0.875
325	0.875
326	0.875
327	0.875
328	0.875
329	0.875
330	0.875
331	0.875
332	0.875
333	0.875
334	0.875
335	0.875
336	0.875
337	0.875
338	0.875
339	0.875
340	0.875
341	0.875
342	0.875
343	0.875
344	0.875
345	0.875
346	0.875
347	0.875
348	0.875
349	0.875
350	0.875
351	0.875
352	0.875
353	0.875
354	0.875
355	0.875
356	0.875
357	0.875
358	0.875
359	0.875
360	0.875
361	0.875
362	0.875
363	0.875
364	0.875
365	0.875
366	0.875
367	0.875
368	0.875
369	0.875
370	0.875
371	0.875
372	0.875
373	0.875
374	0.875
375	0.875
376	0.875
377	0.875
378	0.875
379	0.875
380	0.875
381	0.875
382	0.875
383	0.875
384	0.875
385	0.875
386	0.875
387	0.875
388	0.875
389	0.875
390	0.875
391	0.875
392	0.875
393	0.875
394	0.875
395	0.875
396	0.875
397	0.875
398	0.875
399	0.875
400	0.875
401	0.875
402	0.875
403	0.875
404	0.875
405	0.875
406	0.875
407	0.875
408	0.875
409	0.875
410	0.875
411	0.875
412	0.875
413	0.875
414	0.875
415	0.875
416	0.875
417	0.875
418	0.875
419	0.875
420	0.875
421	0.875
422	0.875
423	0.875
424	0.875
425	0.875
426	0.875
427	0.875
428	0.875
429	0.875
430	0.875
431	0.875
432	0.875
433	0.875
434	0.875
435	0.875
436	0.875
437	0.875
438	0.875
439	0.875
440	0.875
441	0.875
442	0.875
443	0.875
444	0.875
445	0.875
446	0.875
447	0.9375
448	0.9375
449	0.9375
450	0.9375
451	0.9375
452	0.9375
453	0.9375
454	0.9375
455	0.9375
456	0.9375
457	0.9375
458	0.9375
459	0.9375
460	0.9375
461	0.9375
462	0.9375
463	0.9375
464	0.9375
465	0.9375
466	0.9375
467	0.9375
468	0.9375
469	1
## No. organisms: 20
## Seeds        : 1502475150, 41612
## Runtime      : 0h 0m 4s.
## Started at   : Sun Aug 30 11:33:18 2020
## Ended at     : Sun Aug 30 11:33:22 2020
