1	0.5
2	0.5
3	0.5
4	0.5
5	0.5
6	0.5
7	0.5
8	0.5
9	0.5
10	0.5
11	0.5
12	0.5
13	0.5
14	0.5
15	0.5
16	0.5
17	0.5
18	0.5
19	0.5
20	0.5
21	0.5
22	0.5
23	0.5
24	0.5
25	0.5
26	0.5
27	0.5
28	0.5
29	0.5
30	0.5
31	0.5625
32	0.625
33	0.625
34	0.625
35	0.625
36	0.625
37	0.625
38	0.625
39	0.625
40	0.625
41	0.625
42	0.625
43	0.625
44	0.625
45	0.625
46	0.625
47	0.625
48	0.625
49	0.625
50	0.625
51	0.625
52	0.625
53	0.625
54	0.625
55	0.625
56	0.625
57	0.625
58	0.625
59	0.625
60	0.625
61	0.625
62	0.625
63	0.625
64	0.625
65	0.75
66	0.75
67	0.75
68	0.75
69	0.75
70	0.75
71	0.75
72	0.75
73	0.75
74	0.75
75	0.75
76	0.75
77	0.75
78	0.75
79	0.75
80	0.75
81	0.75
82	0.75
83	0.75
84	0.75
85	0.75
86	0.75
87	0.75
88	0.75
89	0.75
90	0.75
91	0.75
92	0.75
93	0.75
94	0.75
95	0.75
96	0.75
97	0.75
98	0.75
99	0.75
100	0.75
101	0.75
102	0.75
103	0.75
104	0.75
105	0.75
106	0.75
107	0.75
108	0.75
109	0.75
110	0.75
111	0.75
112	0.75
113	0.75
114	0.75
115	0.75
116	0.75
117	0.75
118	0.75
119	0.75
120	0.75
121	0.75
122	0.75
123	0.75
124	0.75
125	0.8125
126	0.8125
127	0.8125
128	0.875
129	0.875
130	0.9375
131	0.9375
132	0.9375
133	1
## No. organisms: 20
## Seeds        : 1502475150, 41612
## Runtime      : 0h 0m 1s.
## Started at   : Sun Aug 30 11:33:01 2020
## Ended at     : Sun Aug 30 11:33:02 2020
