1	0.520488
2	0.520488
3	0.535314
4	0.535314
5	0.540474
6	0.54781
7	0.550181
8	0.567838
9	0.567838
10	0.567838
11	0.568787
12	0.568787
13	0.570223
14	0.577197
15	0.581799
16	0.581799
17	0.581799
18	0.581799
19	0.581799
20	0.581799
21	0.590628
22	0.593417
23	0.593417
24	0.595551
25	0.602036
26	0.602036
27	0.602036
28	0.602036
29	0.606709
30	0.623222
31	0.623222
32	0.623222
33	0.624128
34	0.624128
35	0.642999
36	0.642999
37	0.642999
38	0.64742
39	0.64742
40	0.648368
41	0.648842
42	0.648842
43	0.652789
44	0.652789
45	0.652789
46	0.652789
47	0.652789
48	0.652789
49	0.655119
50	0.655119
51	0.655119
52	0.655119
53	0.655119
54	0.655119
55	0.655119
56	0.655119
57	0.655119
58	0.655119
59	0.655119
60	0.658466
61	0.658466
62	0.658466
63	0.658466
64	0.658466
65	0.658466
66	0.658466
67	0.658466
68	0.658466
69	0.658466
70	0.658466
71	0.658466
72	0.658466
73	0.658466
74	0.658466
75	0.658466
76	0.658466
77	0.658466
78	0.658466
79	0.658466
80	0.658466
81	0.662789
82	0.662789
83	0.662789
84	0.662789
85	0.662789
86	0.662789
87	0.662803
88	0.662803
89	0.662803
90	0.662803
91	0.662803
92	0.662803
93	0.662803
94	0.662803
95	0.662803
96	0.662999
97	0.662999
98	0.662999
99	0.662999
100	0.662999
101	0.662999
102	0.664198
103	0.664198
104	0.664198
105	0.664198
106	0.664198
107	0.664198
108	0.664198
109	0.664198
110	0.664198
111	0.664198
112	0.664198
113	0.664198
114	0.664198
115	0.666806
116	0.666806
117	0.66894
118	0.66894
119	0.6694
120	0.671269
121	0.671269
122	0.671269
123	0.671269
124	0.671269
125	0.671269
126	0.671269
127	0.671269
128	0.671269
129	0.671269
130	0.671269
131	0.671269
132	0.672678
133	0.672678
134	0.672678
135	0.672678
136	0.672678
137	0.672678
138	0.672678
139	0.673626
140	0.673626
141	0.673626
142	0.673626
143	0.673626
144	0.673626
145	0.673626
146	0.673626
147	0.680391
148	0.680614
149	0.681283
150	0.681283
151	0.681283
152	0.681283
153	0.681283
154	0.681283
155	0.681283
156	0.681283
157	0.681283
158	0.68205
159	0.68205
160	0.68205
161	0.68205
162	0.68205
163	0.68205
164	0.682245
165	0.682245
166	0.682245
167	0.687866
168	0.687866
169	0.687866
170	0.688089
171	0.688089
172	0.688089
173	0.688089
174	0.688089
175	0.688089
176	0.688089
177	0.688089
178	0.688089
179	0.688089
180	0.689052
181	0.694338
182	0.694338
183	0.694338
184	0.694338
185	0.694338
186	0.694338
187	0.694338
188	0.694338
189	0.694338
190	0.694338
191	0.699972
192	0.699972
193	0.699972
194	0.700921
195	0.700921
196	0.701492
197	0.703515
198	0.704463
199	0.705216
200	0.705216
201	0.705216
202	0.705216
203	0.705216
204	0.705216
205	0.705216
206	0.705216
207	0.706848
208	0.706848
209	0.706848
210	0.706848
211	0.706848
212	0.706848
213	0.706848
214	0.706848
215	0.706848
216	0.706848
217	0.706848
218	0.706848
219	0.706848
220	0.706848
221	0.706848
222	0.706848
223	0.710669
224	0.717071
225	0.717071
226	0.720711
227	0.724017
228	0.729093
229	0.729093
230	0.729093
231	0.735774
232	0.735774
233	0.736695
234	0.743835
235	0.743835
236	0.743835
237	0.743835
238	0.743835
239	0.743835
240	0.743835
241	0.743835
242	0.743835
243	0.743835
244	0.743835
245	0.743835
246	0.743835
247	0.743835
248	0.743835
249	0.743835
250	0.743835
251	0.743835
252	0.743835
253	0.743835
254	0.743835
255	0.744059
256	0.744059
257	0.744059
258	0.744059
259	0.744059
260	0.744059
261	0.744059
262	0.744059
263	0.744059
264	0.744059
265	0.744059
266	0.744059
267	0.744059
268	0.744059
269	0.744059
270	0.744059
271	0.744073
272	0.744073
273	0.744073
274	0.744073
275	0.744324
276	0.744324
277	0.744324
278	0.773473
279	0.773473
280	0.773724
281	0.773724
282	0.773724
283	0.773724
284	0.773724
285	0.773724
286	0.773724
287	0.773724
288	0.773724
289	0.773724
290	0.773724
291	0.773724
292	0.773724
293	0.773724
294	0.805551
295	0.805551
296	0.805551
297	0.805551
298	0.805551
299	0.805551
300	0.805551
301	0.805551
302	0.805551
303	0.805551
304	0.805551
305	0.805551
306	0.805551
307	0.805551
308	0.805551
309	0.805551
310	0.805551
311	0.805551
312	0.805551
313	0.805551
314	0.805551
315	0.805551
316	0.805551
317	0.805551
318	0.805551
319	0.805551
320	0.815649
321	0.815649
322	0.81636
323	0.838884
324	0.838884
325	0.839554
326	0.839554
327	0.839554
328	0.839554
329	0.839554
330	0.839554
331	0.839554
332	0.839554
333	0.839554
334	0.839554
335	0.839554
336	0.839554
337	0.839554
338	0.839554
339	0.839554
340	0.839554
341	0.839554
342	0.839554
343	0.839554
344	0.839554
345	0.839554
346	0.839554
347	0.839554
348	0.839554
349	0.839554
350	0.839554
351	0.839554
352	0.839554
353	0.839554
354	0.839554
355	0.839554
356	0.839554
357	0.839554
358	0.839554
359	0.839554
360	0.839554
361	0.839554
362	0.839554
363	0.839554
364	0.839554
365	0.839554
366	0.839554
367	0.839554
368	0.840223
369	0.840223
370	0.840223
371	0.840223
372	0.840223
373	0.840223
374	0.840223
375	0.840223
376	0.840223
377	0.840223
378	0.840223
379	0.840223
380	0.840223
381	0.840223
382	0.840223
383	0.840223
384	0.840223
385	0.840223
386	0.840223
387	0.840223
388	0.840223
389	0.840223
390	0.840223
391	0.840223
392	0.840223
393	0.840223
394	0.840223
395	0.840934
396	0.840934
397	0.840934
398	0.840934
399	0.840934
400	0.840934
401	0.840934
402	0.840934
403	0.840934
404	0.840934
405	0.841423
406	0.841423
407	0.841423
408	0.841423
409	0.841423
410	0.841423
411	0.841423
412	0.841423
413	0.841423
414	0.841423
415	0.841423
416	0.841423
417	0.841423
418	0.841423
419	0.841423
420	0.841423
421	0.841423
422	0.841423
423	0.841423
424	0.841423
425	0.841423
426	0.841423
427	0.841423
428	0.841423
429	0.841423
430	0.841423
431	0.841423
432	0.841423
433	0.841423
434	0.841423
435	0.841423
436	0.841423
437	0.841423
438	0.841423
439	0.841423
440	0.841423
441	0.841423
442	0.841423
443	0.841423
444	0.841423
445	0.841423
446	0.841423
447	0.841423
448	0.841423
449	0.841423
450	0.841423
451	0.841423
452	0.841423
453	0.841423
454	0.841423
455	0.841423
456	0.841423
457	0.841423
458	0.841423
459	0.841423
460	0.841423
461	0.841423
462	0.841423
463	0.841423
464	0.841423
465	0.841423
466	0.841423
467	0.841423
468	0.841423
469	0.841423
470	0.841423
471	0.841423
472	0.841423
473	0.841423
474	0.841423
475	0.841423
476	0.841423
477	0.841423
478	0.841423
479	0.841423
480	0.841423
481	0.841423
482	0.841423
483	0.841423
484	0.841423
485	0.841423
486	0.841423
487	0.841423
488	0.841423
489	0.841423
490	0.841423
491	0.841423
492	0.841423
493	0.841423
494	0.841423
495	0.841423
496	0.841423
497	0.841423
498	0.841423
499	0.841423
500	0.841423
501	0.841423
502	0.841423
503	0.841423
504	0.841423
505	0.841423
506	0.841423
507	0.841423
508	0.841423
509	0.841423
510	0.841423
511	0.841423
512	0.841423
513	0.841423
514	0.841423
515	0.841423
516	0.841423
517	0.841423
518	0.841423
519	0.841423
520	0.841423
521	0.841423
522	0.841423
523	0.841423
524	0.841423
525	0.841423
526	0.841423
527	0.841423
528	0.841423
529	0.841423
530	0.841423
531	0.841423
532	0.841423
533	0.841423
534	0.841423
535	0.841423
536	0.841423
537	0.841423
538	0.841423
539	0.841423
540	0.841423
541	0.841423
542	0.841423
543	0.841423
544	0.841423
545	0.841423
546	0.841423
547	0.841423
548	0.841423
549	0.841423
550	0.841423
551	0.841423
552	0.841423
553	0.841423
554	0.841423
555	0.841423
556	0.841423
557	0.841423
558	0.841423
559	0.841423
560	0.841423
561	0.841423
562	0.841423
563	0.841423
564	0.841423
565	0.841423
566	0.841423
567	0.841423
568	0.841423
569	0.841423
570	0.841423
571	0.841423
572	0.841423
573	0.841423
574	0.841423
575	0.841423
576	0.841423
577	0.841423
578	0.841423
579	0.841423
580	0.841423
581	0.841423
582	0.841423
583	0.841423
584	0.841423
585	0.841423
586	0.841423
587	0.841423
588	0.841423
589	0.841423
590	0.841423
591	0.841423
592	0.841423
593	0.841423
594	0.841423
595	0.841423
596	0.841423
597	0.841423
598	0.841423
599	0.841423
600	0.841423
601	0.841423
602	0.841423
603	0.841423
604	0.841423
605	0.841423
606	0.841423
607	0.841423
608	0.841423
609	0.841423
610	0.841423
611	0.841423
612	0.841423
613	0.841423
614	0.841423
615	0.841423
616	0.841423
617	0.841423
618	0.841423
619	0.841423
620	0.841423
621	0.841423
622	0.841423
623	0.841423
624	0.841423
625	0.841423
626	0.841423
627	0.841423
628	0.841423
629	0.841423
630	0.841423
631	0.841423
632	0.841423
633	0.841423
634	0.844881
635	0.844881
636	0.844881
637	0.845802
638	0.845802
639	0.845802
640	0.845802
641	0.845802
642	0.845802
643	0.845802
644	0.845802
645	0.845802
646	0.845802
647	0.845802
648	0.845802
649	0.845802
650	0.845802
651	0.845802
652	0.845802
653	0.845802
654	0.845802
655	0.845802
656	0.845802
657	0.845802
658	0.845802
659	0.845802
660	0.850865
661	0.850865
662	0.850865
663	0.850865
664	0.850865
665	0.850865
666	0.850865
667	0.850865
668	0.850865
669	0.850865
670	0.850865
671	0.850865
672	0.850865
673	0.850865
674	0.850865
675	0.850865
676	0.850865
677	0.850865
678	0.850865
679	0.850865
680	0.860962
681	0.860962
682	0.860962
683	0.860962
684	0.860962
685	0.860962
686	0.860962
687	0.860962
688	0.860962
689	0.860962
690	0.860962
691	0.860962
692	0.861004
693	0.861004
694	0.861004
695	0.861004
696	0.861004
697	0.861004
698	0.861004
699	0.861004
700	0.861004
701	0.861004
702	0.861004
703	0.861004
704	0.861004
705	0.861004
706	0.861004
707	0.861004
708	0.861004
709	0.861004
710	0.861004
711	0.861004
712	0.861004
713	0.861004
714	0.861004
715	0.861004
716	0.861004
717	0.861004
718	0.861004
719	0.861004
720	0.861004
721	0.861911
722	0.861911
723	0.861911
724	0.862859
725	0.862859
726	0.862859
727	0.862859
728	0.862859
729	0.862859
730	0.862859
731	0.862859
732	0.862859
733	0.862859
734	0.862859
735	0.862859
736	0.862859
737	0.862859
738	0.862859
739	0.862859
740	0.862859
741	0.862859
742	0.862859
743	0.862859
744	0.862859
745	0.862859
746	0.862859
747	0.862859
748	0.862859
749	0.862859
750	0.862859
751	0.862859
752	0.862859
753	0.862859
754	0.862859
755	0.862859
756	0.862859
757	0.862859
758	0.862859
759	0.862859
760	0.862859
761	0.862859
762	0.862859
763	0.862859
764	0.862859
765	0.862859
766	0.862859
767	0.862859
768	0.862859
769	0.862859
770	0.862859
771	0.862859
772	0.862859
773	0.862859
774	0.862859
775	0.862859
776	0.862859
777	0.862859
778	0.862859
779	0.862859
780	0.862859
781	0.862859
782	0.862859
783	0.862859
784	0.862859
785	0.862859
786	0.862859
787	0.862859
788	0.862859
789	0.862859
790	0.862859
791	0.862859
792	0.862859
793	0.862859
794	0.862859
795	0.862859
796	0.862859
797	0.862859
798	0.862859
799	0.862859
800	0.862859
801	0.862859
802	0.862859
803	0.862859
804	0.862859
805	0.862859
806	0.862859
807	0.862859
808	0.862859
809	0.862859
810	0.862859
811	0.862859
812	0.862859
813	0.862859
814	0.862859
815	0.862859
816	0.862859
817	0.862859
818	0.862859
819	0.862859
820	0.862859
821	0.862859
822	0.862859
823	0.862859
824	0.862859
825	0.862859
826	0.862859
827	0.862859
828	0.862859
829	0.862859
830	0.862859
831	0.862859
832	0.862859
833	0.862859
834	0.862859
835	0.862859
836	0.862859
837	0.862859
838	0.862859
839	0.862859
840	0.862859
841	0.862859
842	0.862859
843	0.862859
844	0.862859
845	0.862859
846	0.862859
847	0.862859
848	0.862859
849	0.862859
850	0.862859
851	0.862859
852	0.862859
853	0.862859
854	0.862859
855	0.862859
856	0.862859
857	0.862859
858	0.862859
859	0.862859
860	0.862859
861	0.862859
862	0.862859
863	0.862859
864	0.862859
865	0.862859
866	0.862859
867	0.862859
868	0.862859
869	0.862859
870	0.862859
871	0.862859
872	0.862859
873	0.862859
874	0.862859
875	0.862859
876	0.862859
877	0.862859
878	0.862859
879	0.862859
880	0.862859
881	0.862859
882	0.862859
883	0.862859
884	0.862859
885	0.862859
886	0.862859
887	0.862859
888	0.862859
889	0.862859
890	0.862859
891	0.862859
892	0.862859
893	0.862859
894	0.862859
895	0.862859
896	0.862859
897	0.862859
898	0.862859
899	0.862859
900	0.862859
901	0.862859
902	0.862859
903	0.862859
904	0.862859
905	0.862859
906	0.862859
907	0.862859
908	0.862859
909	0.862859
910	0.862859
911	0.862859
912	0.862859
913	0.862859
914	0.862859
915	0.862859
916	0.862859
917	0.862859
918	0.862859
919	0.862859
920	0.862859
921	0.862859
922	0.862859
923	0.862859
924	0.862859
925	0.862859
926	0.862859
927	0.862859
928	0.862859
929	0.862859
930	0.862859
931	0.862859
932	0.862859
933	0.862859
934	0.862859
935	0.862859
936	0.862859
937	0.862859
938	0.862859
939	0.862859
940	0.862859
941	0.862859
942	0.862859
943	0.862859
944	0.862859
945	0.862859
946	0.862859
947	0.862859
948	0.862859
949	0.862859
950	0.862859
951	0.862859
952	0.862859
953	0.862859
954	0.862859
955	0.862859
956	0.862859
957	0.862859
958	0.862859
959	0.862859
960	0.862859
961	0.862859
962	0.862859
963	0.862859
964	0.862859
965	0.862859
966	0.862859
967	0.862859
968	0.862859
969	0.862859
970	0.862859
971	0.862859
972	0.862859
973	0.862859
974	0.862859
975	0.862859
976	0.862859
977	0.862859
978	0.862859
979	0.862859
980	0.862859
981	0.862859
982	0.862859
983	0.862859
984	0.862859
985	0.862859
986	0.862859
987	0.862859
988	0.862859
989	0.862859
990	0.862859
991	0.862859
992	0.862859
993	0.862859
994	0.862859
995	0.862859
996	0.862859
997	0.862859
998	0.862859
999	0.862859
1000	0.862859
1001	0.862859
1002	0.862859
1003	0.862859
1004	0.862859
1005	0.862859
1006	0.862859
1007	0.862859
1008	0.862859
1009	0.862859
1010	0.862859
1011	0.862859
1012	0.862859
1013	0.862859
1014	0.862859
1015	0.862859
1016	0.862859
1017	0.862859
1018	0.862859
1019	0.862859
1020	0.862859
1021	0.862859
1022	0.862859
1023	0.862859
1024	0.862859
1025	0.862859
1026	0.862859
1027	0.862859
1028	0.862859
1029	0.862859
1030	0.862859
1031	0.862859
1032	0.862859
1033	0.862859
1034	0.862859
1035	0.862859
1036	0.862859
1037	0.862859
1038	0.862859
1039	0.862859
1040	0.862859
1041	0.862859
1042	0.862859
1043	0.862859
1044	0.862859
1045	0.862859
1046	0.862859
1047	0.862859
1048	0.862859
1049	0.862859
1050	0.862859
1051	0.862859
1052	0.862859
1053	0.862859
1054	0.862859
1055	0.862859
1056	0.862859
1057	0.862859
1058	0.862859
1059	0.862859
1060	0.862859
1061	0.862859
1062	0.862859
1063	0.862859
1064	0.862859
1065	0.862859
1066	0.862859
1067	0.862859
1068	0.862859
1069	0.862859
1070	0.862859
1071	0.862859
1072	0.862859
1073	0.862859
1074	0.862859
1075	0.862859
1076	0.862859
1077	0.862859
1078	0.862859
1079	0.862859
1080	0.862859
1081	0.862859
1082	0.862859
1083	0.862859
1084	0.862859
1085	0.862859
1086	0.862859
1087	0.862859
1088	0.862859
1089	0.862859
1090	0.862859
1091	0.862859
1092	0.862859
1093	0.862859
1094	0.862859
1095	0.862859
1096	0.862859
1097	0.862859
1098	0.862859
1099	0.862859
1100	0.862859
1101	0.862859
1102	0.862859
1103	0.862859
1104	0.862859
1105	0.862859
1106	0.862859
1107	0.862859
1108	0.862859
1109	0.862859
1110	0.862859
1111	0.862859
1112	0.862859
1113	0.862859
1114	0.862859
1115	0.862859
1116	0.862859
1117	0.862859
1118	0.862859
1119	0.862859
1120	0.862859
1121	0.862859
1122	0.862859
1123	0.862859
1124	0.862859
1125	0.862859
1126	0.862859
1127	0.862859
1128	0.862859
1129	0.862859
1130	0.862859
1131	0.862859
1132	0.862859
1133	0.862859
1134	0.862859
1135	0.862859
1136	0.862859
1137	0.862859
1138	0.862859
1139	0.862859
1140	0.862859
1141	0.862859
1142	0.862859
1143	0.862859
1144	0.862859
1145	0.862859
1146	0.862859
1147	0.862859
1148	0.862859
1149	0.862859
1150	0.862859
1151	0.862859
1152	0.862859
1153	0.862859
1154	0.862859
1155	0.862859
1156	0.862859
1157	0.862859
1158	0.862859
1159	0.862859
1160	0.862859
1161	0.862859
1162	0.862859
1163	0.862859
1164	0.862859
1165	0.862859
1166	0.862859
1167	0.862859
1168	0.862859
1169	0.862859
1170	0.862859
1171	0.862859
1172	0.862859
1173	0.862859
1174	0.862859
1175	0.862859
1176	0.862859
1177	0.862859
1178	0.862859
1179	0.862859
1180	0.862859
1181	0.862859
1182	0.862859
1183	0.862859
1184	0.862859
1185	0.862859
1186	0.862859
1187	0.862859
1188	0.862859
1189	0.862859
1190	0.862859
1191	0.862859
1192	0.862859
1193	0.862859
1194	0.862859
1195	0.862859
1196	0.862859
1197	0.862859
1198	0.862859
1199	0.862859
1200	0.862859
1201	0.862859
1202	0.862859
1203	0.862859
1204	0.862859
1205	0.862859
1206	0.862859
1207	0.862859
1208	0.862859
1209	0.862859
1210	0.862859
1211	0.862859
1212	0.862859
1213	0.862859
1214	0.862859
1215	0.862859
1216	0.862859
1217	0.862859
1218	0.862859
1219	0.862859
1220	0.862859
1221	0.862859
1222	0.862859
1223	0.862859
1224	0.862859
1225	0.862859
1226	0.862859
1227	0.862859
1228	0.862859
1229	0.862859
1230	0.862859
1231	0.883054
1232	0.883054
1233	0.883054
1234	0.883054
1235	0.883054
1236	0.883054
1237	0.883054
1238	0.883054
1239	0.883054
1240	0.883054
1241	0.883054
1242	0.883054
1243	0.883054
1244	0.883054
1245	0.883054
1246	0.883054
1247	0.883054
1248	0.883054
1249	0.883054
1250	0.883054
1251	0.883054
1252	0.883054
1253	0.883054
1254	0.883501
1255	0.883501
1256	0.883501
1257	0.883501
1258	0.883501
1259	0.883501
1260	0.883501
1261	0.883501
1262	0.883501
1263	0.883501
1264	0.883501
1265	0.883501
1266	0.883501
1267	0.883501
1268	0.883501
1269	0.883501
1270	0.883501
1271	0.883501
1272	0.883501
1273	0.883501
1274	0.883501
1275	0.883501
1276	0.883501
1277	0.883501
1278	0.883501
1279	0.883501
1280	0.883501
1281	0.883501
1282	0.883501
1283	0.883501
1284	0.883501
1285	0.883501
1286	0.883501
1287	0.883501
1288	0.883501
1289	0.883501
1290	0.883501
1291	0.883501
1292	0.883501
1293	0.883501
1294	0.883501
1295	0.883501
1296	0.883501
1297	0.883501
1298	0.883501
1299	0.883501
1300	0.883501
1301	0.883501
1302	0.883501
1303	0.883501
1304	0.883501
1305	0.883501
1306	0.883501
1307	0.883501
1308	0.883501
1309	0.883501
1310	0.883501
1311	0.883501
1312	0.883501
1313	0.883501
1314	0.883501
1315	0.883501
1316	0.883501
1317	0.883501
1318	0.883501
1319	0.883501
1320	0.883501
1321	0.883501
1322	0.883501
1323	0.883501
1324	0.883501
1325	0.883501
1326	0.883501
1327	0.883501
1328	0.883501
1329	0.883501
1330	0.883501
1331	0.883501
1332	0.883501
1333	0.883501
1334	0.883501
1335	0.883501
1336	0.883501
1337	0.883501
1338	0.883501
1339	0.883501
1340	0.883501
1341	0.883501
1342	0.883501
1343	0.883501
1344	0.883501
1345	0.883501
1346	0.883501
1347	0.883501
1348	0.883501
1349	0.883501
1350	0.883501
1351	0.883501
1352	0.883501
1353	0.883501
1354	0.883501
1355	0.883501
1356	0.883501
1357	0.883501
1358	0.883501
1359	0.883501
1360	0.883501
1361	0.883501
1362	0.883501
1363	0.883501
1364	0.883501
1365	0.883501
1366	0.883501
1367	0.883501
1368	0.883501
1369	0.883501
1370	0.883501
1371	0.883501
1372	0.883501
1373	0.883501
1374	0.883501
1375	0.883501
1376	0.883501
1377	0.883501
1378	0.883501
1379	0.883501
1380	0.883501
1381	0.883501
1382	0.883501
1383	0.883501
1384	0.883501
1385	0.883501
1386	0.883501
1387	0.883501
1388	0.883501
1389	0.883501
1390	0.883501
1391	0.883501
1392	0.883501
1393	0.883501
1394	0.883501
1395	0.883501
1396	0.883501
1397	0.883501
1398	0.883501
1399	0.883501
1400	0.883501
1401	0.883501
1402	0.883501
1403	0.883501
1404	0.883501
1405	0.883501
1406	0.883501
1407	0.883501
1408	0.883501
1409	0.883501
1410	0.883501
1411	0.883501
1412	0.883501
1413	0.883501
1414	0.883501
1415	0.883501
1416	0.883501
1417	0.883501
1418	0.883501
1419	0.883501
1420	0.883501
1421	0.883501
1422	0.883501
1423	0.883501
1424	0.883501
1425	0.883501
1426	0.883501
1427	0.883501
1428	0.883501
1429	0.883501
1430	0.883501
1431	0.883501
1432	0.883501
1433	0.883501
1434	0.883501
1435	0.883501
1436	0.883501
1437	0.883501
1438	0.883501
1439	0.883501
1440	0.883501
1441	0.883501
1442	0.883501
1443	0.883501
1444	0.883501
1445	0.883501
1446	0.883501
1447	0.883501
1448	0.883501
1449	0.883501
1450	0.883501
1451	0.883501
1452	0.883501
1453	0.883501
1454	0.883501
1455	0.883501
1456	0.883501
1457	0.883501
1458	0.883501
1459	0.883501
1460	0.883501
1461	0.883501
1462	0.883501
1463	0.883501
1464	0.883501
1465	0.883501
1466	0.883501
1467	0.883501
1468	0.883501
1469	0.883501
1470	0.883501
1471	0.883501
1472	0.883501
1473	0.883501
1474	0.883501
1475	0.883501
1476	0.883501
1477	0.883501
1478	0.883501
1479	0.883501
1480	0.883501
1481	0.883501
1482	0.883501
1483	0.883501
1484	0.883501
1485	0.883501
1486	0.883501
1487	0.883501
1488	0.883501
1489	0.883501
1490	0.883501
1491	0.883501
1492	0.883501
1493	0.883501
1494	0.883501
1495	0.883501
1496	0.883501
1497	0.883501
1498	0.883501
1499	0.883501
1500	0.883501
1501	0.883501
1502	0.883501
1503	0.883501
1504	0.883501
1505	0.883501
1506	0.883501
1507	0.883501
1508	0.883501
1509	0.883501
1510	0.883501
1511	0.883501
1512	0.883501
1513	0.883501
1514	0.883501
1515	0.883501
1516	0.883501
1517	0.883501
1518	0.883501
1519	0.883501
1520	0.883501
1521	0.883501
1522	0.883501
1523	0.883501
1524	0.883501
1525	0.883501
1526	0.883501
1527	0.883501
1528	0.883501
1529	0.883501
1530	0.883501
1531	0.883501
1532	0.883501
1533	0.883501
1534	0.883501
1535	0.883501
1536	0.883501
1537	0.883501
1538	0.883501
1539	0.883501
1540	0.883501
1541	0.883501
1542	0.883501
1543	0.883501
1544	0.883501
1545	0.883501
1546	0.883501
1547	0.883501
1548	0.883501
1549	0.883501
1550	0.883501
1551	0.883501
1552	0.883501
1553	0.883501
1554	0.883501
1555	0.883501
1556	0.883501
1557	0.883501
1558	0.883501
1559	0.883501
1560	0.883501
1561	0.883501
1562	0.883501
1563	0.883501
1564	0.883501
1565	0.883501
1566	0.883501
1567	0.883501
1568	0.883501
1569	0.883501
1570	0.883501
1571	0.883501
1572	0.883501
1573	0.883501
1574	0.883501
1575	0.883501
1576	0.883501
1577	0.883501
1578	0.883501
1579	0.883501
1580	0.883501
1581	0.883501
1582	0.883501
1583	0.883501
1584	0.883501
1585	0.883501
1586	0.883501
1587	0.883501
1588	0.883501
1589	0.883501
1590	0.883501
1591	0.883501
1592	0.883501
1593	0.883501
1594	0.883501
1595	0.883501
1596	0.883501
1597	0.883501
1598	0.883501
1599	0.883501
1600	0.883501
1601	0.883501
1602	0.883501
1603	0.883501
1604	0.883501
1605	0.883501
1606	0.883501
1607	0.883501
1608	0.883501
1609	0.883501
1610	0.883501
1611	0.883501
1612	0.883501
1613	0.883501
1614	0.883501
1615	0.883501
1616	0.883501
1617	0.883501
1618	0.883501
1619	0.883501
1620	0.883501
1621	0.883501
1622	0.883501
1623	0.883501
1624	0.883501
1625	0.883501
1626	0.883501
1627	0.883501
1628	0.883501
1629	0.883501
1630	0.883501
1631	0.883501
1632	0.883501
1633	0.883501
1634	0.883501
1635	0.883501
1636	0.883501
1637	0.883501
1638	0.883501
1639	0.883501
1640	0.883501
1641	0.883501
1642	0.883501
1643	0.883501
1644	0.883501
1645	0.883501
1646	0.883501
1647	0.883501
1648	0.883501
1649	0.883501
1650	0.883501
1651	0.883501
1652	0.883501
1653	0.883501
1654	0.883501
1655	0.883501
1656	0.883501
1657	0.883501
1658	0.883501
1659	0.883501
1660	0.883501
1661	0.883501
1662	0.883501
1663	0.883501
1664	0.883501
1665	0.883501
1666	0.883501
1667	0.883501
1668	0.883501
1669	0.883501
1670	0.883501
1671	0.883501
1672	0.883501
1673	0.883501
1674	0.883501
1675	0.883501
1676	0.883501
1677	0.883501
1678	0.883501
1679	0.883501
1680	0.883501
1681	0.883501
1682	0.883501
1683	0.883501
1684	0.883501
1685	0.883501
1686	0.883501
1687	0.883501
1688	0.883501
1689	0.883501
1690	0.883501
1691	0.883501
1692	0.883501
1693	0.883501
1694	0.883501
1695	0.883501
1696	0.883501
1697	0.883501
1698	0.883501
1699	0.883501
1700	0.883501
1701	0.883501
1702	0.883501
1703	0.883501
1704	0.883501
1705	0.883501
1706	0.883501
1707	0.883501
1708	0.883501
1709	0.883501
1710	0.883501
1711	0.883501
1712	0.883501
1713	0.883501
1714	0.883501
1715	0.883501
1716	0.883501
1717	0.883501
1718	0.883501
1719	0.883501
1720	0.883501
1721	0.883501
1722	0.883501
1723	0.883501
1724	0.883501
1725	0.883501
1726	0.883501
1727	0.883501
1728	0.883501
1729	0.883501
1730	0.883501
1731	0.883501
1732	0.883501
1733	0.883501
1734	0.883501
1735	0.883501
1736	0.883501
1737	0.883501
1738	0.883501
1739	0.883501
1740	0.883501
1741	0.883501
1742	0.883501
1743	0.883501
1744	0.883501
1745	0.883501
1746	0.883501
1747	0.883501
1748	0.883501
1749	0.883501
1750	0.883501
1751	0.883501
1752	0.883501
1753	0.883501
1754	0.883501
1755	0.883501
1756	0.883501
1757	0.883501
1758	0.883501
1759	0.883501
1760	0.883501
1761	0.883501
1762	0.883501
1763	0.883501
1764	0.883501
1765	0.883501
1766	0.883501
1767	0.883501
1768	0.883501
1769	0.883501
1770	0.883501
1771	0.883501
1772	0.883501
1773	0.883501
1774	0.883501
1775	0.883501
1776	0.883501
1777	0.883501
1778	0.883501
1779	0.883501
1780	0.883501
1781	0.883501
1782	0.883501
1783	0.883501
1784	0.883501
1785	0.883501
1786	0.883501
1787	0.883501
1788	0.883501
1789	0.883501
1790	0.883501
1791	0.883501
1792	0.883501
1793	0.883501
1794	0.883501
1795	0.883501
1796	0.883501
1797	0.883501
1798	0.883501
1799	0.883501
1800	0.883501
1801	0.883501
1802	0.883501
1803	0.883501
1804	0.883501
1805	0.883501
1806	0.883501
1807	0.883501
1808	0.883501
1809	0.883501
1810	0.883501
1811	0.883501
1812	0.883501
1813	0.883501
1814	0.883501
1815	0.883501
1816	0.883501
1817	0.883501
1818	0.883501
1819	0.883501
1820	0.883501
1821	0.883501
1822	0.883501
1823	0.883501
1824	0.883501
1825	0.883501
1826	0.883501
1827	0.883501
1828	0.883501
1829	0.883501
1830	0.883501
1831	0.883501
1832	0.883501
1833	0.883501
1834	0.883501
1835	0.883501
1836	0.883501
1837	0.883501
1838	0.883501
1839	0.883501
1840	0.883501
1841	0.883501
1842	0.883501
1843	0.883501
1844	0.883501
1845	0.883501
1846	0.883501
1847	0.883501
1848	0.883501
1849	0.883501
1850	0.883501
1851	0.883501
1852	0.883501
1853	0.883501
1854	0.883501
1855	0.883501
1856	0.883501
1857	0.883501
1858	0.883501
1859	0.883501
1860	0.883501
1861	0.883501
1862	0.883501
1863	0.883501
1864	0.883501
1865	0.883501
1866	0.883501
1867	0.883501
1868	0.883501
1869	0.883501
1870	0.883501
1871	0.883501
1872	0.883501
1873	0.883501
1874	0.883501
1875	0.883501
1876	0.883501
1877	0.883501
1878	0.883501
1879	0.883501
1880	0.883501
1881	0.883501
1882	0.883501
1883	0.883501
1884	0.883501
1885	0.883501
1886	0.883501
1887	0.883501
1888	0.883501
1889	0.883501
1890	0.883501
1891	0.883501
1892	0.883501
1893	0.883501
1894	0.883501
1895	0.883501
1896	0.883501
1897	0.883501
1898	0.883501
1899	0.883501
1900	0.883501
1901	0.883501
1902	0.883501
1903	0.883501
1904	0.883501
1905	0.883501
1906	0.883501
1907	0.883501
1908	0.883501
1909	0.883501
1910	0.883501
1911	0.883501
1912	0.883501
1913	0.883501
1914	0.883501
1915	0.883501
1916	0.883501
1917	0.883501
1918	0.883501
1919	0.883501
1920	0.883501
1921	0.883501
1922	0.883501
1923	0.883501
1924	0.883501
1925	0.883501
1926	0.883501
1927	0.883501
1928	0.883501
1929	0.883501
1930	0.889596
1931	0.889596
1932	0.889596
1933	0.893166
1934	0.893166
1935	0.893166
1936	0.893166
1937	0.893166
1938	0.893166
1939	0.893166
1940	0.893166
1941	0.893166
1942	0.893166
1943	0.893166
1944	0.893166
1945	0.893166
1946	0.893166
1947	0.893166
1948	0.893166
1949	0.895621
1950	0.901897
1951	0.901897
1952	0.901897
1953	0.901897
1954	0.901897
1955	0.901897
1956	0.901897
1957	0.901897
1958	0.901897
1959	0.901897
1960	0.901897
1961	0.901897
1962	0.901897
1963	0.901897
1964	0.901897
1965	0.901897
1966	0.901897
1967	0.901897
1968	0.901897
1969	0.901897
1970	0.901897
1971	0.902343
1972	0.902343
1973	0.902343
1974	0.902343
1975	0.902343
1976	0.902343
1977	0.902343
1978	0.902343
1979	0.902343
1980	0.902343
1981	0.902343
1982	0.902343
1983	0.902343
1984	0.902343
1985	0.902343
1986	0.902343
1987	0.902343
1988	0.902343
1989	0.902343
1990	0.902343
1991	0.902343
1992	0.902343
1993	0.902343
1994	0.902343
1995	0.902343
1996	0.902343
1997	0.902343
1998	0.902343
1999	0.902343
2000	0.902343
2001	0.902343
2002	0.902343
2003	0.902343
2004	0.902343
2005	0.902343
2006	0.902343
2007	0.902343
2008	0.902343
2009	0.902343
2010	0.902343
2011	0.902343
2012	0.902343
2013	0.902343
2014	0.902343
2015	0.902343
2016	0.902343
2017	0.902343
2018	0.902343
2019	0.902343
2020	0.902343
2021	0.902343
2022	0.902343
2023	0.902343
2024	0.902343
2025	0.902343
2026	0.902343
2027	0.902343
2028	0.902343
2029	0.902343
2030	0.902343
2031	0.902343
2032	0.902343
2033	0.902343
2034	0.902343
2035	0.902343
2036	0.902343
2037	0.902343
2038	0.902343
2039	0.902343
2040	0.902343
2041	0.902343
2042	0.902343
2043	0.902343
2044	0.902343
2045	0.902343
2046	0.902343
2047	0.902343
2048	0.902343
2049	0.902343
2050	0.902343
2051	0.902343
2052	0.902343
2053	0.902343
2054	0.902343
2055	0.902343
2056	0.902343
2057	0.902343
2058	0.902343
2059	0.902343
2060	0.902343
2061	0.902343
2062	0.902343
2063	0.902343
2064	0.902343
2065	0.902343
2066	0.902343
2067	0.902343
2068	0.902343
2069	0.902343
2070	0.902343
2071	0.902343
2072	0.902343
2073	0.902343
2074	0.902343
2075	0.902343
2076	0.902343
2077	0.902343
2078	0.902343
2079	0.902343
2080	0.902343
2081	0.902343
2082	0.902343
2083	0.902343
2084	0.902343
2085	0.902343
2086	0.902343
2087	0.902343
2088	0.902343
2089	0.902343
2090	0.902343
2091	0.902343
2092	0.902343
2093	0.902343
2094	0.902343
2095	0.902343
2096	0.902343
2097	0.902343
2098	0.902343
2099	0.902343
2100	0.902343
2101	0.902343
2102	0.902343
2103	0.902343
2104	0.902343
2105	0.902343
2106	0.902343
2107	0.902343
2108	0.902343
2109	0.902343
2110	0.902343
2111	0.902343
2112	0.902343
2113	0.902343
2114	0.902343
2115	0.902343
2116	0.902343
2117	0.902343
2118	0.902343
2119	0.902343
2120	0.902343
2121	0.902343
2122	0.902343
2123	0.902343
2124	0.902343
2125	0.902343
2126	0.902343
2127	0.902343
2128	0.902343
2129	0.902343
2130	0.902343
2131	0.902343
2132	0.902343
2133	0.902343
2134	0.902343
2135	0.902343
2136	0.902343
2137	0.902343
2138	0.902343
2139	0.902343
2140	0.902343
2141	0.902343
2142	0.902343
2143	0.902343
2144	0.902343
2145	0.902343
2146	0.902343
2147	0.902343
2148	0.902343
2149	0.902343
2150	0.902343
2151	0.902343
2152	0.902343
2153	0.902343
2154	0.902343
2155	0.902343
2156	0.902343
2157	0.902343
2158	0.902343
2159	0.902343
2160	0.902343
2161	0.902343
2162	0.902343
2163	0.902343
2164	0.902343
2165	0.902343
2166	0.902343
2167	0.902343
2168	0.902343
2169	0.902343
2170	0.902343
2171	0.902343
2172	0.902343
2173	0.902343
2174	0.902343
2175	0.902343
2176	0.902343
2177	0.902343
2178	0.902343
2179	0.902343
2180	0.902343
2181	0.902343
2182	0.902343
2183	0.902343
2184	0.902343
2185	0.902343
2186	0.902343
2187	0.902343
2188	0.902343
2189	0.902343
2190	0.902343
2191	0.902343
2192	0.902343
2193	0.902343
2194	0.902343
2195	0.902343
2196	0.902343
2197	0.902343
2198	0.902343
2199	0.902343
2200	0.902343
2201	0.902343
2202	0.902343
2203	0.902343
2204	0.902343
2205	0.902343
2206	0.902343
2207	0.902343
2208	0.902343
2209	0.902343
2210	0.902343
2211	0.902343
2212	0.902343
2213	0.902343
2214	0.902343
2215	0.902343
2216	0.902343
2217	0.902343
2218	0.902343
2219	0.902343
2220	0.902343
2221	0.902343
2222	0.902343
2223	0.902343
2224	0.902343
2225	0.902343
2226	0.902343
2227	0.902343
2228	0.902343
2229	0.902343
2230	0.902343
2231	0.902343
2232	0.902343
2233	0.902343
2234	0.902343
2235	0.902343
2236	0.902343
2237	0.902343
2238	0.902343
2239	0.902343
2240	0.902343
2241	0.902343
2242	0.902343
2243	0.902343
2244	0.902343
2245	0.902343
2246	0.902343
2247	0.902343
2248	0.902343
2249	0.902343
2250	0.902343
2251	0.902343
2252	0.902343
2253	0.902343
2254	0.902343
2255	0.902343
2256	0.902343
2257	0.902343
2258	0.902343
2259	0.902343
2260	0.902343
2261	0.902343
2262	0.902343
2263	0.902343
2264	0.902343
2265	0.902343
2266	0.902343
2267	0.902343
2268	0.902343
2269	0.902343
2270	0.902343
2271	0.902343
2272	0.902343
2273	0.902343
2274	0.902343
2275	0.902343
2276	0.902343
2277	0.902343
2278	0.902343
2279	0.902343
2280	0.902343
2281	0.902343
2282	0.902343
2283	0.902343
2284	0.902343
2285	0.902343
2286	0.902343
2287	0.902343
2288	0.902343
2289	0.902343
2290	0.902789
2291	0.902789
2292	0.902789
2293	0.902789
2294	0.902789
2295	0.902789
2296	0.902789
2297	0.902789
2298	0.902789
2299	0.902789
2300	0.902789
2301	0.902789
2302	0.902789
2303	0.902789
2304	0.902789
2305	0.902789
2306	0.902789
2307	0.902789
2308	0.902789
2309	0.902789
2310	0.902789
2311	0.902789
2312	0.902789
2313	0.902789
2314	0.902789
2315	0.902789
2316	0.902789
2317	0.902789
2318	0.902789
2319	0.902789
2320	0.902789
2321	0.902789
2322	0.902789
2323	0.902789
2324	0.902789
2325	0.902789
2326	0.902789
2327	0.902789
2328	0.902789
2329	0.902789
2330	0.902789
2331	0.902789
2332	0.902789
2333	0.902789
2334	0.902789
2335	0.902789
2336	0.902789
2337	0.902789
2338	0.902789
2339	0.902789
2340	0.902789
2341	0.902789
2342	0.902789
2343	0.902789
2344	0.902789
2345	0.902789
2346	0.902789
2347	0.902789
2348	0.902789
2349	0.902789
2350	0.902789
2351	0.902789
2352	0.902789
2353	0.902789
2354	0.902789
2355	0.902789
2356	0.902789
2357	0.902789
2358	0.902789
2359	0.902789
2360	0.902789
2361	0.902789
2362	0.902789
2363	0.902789
2364	0.902789
2365	0.902789
2366	0.902789
2367	0.902789
2368	0.902789
2369	0.902789
2370	0.902789
2371	0.902789
2372	0.902789
2373	0.902789
2374	0.902789
2375	0.902789
2376	0.902789
2377	0.902789
2378	0.902789
2379	0.902789
2380	0.902789
2381	0.902789
2382	0.902789
2383	0.902789
2384	0.902789
2385	0.902789
2386	0.902789
2387	0.902789
2388	0.902789
2389	0.902789
2390	0.902789
2391	0.902789
2392	0.902789
2393	0.902789
2394	0.902789
2395	0.902789
2396	0.902789
2397	0.902789
2398	0.902789
2399	0.902789
2400	0.902789
2401	0.902789
2402	0.902789
2403	0.902789
2404	0.902789
2405	0.902789
2406	0.902789
2407	0.902789
2408	0.902789
2409	0.902789
2410	0.902789
2411	0.902789
2412	0.902789
2413	0.902789
2414	0.902789
2415	0.902789
2416	0.902789
2417	0.902789
2418	0.902789
2419	0.902789
2420	0.902789
2421	0.902789
2422	0.902789
2423	0.902789
2424	0.902789
2425	0.902789
2426	0.902789
2427	0.902789
2428	0.902789
2429	0.902789
2430	0.902789
2431	0.902789
2432	0.902789
2433	0.902789
2434	0.902789
2435	0.902789
2436	0.902789
2437	0.902789
2438	0.902789
2439	0.902789
2440	0.902789
2441	0.902789
2442	0.902789
2443	0.902789
2444	0.902789
2445	0.902789
2446	0.902789
2447	0.902789
2448	0.902789
2449	0.902789
2450	0.902789
2451	0.902789
2452	0.902789
2453	0.902789
2454	0.902789
2455	0.902789
2456	0.902789
2457	0.902789
2458	0.902789
2459	0.902789
2460	0.902789
2461	0.902789
2462	0.902789
2463	0.902789
2464	0.902789
2465	0.902789
2466	0.902789
2467	0.902789
2468	0.902789
2469	0.902789
2470	0.902789
2471	0.902789
2472	0.902789
2473	0.902789
2474	0.902789
2475	0.902789
2476	0.902789
2477	0.902789
2478	0.902789
2479	0.902789
2480	0.902789
2481	0.902789
2482	0.902789
2483	0.902789
2484	0.902789
2485	0.902789
2486	0.902789
2487	0.902789
2488	0.902789
2489	0.902789
2490	0.902789
2491	0.902789
2492	0.902789
2493	0.902789
2494	0.902789
2495	0.902789
2496	0.902789
2497	0.902789
2498	0.902789
2499	0.902789
2500	0.902789
2501	0.902789
2502	0.902789
2503	0.902789
2504	0.902789
2505	0.902789
2506	0.902789
2507	0.902789
2508	0.902789
2509	0.902789
2510	0.902789
2511	0.902789
2512	0.902789
2513	0.902789
2514	0.902789
2515	0.902789
2516	0.902789
2517	0.902789
2518	0.902789
2519	0.902789
2520	0.902789
2521	0.902789
2522	0.902789
2523	0.902789
2524	0.902789
2525	0.902789
2526	0.902789
2527	0.902789
2528	0.902789
2529	0.902789
2530	0.902789
2531	0.902789
2532	0.902789
2533	0.902789
2534	0.902789
2535	0.902789
2536	0.902789
2537	0.902789
2538	0.902789
2539	0.902789
2540	0.902789
2541	0.902789
2542	0.902789
2543	0.902789
2544	0.902789
2545	0.902789
2546	0.902789
2547	0.902789
2548	0.902789
2549	0.902789
2550	0.902789
2551	0.902789
2552	0.902789
2553	0.902789
2554	0.902789
2555	0.902789
2556	0.902789
2557	0.902789
2558	0.902789
2559	0.902789
2560	0.902789
2561	0.902789
2562	0.902789
2563	0.902789
2564	0.902789
2565	0.902789
2566	0.902789
2567	0.902789
2568	0.902789
2569	0.902789
2570	0.902789
2571	0.902789
2572	0.902789
2573	0.902789
2574	0.902789
2575	0.902789
2576	0.902789
2577	0.902789
2578	0.902789
2579	0.902789
2580	0.902789
2581	0.902789
2582	0.902789
2583	0.902789
2584	0.902789
2585	0.902789
2586	0.902789
2587	0.902789
2588	0.902789
2589	0.902789
2590	0.902789
2591	0.902789
2592	0.902789
2593	0.902789
2594	0.902789
2595	0.902789
2596	0.902789
2597	0.902789
2598	0.902789
2599	0.902789
2600	0.902789
2601	0.902789
2602	0.902789
2603	0.902789
2604	0.902789
2605	0.902789
2606	0.902789
2607	0.902789
2608	0.902789
2609	0.902789
2610	0.902789
2611	0.902789
2612	0.902789
2613	0.902789
2614	0.902789
2615	0.902789
2616	0.902789
2617	0.902789
2618	0.902789
2619	0.902789
2620	0.902789
2621	0.902789
2622	0.902789
2623	0.902789
2624	0.902789
2625	0.902789
2626	0.902789
2627	0.902789
2628	0.902789
2629	0.902789
2630	0.902789
2631	0.902789
2632	0.902789
2633	0.902789
2634	0.902789
2635	0.902789
2636	0.902789
2637	0.902789
2638	0.902789
2639	0.902789
2640	0.902789
2641	0.902789
2642	0.902789
2643	0.902789
2644	0.902789
2645	0.902789
2646	0.902789
2647	0.902789
2648	0.902789
2649	0.902789
2650	0.902789
2651	0.902789
2652	0.902789
2653	0.902789
2654	0.902789
2655	0.902789
2656	0.902789
2657	0.902789
2658	0.902789
2659	0.902789
2660	0.902789
2661	0.902789
2662	0.902789
2663	0.902789
2664	0.902789
2665	0.902789
2666	0.902789
2667	0.902789
2668	0.902789
2669	0.902789
2670	0.902789
2671	0.902789
2672	0.902789
2673	0.902789
2674	0.902789
2675	0.902789
2676	0.902789
2677	0.902789
2678	0.902789
2679	0.902789
2680	0.902789
2681	0.902789
2682	0.902789
2683	0.902789
2684	0.902789
2685	0.902789
2686	0.902789
2687	0.902789
2688	0.902789
2689	0.902789
2690	0.902789
2691	0.902789
2692	0.902789
2693	0.902789
2694	0.902789
2695	0.902789
2696	0.902789
2697	0.902789
2698	0.902789
2699	0.902789
2700	0.902789
2701	0.902789
2702	0.902789
2703	0.902789
2704	0.902789
2705	0.902789
2706	0.902789
2707	0.902789
2708	0.902789
2709	0.902789
2710	0.902789
2711	0.902789
2712	0.902789
2713	0.902789
2714	0.902789
2715	0.902789
2716	0.902789
2717	0.902789
2718	0.902789
2719	0.902789
2720	0.902789
2721	0.903013
2722	0.903013
2723	0.903013
2724	0.903013
2725	0.903013
2726	0.903013
2727	0.903013
2728	0.903013
2729	0.903013
2730	0.903013
2731	0.903013
2732	0.903013
2733	0.903013
2734	0.903013
2735	0.903013
2736	0.903013
2737	0.903013
2738	0.903013
2739	0.903013
2740	0.903013
2741	0.903013
2742	0.903013
2743	0.903013
2744	0.903013
2745	0.903013
2746	0.903013
2747	0.903013
2748	0.903013
2749	0.903013
2750	0.903013
2751	0.903013
2752	0.903013
2753	0.903013
2754	0.903013
2755	0.903013
2756	0.903013
2757	0.903013
2758	0.903013
2759	0.903013
2760	0.903013
2761	0.903013
2762	0.903013
2763	0.903013
2764	0.903013
2765	0.903013
2766	0.903013
2767	0.903013
2768	0.903013
2769	0.903013
2770	0.903013
2771	0.903013
2772	0.903013
2773	0.903013
2774	0.903013
2775	0.903013
2776	0.903013
2777	0.903013
2778	0.903013
2779	0.903013
2780	0.903013
2781	0.903013
2782	0.903013
2783	0.903013
2784	0.903013
2785	0.903013
2786	0.903013
2787	0.903013
2788	0.903013
2789	0.903013
2790	0.903013
2791	0.903013
2792	0.903013
2793	0.903013
2794	0.903013
2795	0.903013
2796	0.903013
2797	0.903013
2798	0.903013
2799	0.903013
2800	0.903013
2801	0.903013
2802	0.903013
2803	0.903013
2804	0.903013
2805	0.903013
2806	0.903013
2807	0.903013
2808	0.903013
2809	0.903013
2810	0.903013
2811	0.903013
2812	0.903013
2813	0.903013
2814	0.903013
2815	0.903013
2816	0.903013
2817	0.903013
2818	0.908368
2819	0.908368
2820	0.908368
2821	0.908368
2822	0.908368
2823	0.908368
2824	0.908368
2825	0.908368
2826	0.908368
2827	0.908368
2828	0.908368
2829	0.908368
2830	0.908368
2831	0.908368
2832	0.928145
2833	0.928145
2834	0.928145
2835	0.928145
2836	0.928145
2837	0.928145
2838	0.928145
2839	0.928145
2840	0.928145
2841	0.928145
2842	0.928145
2843	0.928145
2844	0.928145
2845	0.928145
2846	0.928145
2847	0.928145
2848	0.928145
2849	0.928145
2850	0.928145
2851	0.928145
2852	0.928145
2853	0.928145
2854	0.928145
2855	0.928145
2856	0.928145
2857	0.928145
2858	0.928145
2859	0.928145
2860	0.928145
2861	0.928145
2862	0.928145
2863	0.928145
2864	0.928145
2865	0.928145
2866	0.928145
2867	0.928145
2868	0.928145
2869	0.928145
2870	0.928145
2871	0.928145
2872	0.928145
2873	0.928145
2874	0.928145
2875	0.928145
2876	0.928145
2877	0.928145
2878	0.928145
2879	0.928145
2880	0.928145
2881	0.928145
2882	0.928145
2883	0.928145
2884	0.928145
2885	0.928145
2886	0.928145
2887	0.928145
2888	0.928145
2889	0.928145
2890	0.928145
2891	0.928145
2892	0.928145
2893	0.928145
2894	0.928145
2895	0.928145
2896	0.928145
2897	0.928145
2898	0.928145
2899	0.928145
2900	0.928145
2901	0.928145
2902	0.928145
2903	0.928145
2904	0.928145
2905	0.928145
2906	0.928145
2907	0.928145
2908	0.928145
2909	0.928145
2910	0.928145
2911	0.928145
2912	0.928145
2913	0.928145
2914	0.928145
2915	0.928145
2916	0.928145
2917	0.928145
2918	0.928145
2919	0.928145
2920	0.928145
2921	0.928145
2922	0.928145
2923	0.928145
2924	0.928145
2925	0.928145
2926	0.928145
2927	0.928145
2928	0.928145
2929	0.928145
2930	0.928145
2931	0.928145
2932	0.928145
2933	0.928145
2934	0.928145
2935	0.928145
2936	0.928145
2937	0.928145
2938	0.928145
2939	0.928145
2940	0.928145
2941	0.928145
2942	0.928145
2943	0.928145
2944	0.928145
2945	0.928145
2946	0.928145
2947	0.928145
2948	0.928145
2949	0.928145
2950	0.928145
2951	0.928145
2952	0.928145
2953	0.928145
2954	0.928145
2955	0.928145
2956	0.928145
2957	0.928145
2958	0.928145
2959	0.928145
2960	0.928145
2961	0.928145
2962	0.928145
2963	0.928145
2964	0.928145
2965	0.928145
2966	0.928145
2967	0.928145
2968	0.928145
2969	0.928145
2970	0.928145
2971	0.928145
2972	0.928145
2973	0.928145
2974	0.928145
2975	0.928145
2976	0.928145
2977	0.928145
2978	0.928145
2979	0.928145
2980	0.928145
2981	0.928145
2982	0.928145
2983	0.928145
2984	0.928145
2985	0.928145
2986	0.928145
2987	0.928145
2988	0.928145
2989	0.928145
2990	0.928145
2991	0.928145
2992	0.928145
2993	0.928145
2994	0.928145
2995	0.928145
2996	0.928145
2997	0.928145
2998	0.928145
2999	0.928145
3000	0.928145
3001	0.928145
3002	0.928145
3003	0.928145
3004	0.928145
3005	0.928145
3006	0.928145
3007	0.928145
3008	0.928145
3009	0.928145
3010	0.928145
3011	0.928145
3012	0.928145
3013	0.928145
3014	0.928145
3015	0.928145
3016	0.928145
3017	0.928145
3018	0.928145
3019	0.928145
3020	0.928145
3021	0.928145
3022	0.928145
3023	0.928145
3024	0.928145
3025	0.928145
3026	0.928145
3027	0.928145
3028	0.928145
3029	0.928145
3030	0.928145
3031	0.928145
3032	0.928145
3033	0.928145
3034	0.928145
3035	0.928145
3036	0.928145
3037	0.928145
3038	0.928145
3039	0.928145
3040	0.928145
3041	0.928145
3042	0.932608
3043	0.932608
3044	0.932608
3045	0.932608
3046	0.932608
3047	0.932608
3048	0.932608
3049	0.932608
3050	0.932608
3051	0.932608
3052	0.932608
3053	0.932608
3054	0.932608
3055	0.932608
3056	0.932608
3057	0.932608
3058	0.932608
3059	0.932608
3060	0.932608
3061	0.932608
3062	0.932608
3063	0.932608
3064	0.932608
3065	0.932608
3066	0.932608
3067	0.932608
3068	0.932608
3069	0.932608
3070	0.932608
3071	0.932608
3072	0.932608
3073	0.932608
3074	0.932608
3075	0.932608
3076	0.932608
3077	0.932608
3078	0.932608
3079	0.932608
3080	0.932608
3081	0.932608
3082	0.932608
3083	0.932608
3084	0.932608
3085	0.932608
3086	0.932608
3087	0.932608
3088	0.932608
3089	0.932608
3090	0.932608
3091	0.932608
3092	0.932608
3093	0.932608
3094	0.932608
3095	0.932608
3096	0.932608
3097	0.932608
3098	0.932608
3099	0.932608
3100	0.932608
3101	0.932608
3102	0.932608
3103	0.932608
3104	0.932608
3105	0.932608
3106	0.932608
3107	0.932608
3108	0.932608
3109	0.932608
3110	0.932608
3111	0.932608
3112	0.932608
3113	0.932608
3114	0.932608
3115	0.932608
3116	0.932608
3117	0.932608
3118	0.932608
3119	0.932608
3120	0.932608
3121	0.932608
3122	0.932608
3123	0.932608
3124	0.932608
3125	0.932608
3126	0.932608
3127	0.932608
3128	0.932608
3129	0.932608
3130	0.932608
3131	0.932608
3132	0.932608
3133	0.932608
3134	0.932608
3135	0.932608
3136	0.932608
3137	0.932608
3138	0.932608
3139	0.932608
3140	0.932608
3141	0.932608
3142	0.932608
3143	0.932608
3144	0.932608
3145	0.932608
3146	0.932608
3147	0.932608
3148	0.932608
3149	0.932608
3150	0.932608
3151	0.932608
3152	0.932608
3153	0.932608
3154	0.933724
3155	0.933724
3156	0.933724
3157	0.935063
3158	0.935063
3159	0.935063
3160	0.935063
3161	0.935063
3162	0.935063
3163	0.935063
3164	0.935063
3165	0.935063
3166	0.935063
3167	0.935063
3168	0.935063
3169	0.935063
3170	0.935063
3171	0.935063
3172	0.935063
3173	0.935063
3174	0.935063
3175	0.935063
3176	0.935063
3177	0.935063
3178	0.935063
3179	0.935063
3180	0.935063
3181	0.935063
3182	0.935063
3183	0.935063
3184	0.935063
3185	0.935063
3186	0.935063
3187	0.935063
3188	0.935063
3189	0.935063
3190	0.935063
3191	0.935063
3192	0.935063
3193	0.935063
3194	0.935063
3195	0.935063
3196	0.935063
3197	0.935063
3198	0.935063
3199	0.935063
3200	0.935063
3201	0.935063
3202	0.935063
3203	0.935063
3204	0.935063
3205	0.935063
3206	0.935063
3207	0.935063
3208	0.935063
3209	0.935063
3210	0.935063
3211	0.935063
3212	0.935063
3213	0.935063
3214	0.935063
3215	0.935063
3216	0.935063
3217	0.935063
3218	0.935063
3219	0.935063
3220	0.935063
3221	0.935063
3222	0.935063
3223	0.935063
3224	0.935063
3225	0.935063
3226	0.935063
3227	0.935063
3228	0.935063
3229	0.935063
3230	0.935063
3231	0.935063
3232	0.935063
3233	0.935063
3234	0.935063
3235	0.935063
3236	0.935063
3237	0.935063
3238	0.935063
3239	0.935063
3240	0.935063
3241	0.935063
3242	0.935063
3243	0.935063
3244	0.935063
3245	0.935063
3246	0.935063
3247	0.935063
3248	0.935063
3249	0.935063
3250	0.935063
3251	0.935063
3252	0.935063
3253	0.935063
3254	0.935063
3255	0.935063
3256	0.935063
3257	0.935063
3258	0.935063
3259	0.935063
3260	0.935063
3261	0.935063
3262	0.935063
3263	0.935063
3264	0.935063
3265	0.935063
3266	0.935063
3267	0.935063
3268	0.935063
3269	0.935063
3270	0.935063
3271	0.935063
3272	0.935063
3273	0.935063
3274	0.935063
3275	0.935063
3276	0.935063
3277	0.935063
3278	0.935063
3279	0.935063
3280	0.935063
3281	0.935063
3282	0.935063
3283	0.935063
3284	0.935063
3285	0.935063
3286	0.935063
3287	0.935063
3288	0.935063
3289	0.935063
3290	0.935063
3291	0.935063
3292	0.935063
3293	0.935063
3294	0.935063
3295	0.935063
3296	0.935063
3297	0.935063
3298	0.935063
3299	0.935063
3300	0.935063
3301	0.935063
3302	0.935063
3303	0.935063
3304	0.935063
3305	0.935063
3306	0.935063
3307	0.935063
3308	0.935063
3309	0.935063
3310	0.935063
3311	0.935063
3312	0.935063
3313	0.935063
3314	0.935063
3315	0.935063
3316	0.935063
3317	0.935063
3318	0.935063
3319	0.935063
3320	0.935063
3321	0.935063
3322	0.935063
3323	0.935063
3324	0.935063
3325	0.935063
3326	0.935063
3327	0.935063
3328	0.935063
3329	0.935063
3330	0.935063
3331	0.935063
3332	0.935063
3333	0.935063
3334	0.935063
3335	0.935063
3336	0.935063
3337	0.935063
3338	0.935063
3339	0.935063
3340	0.935063
3341	0.935063
3342	0.935063
3343	0.935063
3344	0.935063
3345	0.935063
3346	0.935063
3347	0.935063
3348	0.935063
3349	0.935063
3350	0.935063
3351	0.935063
3352	0.935063
3353	0.935063
3354	0.935063
3355	0.935063
3356	0.935063
3357	0.935063
3358	0.935063
3359	0.935063
3360	0.935063
3361	0.935063
3362	0.935063
3363	0.935063
3364	0.935063
3365	0.935063
3366	0.935063
3367	0.935063
3368	0.935063
3369	0.935063
3370	0.935063
3371	0.935063
3372	0.935063
3373	0.935063
3374	0.935063
3375	0.935063
3376	0.935063
3377	0.935063
3378	0.935063
3379	0.935063
3380	0.935063
3381	0.935063
3382	0.935063
3383	0.935063
3384	0.935063
3385	0.935063
3386	0.935063
3387	0.935063
3388	0.935063
3389	0.935063
3390	0.935063
3391	0.935063
3392	0.935063
3393	0.935063
3394	0.935063
3395	0.935063
3396	0.935063
3397	0.935063
3398	0.935063
3399	0.935063
3400	0.935063
3401	0.935063
3402	0.935063
3403	0.935063
3404	0.935063
3405	0.935063
3406	0.935063
3407	0.935063
3408	0.935063
3409	0.935063
3410	0.935063
3411	0.935063
3412	0.935063
3413	0.935063
3414	0.935063
3415	0.935063
3416	0.935063
3417	0.935063
3418	0.935063
3419	0.935063
3420	0.935063
3421	0.935063
3422	0.935063
3423	0.935063
3424	0.935063
3425	0.935063
3426	0.935063
3427	0.935063
3428	0.935063
3429	0.935063
3430	0.935063
3431	0.935063
3432	0.935063
3433	0.935063
3434	0.935063
3435	0.935063
3436	0.935063
3437	0.935063
3438	0.935063
3439	0.935063
3440	0.935063
3441	0.935063
3442	0.935063
3443	0.935063
3444	0.935063
3445	0.935063
3446	0.935063
3447	0.935063
3448	0.935063
3449	0.935063
3450	0.935063
3451	0.935063
3452	0.935063
3453	0.935063
3454	0.935063
3455	0.935063
3456	0.935063
3457	0.935063
3458	0.935063
3459	0.935063
3460	0.935063
3461	0.935063
3462	0.935063
3463	0.935063
3464	0.935063
3465	0.935063
3466	0.935063
3467	0.935063
3468	0.935063
3469	0.935063
3470	0.935063
3471	0.935063
3472	0.935063
3473	0.935063
3474	0.935063
3475	0.935063
3476	0.935063
3477	0.935063
3478	0.935063
3479	0.935063
3480	0.935063
3481	0.935063
3482	0.935063
3483	0.935063
3484	0.935063
3485	0.935063
3486	0.935063
3487	0.935063
3488	0.935063
3489	0.935063
3490	0.935063
3491	0.935063
3492	0.935063
3493	0.935063
3494	0.935063
3495	0.935063
3496	0.935063
3497	0.935063
3498	0.935063
3499	0.935063
3500	0.935063
3501	0.935063
3502	0.935063
3503	0.935063
3504	0.935063
3505	0.935063
3506	0.935063
3507	0.935063
3508	0.935063
3509	0.935063
3510	0.935063
3511	0.935063
3512	0.935063
3513	0.935063
3514	0.935063
3515	0.935063
3516	0.935063
3517	0.935063
3518	0.935063
3519	0.935063
3520	0.935063
3521	0.935063
3522	0.935063
3523	0.935063
3524	0.935063
3525	0.935063
3526	0.935063
3527	0.935063
3528	0.935063
3529	0.935063
3530	0.935063
3531	0.935063
3532	0.935063
3533	0.935063
3534	0.935063
3535	0.935063
3536	0.935063
3537	0.935063
3538	0.935063
3539	0.935063
3540	0.935063
3541	0.935063
3542	0.935063
3543	0.935063
3544	0.935063
3545	0.935063
3546	0.935063
3547	0.935063
3548	0.935063
3549	0.935063
3550	0.935063
3551	0.935063
3552	0.935063
3553	0.935063
3554	0.935063
3555	0.935063
3556	0.935063
3557	0.935063
3558	0.935063
3559	0.935063
3560	0.935063
3561	0.935063
3562	0.935063
3563	0.935063
3564	0.935063
3565	0.935063
3566	0.935063
3567	0.935063
3568	0.935063
3569	0.935063
3570	0.935063
3571	0.935063
3572	0.935063
3573	0.935063
3574	0.935063
3575	0.935063
3576	0.935063
3577	0.935063
3578	0.935063
3579	0.935063
3580	0.935063
3581	0.935063
3582	0.935063
3583	0.935063
3584	0.935063
3585	0.935063
3586	0.935063
3587	0.935063
3588	0.935063
3589	0.935063
3590	0.935063
3591	0.935063
3592	0.935063
3593	0.935063
3594	0.935063
3595	0.935063
3596	0.935063
3597	0.935063
3598	0.935063
3599	0.935063
3600	0.935063
3601	0.935063
3602	0.935063
3603	0.935063
3604	0.935063
3605	0.935063
3606	0.935063
3607	0.935063
3608	0.935063
3609	0.935063
3610	0.935063
3611	0.935063
3612	0.935063
3613	0.935063
3614	0.935063
3615	0.935063
3616	0.935063
3617	0.935063
3618	0.935063
3619	0.935063
3620	0.935063
3621	0.935063
3622	0.935063
3623	0.935063
3624	0.935063
3625	0.935063
3626	0.935063
3627	0.935063
3628	0.935063
3629	0.935063
3630	0.935063
3631	0.935063
3632	0.935063
3633	0.935063
3634	0.935063
3635	0.935063
3636	0.935063
3637	0.935063
3638	0.935063
3639	0.935063
3640	0.935063
3641	0.935063
3642	0.935063
3643	0.935063
3644	0.935063
3645	0.935063
3646	0.935063
3647	0.935063
3648	0.935063
3649	0.935063
3650	0.935063
3651	0.935063
3652	0.935063
3653	0.935063
3654	0.935063
3655	0.935063
3656	0.935063
3657	0.935063
3658	0.935063
3659	0.935063
3660	0.935063
3661	0.935063
3662	0.935063
3663	0.935063
3664	0.935063
3665	0.935063
3666	0.935063
3667	0.935063
3668	0.935063
3669	0.935063
3670	0.935063
3671	0.935063
3672	0.935063
3673	0.935063
3674	0.935063
3675	0.935063
3676	0.935063
3677	0.935063
3678	0.935063
3679	0.935063
3680	0.935063
3681	0.935063
3682	0.935063
3683	0.935063
3684	0.935063
3685	0.935063
3686	0.935063
3687	0.935063
3688	0.935063
3689	0.935063
3690	0.935063
3691	0.935063
3692	0.935063
3693	0.935063
3694	0.935063
3695	0.935063
3696	0.935063
3697	0.935063
3698	0.935063
3699	0.935063
3700	0.935063
3701	0.935063
3702	0.935063
3703	0.935063
3704	0.935063
3705	0.935063
3706	0.935063
3707	0.935063
3708	0.935063
3709	0.935063
3710	0.935063
3711	0.935063
3712	0.935063
3713	0.935063
3714	0.935063
3715	0.935063
3716	0.935063
3717	0.935063
3718	0.935063
3719	0.935063
3720	0.935063
3721	0.935063
3722	0.935063
3723	0.935063
3724	0.935063
3725	0.935063
3726	0.935063
3727	0.935063
3728	0.935063
3729	0.935063
3730	0.935063
3731	0.935063
3732	0.935063
3733	0.935063
3734	0.935063
3735	0.935063
3736	0.935063
3737	0.935063
3738	0.935063
3739	0.935063
3740	0.935063
3741	0.935063
3742	0.935063
3743	0.935063
3744	0.935063
3745	0.935063
3746	0.935063
3747	0.935063
3748	0.935063
3749	0.935063
3750	0.935063
3751	0.935063
3752	0.935063
3753	0.935063
3754	0.935063
3755	0.935063
3756	0.935063
3757	0.935063
3758	0.935063
3759	0.935063
3760	0.935063
3761	0.935063
3762	0.935063
3763	0.935063
3764	0.935063
3765	0.935063
3766	0.935063
3767	0.935063
3768	0.935063
3769	0.935063
3770	0.935063
3771	0.935063
3772	0.935063
3773	0.935063
3774	0.935063
3775	0.935063
3776	0.935063
3777	0.935063
3778	0.935063
3779	0.935063
3780	0.935063
3781	0.935063
3782	0.935063
3783	0.935063
3784	0.935063
3785	0.935063
3786	0.935063
3787	0.935063
3788	0.935063
3789	0.935063
3790	0.935063
3791	0.935063
3792	0.935063
3793	0.935063
3794	0.935063
3795	0.935063
3796	0.935063
3797	0.935063
3798	0.935063
3799	0.935063
3800	0.935063
3801	0.935063
3802	0.935063
3803	0.935063
3804	0.935063
3805	0.935063
3806	0.935063
3807	0.935063
3808	0.935063
3809	0.935063
3810	0.935063
3811	0.935063
3812	0.935063
3813	0.935063
3814	0.935063
3815	0.935063
3816	0.935063
3817	0.935063
3818	0.935063
3819	0.935063
3820	0.935063
3821	0.935063
3822	0.935063
3823	0.935063
3824	0.935063
3825	0.935063
3826	0.935063
3827	0.935063
3828	0.935063
3829	0.935063
3830	0.935063
3831	0.935063
3832	0.935063
3833	0.935063
3834	0.935063
3835	0.935063
3836	0.935063
3837	0.935063
3838	0.935063
3839	0.935063
3840	0.935063
3841	0.935063
3842	0.935063
3843	0.935063
3844	0.935063
3845	0.935063
3846	0.935063
3847	0.935063
3848	0.935063
3849	0.935063
3850	0.935063
3851	0.935063
3852	0.935063
3853	0.935063
3854	0.935063
3855	0.935063
3856	0.935063
3857	0.935063
3858	0.935063
3859	0.935063
3860	0.935063
3861	0.935063
3862	0.935063
3863	0.935063
3864	0.935063
3865	0.935063
3866	0.935063
3867	0.935063
3868	0.935063
3869	0.935063
3870	0.935063
3871	0.935063
3872	0.935063
3873	0.935063
3874	0.935063
3875	0.935063
3876	0.935063
3877	0.935063
3878	0.935063
3879	0.935063
3880	0.935063
3881	0.935063
3882	0.935063
3883	0.935063
3884	0.935063
3885	0.935063
3886	0.935063
3887	0.935063
3888	0.935063
3889	0.935063
3890	0.935063
3891	0.935063
3892	0.935063
3893	0.935063
3894	0.935063
3895	0.935063
3896	0.935063
3897	0.935063
3898	0.935063
3899	0.935063
3900	0.935063
3901	0.935063
3902	0.935063
3903	0.935063
3904	0.935063
3905	0.935063
3906	0.935063
3907	0.935063
3908	0.935063
3909	0.935063
3910	0.935063
3911	0.935063
3912	0.935063
3913	0.935063
3914	0.935063
3915	0.935063
3916	0.935063
3917	0.935063
3918	0.935063
3919	0.935063
3920	0.935063
3921	0.935063
3922	0.935063
3923	0.935063
3924	0.935063
3925	0.935063
3926	0.935063
3927	0.935063
3928	0.935063
3929	0.935063
3930	0.935063
3931	0.935063
3932	0.935063
3933	0.935063
3934	0.935063
3935	0.935063
3936	0.935063
3937	0.935063
3938	0.935063
3939	0.935063
3940	0.935063
3941	0.935063
3942	0.935063
3943	0.935063
3944	0.935063
3945	0.935063
3946	0.935063
3947	0.935063
3948	0.935063
3949	0.935063
3950	0.935063
3951	0.935063
3952	0.935063
3953	0.935063
3954	0.935063
3955	0.935063
3956	0.935063
3957	0.935063
3958	0.935063
3959	0.935063
3960	0.935063
3961	0.935063
3962	0.935063
3963	0.935063
3964	0.935063
3965	0.935063
3966	0.935063
3967	0.935063
3968	0.935063
3969	0.935063
3970	0.935063
3971	0.935063
3972	0.935063
3973	0.935063
3974	0.935063
3975	0.935063
3976	0.935063
3977	0.935063
3978	0.935063
3979	0.935063
3980	0.935063
3981	0.935063
3982	0.935063
3983	0.935063
3984	0.935063
3985	0.935063
3986	0.935063
3987	0.935063
3988	0.935063
3989	0.935063
3990	0.935063
3991	0.935063
3992	0.935063
3993	0.935063
3994	0.935063
3995	0.935063
3996	0.935063
3997	0.935063
3998	0.935063
3999	0.935063
4000	0.935063
4001	0.935063
4002	0.935063
4003	0.935063
4004	0.935063
4005	0.935063
4006	0.935063
4007	0.935063
4008	0.935063
4009	0.935063
4010	0.935063
4011	0.935063
4012	0.935063
4013	0.935063
4014	0.935063
4015	0.935063
4016	0.935063
4017	0.935063
4018	0.935063
4019	0.935063
4020	0.935063
4021	0.935063
4022	0.935063
4023	0.935063
4024	0.935063
4025	0.935063
4026	0.935063
4027	0.935063
4028	0.935063
4029	0.935063
4030	0.935063
4031	0.935063
4032	0.935063
4033	0.935063
4034	0.935063
4035	0.935063
4036	0.935063
4037	0.935063
4038	0.935063
4039	0.935063
4040	0.935063
4041	0.935063
4042	0.935063
4043	0.935063
4044	0.935063
4045	0.935063
4046	0.935063
4047	0.935063
4048	0.935063
4049	0.935063
4050	0.935063
4051	0.935063
4052	0.935063
4053	0.935063
4054	0.935063
4055	0.935063
4056	0.935063
4057	0.935063
4058	0.935063
4059	0.935063
4060	0.935063
4061	0.935063
4062	0.935063
4063	0.935063
4064	0.935063
4065	0.935063
4066	0.935063
4067	0.935063
4068	0.935063
4069	0.935063
4070	0.935063
4071	0.935063
4072	0.935063
4073	0.935063
4074	0.935063
4075	0.935063
4076	0.935063
4077	0.935063
4078	0.935063
4079	0.935063
4080	0.935063
4081	0.935063
4082	0.935063
4083	0.935063
4084	0.935063
4085	0.935063
4086	0.935063
4087	0.935063
4088	0.935063
4089	0.935063
4090	0.935063
4091	0.935063
4092	0.935063
4093	0.935063
4094	0.935063
4095	0.935063
4096	0.935063
4097	0.935063
4098	0.935063
4099	0.935063
4100	0.935063
4101	0.935063
4102	0.935063
4103	0.935063
4104	0.935063
4105	0.935063
4106	0.935063
4107	0.935063
4108	0.935063
4109	0.935063
4110	0.935063
4111	0.935063
4112	0.935063
4113	0.935063
4114	0.935063
4115	0.935063
4116	0.935063
4117	0.935063
4118	0.935063
4119	0.935063
4120	0.935063
4121	0.935063
4122	0.935063
4123	0.935063
4124	0.935063
4125	0.935063
4126	0.935063
4127	0.935063
4128	0.935063
4129	0.935063
4130	0.935063
4131	0.935063
4132	0.935063
4133	0.935063
4134	0.935063
4135	0.935063
4136	0.935063
4137	0.935063
4138	0.935063
4139	0.935063
4140	0.935063
4141	0.935063
4142	0.935063
4143	0.935063
4144	0.935063
4145	0.935063
4146	0.935063
4147	0.935063
4148	0.935063
4149	0.935063
4150	0.935063
4151	0.935063
4152	0.935063
4153	0.935063
4154	0.935063
4155	0.935063
4156	0.935063
4157	0.935063
4158	0.935063
4159	0.935063
4160	0.935063
4161	0.935063
4162	0.935063
4163	0.935063
4164	0.935063
4165	0.935063
4166	0.935063
4167	0.935063
4168	0.935063
4169	0.935063
4170	0.935063
4171	0.935063
4172	0.935063
4173	0.935063
4174	0.935063
4175	0.935063
4176	0.935063
4177	0.935063
4178	0.935063
4179	0.935063
4180	0.935063
4181	0.935063
4182	0.935063
4183	0.935063
4184	0.935063
4185	0.935063
4186	0.935063
4187	0.935063
4188	0.935063
4189	0.935063
4190	0.935063
4191	0.935063
4192	0.935063
4193	0.935063
4194	0.935063
4195	0.935063
4196	0.935063
4197	0.935063
4198	0.935063
4199	0.935063
4200	0.935063
4201	0.935063
4202	0.935063
4203	0.935063
4204	0.935063
4205	0.935063
4206	0.935063
4207	0.935063
4208	0.935063
4209	0.935063
4210	0.935063
4211	0.935063
4212	0.935063
4213	0.935063
4214	0.935063
4215	0.935063
4216	0.935063
4217	0.935063
4218	0.935063
4219	0.935063
4220	0.935063
4221	0.935063
4222	0.935063
4223	0.935063
4224	0.935063
4225	0.935063
4226	0.935063
4227	0.935063
4228	0.935063
4229	0.935063
4230	0.935063
4231	0.935063
4232	0.935063
4233	0.935063
4234	0.935063
4235	0.935063
4236	0.935063
4237	0.935063
4238	0.935063
4239	0.935063
4240	0.935063
4241	0.935063
4242	0.935063
4243	0.935063
4244	0.935063
4245	0.935063
4246	0.935063
4247	0.935063
4248	0.935063
4249	0.935063
4250	0.935063
4251	0.935063
4252	0.935063
4253	0.935063
4254	0.935063
4255	0.935063
4256	0.935063
4257	0.935063
4258	0.935063
4259	0.935063
4260	0.935063
4261	0.935063
4262	0.935063
4263	0.935063
4264	0.935063
4265	0.935063
4266	0.935063
4267	0.935063
4268	0.935063
4269	0.935063
4270	0.935063
4271	0.935063
4272	0.935063
4273	0.935063
4274	0.935063
4275	0.935063
4276	0.935063
4277	0.935063
4278	0.935063
4279	0.935063
4280	0.935063
4281	0.935063
4282	0.935063
4283	0.935063
4284	0.935063
4285	0.935063
4286	0.935063
4287	0.935063
4288	0.935063
4289	0.935063
4290	0.935063
4291	0.935063
4292	0.935063
4293	0.935063
4294	0.935063
4295	0.935063
4296	0.935063
4297	0.935063
4298	0.935063
4299	0.935063
4300	0.935063
4301	0.935063
4302	0.935063
4303	0.935063
4304	0.935063
4305	0.935063
4306	0.935063
4307	0.935063
4308	0.935063
4309	0.935063
4310	0.935063
4311	0.935063
4312	0.935063
4313	0.935063
4314	0.935063
4315	0.935063
4316	0.935063
4317	0.935063
4318	0.935063
4319	0.935063
4320	0.935063
4321	0.935063
4322	0.935063
4323	0.943543
4324	0.943543
4325	0.943543
4326	0.943543
4327	0.943543
4328	0.943543
4329	0.943543
4330	0.943543
4331	0.943543
4332	0.943543
4333	0.943543
4334	0.943543
4335	0.943543
4336	0.943543
4337	0.943543
4338	0.943543
4339	0.943543
4340	0.943543
4341	0.943543
4342	0.943543
4343	0.943543
4344	0.943543
4345	0.943543
4346	0.943543
4347	0.943543
4348	0.943543
4349	0.943543
4350	0.943543
4351	0.943543
4352	0.943543
4353	0.943543
4354	0.943543
4355	0.943543
4356	0.943543
4357	0.943543
4358	0.943543
4359	0.943543
4360	0.943543
4361	0.943543
4362	0.943543
4363	0.943543
4364	0.943543
4365	0.943543
4366	0.943543
4367	0.943543
4368	0.943989
4369	0.943989
4370	0.943989
4371	0.943989
4372	0.943989
4373	0.943989
4374	0.943989
4375	0.943989
4376	0.943989
4377	0.943989
4378	0.943989
4379	0.943989
4380	0.943989
4381	0.943989
4382	0.943989
4383	0.943989
4384	0.943989
4385	0.943989
4386	0.943989
4387	0.943989
4388	0.943989
4389	0.943989
4390	0.943989
4391	0.943989
4392	0.943989
4393	0.943989
4394	0.943989
4395	0.943989
4396	0.943989
4397	0.943989
4398	0.943989
4399	0.943989
4400	0.943989
4401	0.943989
4402	0.943989
4403	0.943989
4404	0.943989
4405	0.943989
4406	0.943989
4407	0.943989
4408	0.948898
4409	0.948898
4410	0.948898
4411	0.948898
4412	0.948898
4413	0.948898
4414	0.948898
4415	0.948898
4416	0.948898
4417	0.948898
4418	0.948898
4419	0.948898
4420	0.948898
4421	0.948898
4422	0.950907
4423	0.950907
4424	0.950907
4425	0.95113
4426	0.951576
4427	0.961618
4428	0.961618
4429	0.961618
4430	0.961618
4431	0.961618
4432	0.961618
4433	0.961618
4434	0.961618
4435	0.961618
4436	0.961618
4437	0.961618
4438	0.961618
4439	0.961618
4440	0.961618
4441	0.961618
4442	0.961618
4443	0.961618
4444	0.961618
4445	0.961618
4446	0.961618
4447	0.961618
4448	0.961618
4449	0.961618
4450	0.961618
4451	0.961618
4452	0.961618
4453	0.961618
4454	0.961618
4455	0.961618
4456	0.961618
4457	0.961618
4458	0.961618
4459	0.961618
4460	0.961618
4461	0.961618
4462	0.961618
4463	0.961618
4464	0.961618
4465	0.961618
4466	0.961618
4467	0.961618
4468	0.961618
4469	0.961618
4470	0.961618
4471	0.961618
4472	0.961618
4473	0.961618
4474	0.961618
4475	0.961618
4476	0.961618
4477	0.961618
4478	0.961618
4479	0.961618
4480	0.961618
4481	0.961618
4482	0.961618
4483	0.961618
4484	0.961618
4485	0.961618
4486	0.961618
4487	0.961618
4488	0.961618
4489	0.961618
4490	0.961618
4491	0.961618
4492	0.961618
4493	0.961618
4494	0.961618
4495	0.961618
4496	0.961618
4497	0.961618
4498	0.961618
4499	0.961618
4500	0.961618
4501	0.961618
4502	0.961618
4503	0.961618
4504	0.961618
4505	0.961618
4506	0.961618
4507	0.961618
4508	0.961618
4509	0.961618
4510	0.961618
4511	0.961618
4512	0.961618
4513	0.961618
4514	0.961618
4515	0.961618
4516	0.961618
4517	0.961618
4518	0.961618
4519	0.961618
4520	0.961618
4521	0.961618
4522	0.961618
4523	0.961618
4524	0.961618
4525	0.961618
4526	0.961618
4527	0.961618
4528	0.961618
4529	0.961618
4530	0.961618
4531	0.961618
4532	0.961618
4533	0.961618
4534	0.961618
4535	0.961618
4536	0.961618
4537	0.961618
4538	0.961618
4539	0.961618
4540	0.961618
4541	0.961618
4542	0.961618
4543	0.961618
4544	0.961618
4545	0.961618
4546	0.961618
4547	0.961618
4548	0.961618
4549	0.961618
4550	0.961618
4551	0.961618
4552	0.961618
4553	0.961618
4554	0.961618
4555	0.961618
4556	0.961618
4557	0.961618
4558	0.961618
4559	0.961618
4560	0.961618
4561	0.961618
4562	0.961618
4563	0.961618
4564	0.961618
4565	0.961618
4566	0.961618
4567	0.961618
4568	0.961618
4569	0.961618
4570	0.961618
4571	0.961618
4572	0.961618
4573	0.961618
4574	0.961618
4575	0.961618
4576	0.961618
4577	0.961618
4578	0.961618
4579	0.961618
4580	0.961618
4581	0.961618
4582	0.961618
4583	0.961618
4584	0.961618
4585	0.961618
4586	0.961618
4587	0.961618
4588	0.961618
4589	0.961618
4590	0.961618
4591	0.961618
4592	0.961618
4593	0.961618
4594	0.961618
4595	0.961618
4596	0.961618
4597	0.961618
4598	0.961618
4599	0.961618
4600	0.961618
4601	0.961618
4602	0.961618
4603	0.961618
4604	0.961618
4605	0.961618
4606	0.961618
4607	0.961618
4608	0.961618
4609	0.961618
4610	0.961618
4611	0.961618
4612	0.961618
4613	0.961618
4614	0.961618
4615	0.961618
4616	0.961618
4617	0.961618
4618	0.961618
4619	0.961618
4620	0.961618
4621	0.961618
4622	0.961618
4623	0.961618
4624	0.961618
4625	0.961618
4626	0.961618
4627	0.961618
4628	0.961618
4629	0.961618
4630	0.961618
4631	0.961618
4632	0.961618
4633	0.961618
4634	0.961618
4635	0.961618
4636	0.961618
4637	0.961618
4638	0.961618
4639	0.961618
4640	0.961618
4641	0.961618
4642	0.961618
4643	0.961618
4644	0.961618
4645	0.961618
4646	0.961618
4647	0.961618
4648	0.961618
4649	0.961618
4650	0.961618
4651	0.961618
4652	0.961618
4653	0.961618
4654	0.961618
4655	0.961618
4656	0.961618
4657	0.961618
4658	0.961618
4659	0.961618
4660	0.961618
4661	0.961618
4662	0.961618
4663	0.961618
4664	0.961618
4665	0.961618
4666	0.961618
4667	0.961618
4668	0.961618
4669	0.961618
4670	0.971213
4671	0.971213
4672	0.971213
4673	0.971213
4674	0.971213
4675	0.971213
4676	0.971213
4677	0.971213
4678	0.971213
4679	0.971213
4680	0.971213
4681	0.971213
4682	0.971213
4683	0.971213
4684	0.971213
4685	0.971213
4686	0.971213
4687	0.971213
4688	0.971213
4689	0.971213
4690	0.971213
4691	0.971213
4692	0.971213
4693	0.971213
4694	0.971213
4695	0.971213
4696	0.971213
4697	0.971213
4698	0.971213
4699	0.971213
4700	0.971213
4701	0.971213
4702	0.971213
4703	0.971213
4704	0.971213
4705	0.971213
4706	0.971213
4707	0.971213
4708	0.971213
4709	0.971213
4710	0.971213
4711	0.971213
4712	0.971213
4713	0.971213
4714	0.971213
4715	0.971213
4716	0.971213
4717	0.971213
4718	0.971213
4719	0.971213
4720	0.971213
4721	0.971213
4722	0.971213
4723	0.971213
4724	0.971213
4725	0.971213
4726	0.971213
4727	0.971213
4728	0.971213
4729	0.971213
4730	0.971213
4731	0.971213
4732	0.971213
4733	0.971213
4734	0.971213
4735	0.971213
4736	0.971213
4737	0.971213
4738	0.971213
4739	0.971213
4740	0.971213
4741	0.971213
4742	0.971213
4743	0.971213
4744	0.971213
4745	0.971213
4746	0.971213
4747	0.971213
4748	0.971213
4749	0.971213
4750	0.971213
4751	0.971213
4752	0.971213
4753	0.971213
4754	0.971213
4755	0.971213
4756	0.971213
4757	0.971213
4758	0.971213
4759	0.971213
4760	0.971213
4761	0.971213
4762	0.971213
4763	0.971213
4764	0.971213
4765	0.971213
4766	0.971213
4767	0.971213
4768	0.971213
4769	0.971213
4770	0.971213
4771	0.971213
4772	0.971213
4773	0.971213
4774	0.971213
4775	0.971213
4776	0.971213
4777	0.971213
4778	0.971213
4779	0.971213
4780	0.971213
4781	0.971213
4782	0.971213
4783	0.971213
4784	0.971213
4785	0.971213
4786	0.971213
4787	0.971213
4788	0.971213
4789	0.971213
4790	0.985049
4791	0.985049
4792	0.985049
4793	0.985049
4794	0.985049
4795	0.985049
4796	0.985049
4797	0.985049
4798	0.985049
4799	0.985049
4800	0.985049
4801	0.985049
4802	0.985049
4803	0.985049
4804	0.985049
4805	0.985049
4806	0.985049
4807	0.985049
4808	0.985049
4809	0.985049
4810	0.985049
4811	0.985049
4812	0.985049
4813	0.985049
4814	0.985049
4815	0.985049
4816	0.985049
4817	0.985049
4818	0.985049
4819	0.985049
4820	0.985049
4821	0.985049
4822	0.985049
4823	0.985049
4824	0.985049
4825	0.985049
4826	0.985049
4827	0.985049
4828	0.985049
4829	0.985049
4830	0.985049
4831	0.985049
4832	0.985049
4833	0.985049
4834	0.985049
4835	0.985049
4836	0.985049
4837	0.985049
4838	0.985049
4839	0.985049
4840	0.985049
4841	0.985049
4842	0.985049
4843	0.985049
4844	0.985049
4845	0.988619
4846	0.988619
4847	0.988619
4848	0.989958
4849	0.989958
4850	0.989958
4851	0.989958
4852	0.989958
4853	0.989958
4854	0.989958
4855	0.989958
4856	0.989958
4857	0.989958
4858	0.989958
4859	0.989958
4860	0.989958
4861	0.989958
4862	0.989958
4863	0.989958
4864	0.989958
4865	0.989958
4866	0.989958
4867	0.989958
4868	0.989958
4869	0.989958
4870	0.989958
4871	0.989958
4872	0.989958
4873	0.989958
4874	0.989958
4875	0.989958
4876	0.989958
4877	0.989958
4878	0.989958
4879	0.989958
4880	0.989958
4881	0.989958
4882	0.989958
4883	0.989958
4884	0.989958
4885	0.989958
4886	0.989958
4887	0.989958
4888	0.989958
4889	0.989958
4890	0.989958
4891	0.989958
4892	0.989958
4893	0.989958
4894	0.989958
4895	0.989958
4896	0.989958
4897	0.989958
4898	0.989958
4899	0.989958
4900	0.989958
4901	0.989958
4902	0.989958
4903	0.989958
4904	0.989958
4905	0.989958
4906	0.989958
4907	0.989958
4908	1
## No. organisms: 20
## Seeds        : 1502903784, 23542
## Runtime      : 0h 33m 49s.
## Started at   : Sat Sep  5 07:38:39 2020
## Ended at     : Sat Sep  5 08:12:28 2020
