1	0.625
2	0.625
3	0.625
4	0.625
5	0.625
6	0.625
7	0.625
8	0.625
9	0.625
10	0.625
11	0.75
12	0.75
13	0.75
14	0.75
15	0.75
16	0.75
17	0.75
18	0.75
19	0.75
20	0.75
21	0.75
22	0.75
23	0.75
24	0.75
25	0.75
26	0.75
27	0.75
28	0.75
29	0.875
30	0.875
31	0.875
32	0.875
33	0.875
34	0.875
35	0.875
36	0.875
37	0.875
38	0.875
39	0.875
40	0.875
41	0.875
42	0.875
43	0.875
44	1
## No. organisms: 20
## Seeds        : 1502474405, 46727
## Runtime      : 0h 0m 0s.
## Started at   : Sun Aug 30 11:22:04 2020
## Ended at     : Sun Aug 30 11:22:04 2020
