1	0.625
2	0.625
3	0.625
4	0.625
5	0.625
6	0.625
7	0.625
8	0.625
9	0.625
10	0.625
11	0.625
12	0.625
13	0.75
14	0.75
15	0.75
16	0.75
17	0.75
18	0.75
19	0.75
20	0.75
21	0.75
22	0.75
23	0.75
24	0.75
25	0.75
26	0.75
27	0.75
28	0.75
29	0.75
30	0.75
31	0.75
32	0.75
33	0.75
34	0.75
35	0.75
36	0.75
37	0.75
38	0.75
39	0.75
40	0.75
41	0.75
42	0.75
43	0.75
44	0.75
45	0.75
46	0.75
47	0.75
48	0.75
49	0.75
50	0.75
51	0.75
52	0.75
53	0.75
54	0.75
55	1
## No. organisms: 20
## Seeds        : 1502474405, 46727
## Runtime      : 0h 0m 1s.
## Started at   : Sun Aug 30 11:22:09 2020
## Ended at     : Sun Aug 30 11:22:10 2020
