1	0.5625
2	0.625
3	0.625
4	0.625
5	0.625
6	0.625
7	0.625
8	0.625
9	0.625
10	0.625
11	0.625
12	0.625
13	0.625
14	0.625
15	0.625
16	0.625
17	0.625
18	0.6875
19	0.6875
20	0.6875
21	0.6875
22	0.6875
23	0.6875
24	0.6875
25	0.6875
26	0.75
27	0.75
28	0.75
29	0.75
30	0.75
31	0.75
32	0.75
33	0.75
34	0.75
35	0.75
36	0.75
37	0.75
38	0.75
39	0.75
40	0.75
41	0.75
42	0.75
43	0.75
44	0.75
45	0.75
46	0.75
47	0.75
48	0.75
49	0.75
50	0.8125
51	0.8125
52	0.8125
53	0.8125
54	0.8125
55	0.8125
56	0.8125
57	0.8125
58	0.8125
59	0.8125
60	0.8125
61	0.8125
62	0.8125
63	0.8125
64	0.8125
65	0.8125
66	0.8125
67	0.8125
68	0.8125
69	0.8125
70	0.8125
71	0.8125
72	0.8125
73	0.8125
74	0.8125
75	0.8125
76	0.8125
77	0.8125
78	0.8125
79	0.8125
80	0.8125
81	0.8125
82	0.8125
83	0.8125
84	0.8125
85	0.8125
86	0.8125
87	0.8125
88	0.8125
89	0.8125
90	0.8125
91	0.8125
92	0.8125
93	0.8125
94	0.8125
95	0.8125
96	0.8125
97	0.8125
98	0.8125
99	0.8125
100	0.8125
101	0.8125
102	0.8125
103	0.8125
104	0.8125
105	0.8125
106	0.8125
107	0.8125
108	0.8125
109	0.8125
110	0.8125
111	0.8125
112	0.8125
113	0.8125
114	0.8125
115	0.8125
116	0.8125
117	0.8125
118	0.8125
119	0.8125
120	0.8125
121	0.8125
122	0.8125
123	0.8125
124	0.8125
125	0.8125
126	0.8125
127	0.8125
128	0.8125
129	0.8125
130	0.8125
131	0.8125
132	0.8125
133	0.8125
134	0.8125
135	0.8125
136	0.8125
137	0.8125
138	0.8125
139	0.8125
140	0.875
141	0.875
142	0.875
143	0.875
144	0.875
145	0.875
146	0.875
147	0.875
148	0.875
149	0.875
150	0.875
151	0.875
152	0.875
153	0.875
154	0.875
155	0.875
156	0.875
157	0.875
158	0.875
159	0.875
160	0.875
161	0.875
162	0.875
163	0.875
164	0.875
165	0.875
166	0.875
167	0.875
168	0.875
169	0.875
170	0.875
171	0.875
172	0.875
173	0.875
174	0.875
175	0.875
176	0.875
177	0.875
178	0.875
179	0.875
180	0.875
181	0.875
182	0.875
183	0.875
184	0.875
185	0.875
186	0.875
187	0.875
188	0.875
189	0.875
190	0.875
191	0.875
192	0.875
193	0.875
194	0.875
195	0.875
196	0.875
197	0.875
198	0.875
199	0.875
200	0.875
201	0.875
202	0.875
203	0.875
204	0.875
205	0.875
206	0.875
207	0.875
208	0.875
209	0.875
210	0.875
211	0.875
212	0.875
213	0.875
214	0.875
215	0.875
216	0.875
217	0.875
218	0.875
219	0.875
220	0.875
221	0.875
222	0.875
223	0.875
224	0.875
225	0.875
226	0.875
227	0.875
228	0.875
229	0.875
230	0.875
231	0.875
232	0.875
233	0.875
234	0.875
235	0.875
236	0.875
237	0.875
238	0.875
239	0.875
240	0.875
241	0.875
242	0.875
243	0.875
244	0.875
245	0.875
246	0.875
247	0.875
248	0.875
249	0.875
250	0.875
251	0.875
252	0.875
253	0.875
254	0.875
255	0.875
256	0.875
257	0.875
258	0.875
259	0.875
260	0.875
261	0.875
262	0.875
263	0.875
264	0.875
265	0.875
266	0.875
267	0.875
268	0.875
269	0.875
270	0.875
271	0.875
272	0.875
273	0.875
274	0.875
275	0.875
276	0.875
277	0.875
278	0.875
279	0.875
280	0.875
281	0.875
282	0.875
283	0.875
284	0.875
285	0.875
286	0.875
287	0.875
288	0.875
289	0.875
290	0.875
291	0.875
292	0.875
293	0.875
294	0.875
295	0.875
296	0.875
297	0.875
298	0.875
299	0.875
300	0.875
301	0.875
302	0.875
303	0.875
304	0.875
305	0.875
306	0.875
307	0.875
308	0.875
309	0.875
310	0.875
311	0.875
312	0.875
313	0.875
314	0.875
315	0.875
316	0.875
317	0.875
318	0.875
319	0.875
320	0.875
321	0.875
322	0.875
323	0.875
324	0.875
325	0.875
326	0.875
327	0.875
328	0.875
329	0.875
330	0.875
331	0.875
332	0.875
333	0.875
334	0.875
335	0.875
336	0.875
337	0.875
338	0.875
339	0.875
340	0.875
341	0.875
342	0.875
343	0.875
344	0.875
345	0.875
346	0.875
347	0.875
348	0.875
349	0.875
350	0.875
351	0.875
352	0.875
353	0.875
354	0.875
355	0.875
356	0.875
357	0.875
358	0.875
359	0.875
360	0.875
361	0.875
362	0.875
363	0.875
364	0.875
365	0.875
366	0.875
367	0.875
368	0.875
369	0.875
370	0.875
371	0.875
372	0.875
373	0.875
374	0.875
375	0.875
376	0.875
377	0.875
378	0.875
379	0.875
380	0.875
381	0.875
382	0.875
383	0.875
384	0.875
385	0.875
386	0.875
387	0.875
388	0.875
389	0.875
390	0.875
391	0.875
392	0.875
393	0.875
394	0.875
395	0.875
396	0.875
397	0.875
398	0.875
399	0.875
400	0.875
401	0.875
402	0.875
403	0.875
404	0.875
405	0.875
406	0.875
407	0.875
408	0.875
409	0.875
410	0.875
411	0.875
412	0.875
413	0.875
414	0.875
415	0.875
416	0.875
417	0.875
418	0.875
419	0.875
420	0.875
421	0.875
422	0.875
423	0.875
424	0.875
425	0.875
426	0.875
427	0.875
428	0.875
429	0.875
430	0.875
431	0.875
432	0.875
433	0.875
434	0.875
435	0.875
436	0.875
437	0.875
438	0.875
439	0.875
440	0.875
441	0.875
442	0.875
443	0.9375
444	0.9375
445	0.9375
446	0.9375
447	0.9375
448	0.9375
449	0.9375
450	0.9375
451	0.9375
452	0.9375
453	0.9375
454	0.9375
455	0.9375
456	0.9375
457	0.9375
458	0.9375
459	0.9375
460	0.9375
461	0.9375
462	0.9375
463	0.9375
464	0.9375
465	0.9375
466	0.9375
467	0.9375
468	0.9375
469	0.9375
470	0.9375
471	0.9375
472	0.9375
473	0.9375
474	0.9375
475	0.9375
476	0.9375
477	0.9375
478	1
## No. organisms: 20
## Seeds        : 1502474405, 46727
## Runtime      : 0h 0m 4s.
## Started at   : Sun Aug 30 11:21:55 2020
## Ended at     : Sun Aug 30 11:21:59 2020
