1	0.4375	0.4375	1	60	4
2	0.4375	0.4375	1	60	3
3	0.4375	0.4375	1	60	3
4	0.4375	0.4375	1	60	3
5	0.4375	0.4375	1	60	1
6	0.4375	0.4375	1	60	2
7	0.4375	0.4375	1	60	1
8	0.4375	0.4375	1	60	2
9	0.4375	0.4375	1	60	3
10	0.4375	0.4375	1	60	3
11	0.5	0.5	1	60	1
12	0.5	0.5	1	60	5
13	0.5	0.5	1	60	2
14	0.5	0.5	1	60	1
15	0.5	0.5	1	60	2
16	0.5	0.5	1	60	5
17	0.5	0.5	1	60	1
18	0.5	0.5	1	60	3
19	0.5	0.5	1	60	4
20	0.5	0.5	1	60	4
21	0.5625	0.5625	1	60	3
22	0.5	0.5625	1	60	4
23	0.5625	0.5625	1	60	1
24	0.5625	0.5625	1	60	2
25	0.5625	0.5625	1	60	2
26	0.5625	0.5625	1	60	1
27	0.5625	0.5625	1	60	2
28	0.5	0.5625	1	60	3
29	0.5	0.5625	1	60	6
30	0.5625	0.5625	1	60	6
31	0.625	0.625	1	60	4
32	0.625	0.625	1	60	2
33	0.625	0.625	1	60	3
34	0.625	0.625	1	60	2
35	0.6875	0.6875	1	60	3
36	0.6875	0.6875	1	60	1
37	0.6875	0.6875	1	60	1
38	0.6875	0.6875	1	60	2
39	0.6875	0.6875	1	60	2
40	0.6875	0.6875	1	60	2
41	0.6875	0.6875	1	60	4
42	0.6875	0.6875	1	60	1
43	0.6875	0.6875	1	60	3
44	0.6875	0.6875	1	60	2
45	0.6875	0.6875	1	60	1
46	0.5	0.6875	1	60	3
47	0.6875	0.6875	1	60	2
48	0.625	0.6875	1	60	1
49	0.6875	0.6875	1	60	1
50	0.6875	0.6875	1	60	1
51	0.5625	0.6875	1	60	4
52	0.6875	0.6875	1	60	4
53	0.6875	0.6875	1	60	1
54	0.6875	0.6875	1	60	1
55	0.6875	0.6875	1	60	4
56	0.6875	0.6875	1	60	2
57	0.6875	0.6875	1	60	1
58	0.625	0.6875	1	60	4
59	0.5625	0.6875	1	60	2
60	0.6875	0.6875	1	60	2
61	0.6875	0.6875	1	60	1
62	0.6875	0.6875	1	60	3
63	0.6875	0.6875	1	60	2
64	0.6875	0.6875	1	60	1
65	0.6875	0.6875	1	60	2
66	0.6875	0.6875	1	60	2
67	0.6875	0.6875	1	60	2
68	0.625	0.6875	1	60	3
69	0.6875	0.6875	1	60	1
70	0.6875	0.6875	1	60	2
71	0.6875	0.6875	1	60	1
72	0.6875	0.6875	1	60	3
73	0.6875	0.6875	1	60	3
74	0.5	0.6875	1	60	2
75	0.625	0.6875	1	60	2
76	0.6875	0.6875	1	60	1
77	0.6875	0.6875	1	60	1
78	0.5	0.6875	1	60	1
79	0.6875	0.6875	1	60	2
80	0.6875	0.6875	1	60	1
81	0.6875	0.6875	1	60	3
82	0.6875	0.6875	1	60	4
83	0.6875	0.6875	1	60	2
84	0.6875	0.6875	1	60	3
85	0.625	0.6875	1	60	1
86	0.6875	0.6875	1	60	1
87	0.625	0.6875	1	60	4
88	0.625	0.6875	1	60	2
89	0.6875	0.6875	1	60	3
90	0.6875	0.6875	1	60	3
91	0.6875	0.6875	1	60	3
92	0.5	0.6875	1	60	2
93	0.625	0.6875	1	60	2
94	0.6875	0.6875	1	60	3
95	0.6875	0.6875	1	60	4
96	0.6875	0.6875	1	60	2
97	0.625	0.6875	1	60	3
98	0.6875	0.6875	1	60	1
99	0.6875	0.6875	1	60	1
100	0.6875	0.6875	1	60	3
101	0.6875	0.6875	1	60	2
102	0.6875	0.6875	1	60	1
103	0.6875	0.6875	1	60	1
104	0.6875	0.6875	1	60	3
105	0.6875	0.6875	1	60	3
106	0.6875	0.6875	1	60	1
107	0.6875	0.6875	1	60	4
108	0.6875	0.6875	1	60	1
109	0.6875	0.6875	1	60	1
110	0.625	0.6875	1	60	2
111	0.6875	0.6875	1	60	2
112	0.6875	0.6875	1	60	1
113	0.6875	0.6875	1	60	1
114	0.6875	0.6875	1	60	4
115	0.6875	0.6875	1	60	2
116	0.625	0.6875	1	60	2
117	0.5	0.6875	1	60	2
118	0.5625	0.6875	1	60	5
119	0.6875	0.6875	1	60	1
120	0.6875	0.6875	1	60	1
121	0.6875	0.6875	1	60	4
122	0.5	0.6875	1	60	3
123	0.5	0.6875	1	60	3
124	0.6875	0.6875	1	60	2
125	0.6875	0.6875	1	60	2
126	0.6875	0.6875	1	60	3
127	0.6875	0.6875	1	60	2
128	0.5625	0.6875	1	60	2
129	0.5625	0.6875	1	60	5
130	0.5	0.6875	1	60	2
131	0.5625	0.6875	1	60	1
132	0.6875	0.6875	1	60	1
133	0.6875	0.6875	1	60	1
134	0.6875	0.6875	1	60	5
135	0.6875	0.6875	1	60	2
136	0.6875	0.6875	1	60	2
137	0.6875	0.6875	1	60	2
138	0.6875	0.6875	1	60	1
139	0.625	0.6875	1	60	4
140	0.6875	0.6875	1	60	2
141	0.6875	0.6875	1	60	2
142	0.6875	0.6875	1	60	5
143	0.6875	0.6875	1	60	3
144	0.6875	0.6875	1	60	2
145	0.625	0.6875	1	60	2
146	0.6875	0.6875	1	60	2
147	0.5625	0.6875	1	60	5
148	0.5	0.6875	1	60	3
149	0.6875	0.6875	1	60	2
150	0.6875	0.6875	1	60	1
151	0.6875	0.6875	1	60	1
152	0.6875	0.6875	1	60	1
153	0.5	0.6875	1	60	2
154	0.6875	0.6875	1	60	3
155	0.6875	0.6875	1	60	2
156	0.6875	0.6875	1	60	3
157	0.6875	0.6875	1	60	1
158	0.6875	0.6875	1	60	1
159	0.6875	0.6875	1	60	5
160	0.6875	0.6875	1	60	1
161	0.6875	0.6875	1	60	2
162	0.6875	0.6875	1	60	3
163	0.6875	0.6875	1	60	1
164	0.5	0.6875	1	60	2
165	0.6875	0.6875	1	60	2
166	0.6875	0.6875	1	60	2
167	0.6875	0.6875	1	60	2
168	0.5	0.6875	1	60	2
169	0.6875	0.6875	1	60	1
170	0.5	0.6875	1	60	4
171	0.6875	0.6875	1	60	1
172	0.6875	0.6875	1	60	1
173	0.6875	0.6875	1	60	2
174	0.625	0.6875	1	60	1
175	0.6875	0.6875	1	60	1
176	0.625	0.6875	1	60	4
177	0.6875	0.6875	1	60	1
178	0.6875	0.6875	1	60	2
179	0.6875	0.6875	1	60	4
180	0.6875	0.6875	1	60	1
181	0.6875	0.6875	1	60	1
182	0.6875	0.6875	1	60	2
183	0.6875	0.6875	1	60	2
184	0.6875	0.6875	1	60	4
185	0.6875	0.6875	1	60	1
186	0.6875	0.6875	1	60	2
187	0.5	0.6875	1	60	3
188	0.5625	0.6875	1	60	2
189	0.6875	0.6875	1	60	1
190	0.6875	0.6875	1	60	1
191	0.625	0.6875	1	60	2
192	0.625	0.6875	1	60	4
193	0.6875	0.6875	1	60	1
194	0.6875	0.6875	1	60	3
195	0.6875	0.6875	1	60	2
196	0.6875	0.6875	1	60	2
197	0.6875	0.6875	1	60	1
198	0.625	0.6875	1	60	4
199	0.5	0.6875	1	60	6
200	0.625	0.6875	1	60	2
201	0.6875	0.6875	1	60	2
202	0.6875	0.6875	1	60	2
203	0.5	0.6875	1	60	3
204	0.5625	0.6875	1	60	2
205	0.625	0.6875	1	60	1
206	0.6875	0.6875	1	60	2
207	0.6875	0.6875	1	60	1
208	0.6875	0.6875	1	60	1
209	0.5	0.6875	1	60	5
210	0.625	0.6875	1	60	3
211	0.6875	0.6875	1	60	4
212	0.6875	0.6875	1	60	1
213	0.6875	0.6875	1	60	3
214	0.6875	0.6875	1	60	1
215	0.5	0.6875	1	60	2
216	0.6875	0.6875	1	60	1
217	0.6875	0.6875	1	60	2
218	0.6875	0.6875	1	60	2
219	0.5	0.6875	1	60	3
220	0.6875	0.6875	1	60	2
221	0.6875	0.6875	1	60	2
222	0.6875	0.6875	1	60	1
223	0.6875	0.6875	1	60	2
224	0.6875	0.6875	1	60	4
225	0.6875	0.6875	1	60	1
226	0.6875	0.6875	1	60	1
227	0.6875	0.6875	1	60	1
228	0.6875	0.6875	1	60	2
229	0.625	0.6875	1	60	2
230	0.6875	0.6875	1	60	2
231	0.6875	0.6875	1	60	1
232	0.6875	0.6875	1	60	1
233	0.6875	0.6875	1	60	1
234	0.6875	0.6875	1	60	2
235	0.5	0.6875	1	60	4
236	0.6875	0.6875	1	60	2
237	0.625	0.6875	1	60	3
238	0.625	0.6875	1	60	1
239	0.6875	0.6875	1	60	2
240	0.6875	0.6875	1	60	3
241	0.6875	0.6875	1	60	1
242	0.6875	0.6875	1	60	2
243	0.6875	0.6875	1	60	3
244	0.6875	0.6875	1	60	2
245	0.6875	0.6875	1	60	2
246	0.625	0.6875	1	60	3
247	0.6875	0.6875	1	60	1
248	0.6875	0.6875	1	60	3
249	0.5625	0.6875	1	60	2
250	0.6875	0.6875	1	60	2
251	0.5	0.6875	1	60	1
252	0.6875	0.6875	1	60	5
253	0.6875	0.6875	1	60	1
254	0.5625	0.6875	1	60	3
255	0.6875	0.6875	1	60	2
256	0.6875	0.6875	1	60	2
257	0.6875	0.6875	1	60	2
258	0.6875	0.6875	1	60	3
259	0.5	0.6875	1	60	4
260	0.6875	0.6875	1	60	1
261	0.6875	0.6875	1	60	3
262	0.6875	0.6875	1	60	2
263	0.6875	0.6875	1	60	3
264	0.6875	0.6875	1	60	1
265	0.6875	0.6875	1	60	1
266	0.6875	0.6875	1	60	1
267	0.6875	0.6875	1	60	3
268	0.4375	0.6875	1	60	2
269	0.6875	0.6875	1	60	2
270	0.6875	0.6875	1	60	2
271	0.6875	0.6875	1	60	1
272	0.6875	0.6875	1	60	1
273	0.6875	0.6875	1	60	3
274	0.6875	0.6875	1	60	1
275	0.625	0.6875	1	60	3
276	0.5	0.6875	1	60	1
277	0.5	0.6875	1	60	1
278	0.5	0.6875	1	60	5
279	0.6875	0.6875	1	60	3
280	0.6875	0.6875	1	60	2
281	0.6875	0.6875	1	60	3
282	0.6875	0.6875	1	60	1
283	0.6875	0.6875	1	60	2
284	0.6875	0.6875	1	60	1
285	0.6875	0.6875	1	60	2
286	0.6875	0.6875	1	60	1
287	0.6875	0.6875	1	60	3
288	0.6875	0.6875	1	60	3
289	0.5	0.6875	1	60	5
290	0.6875	0.6875	1	60	2
291	0.6875	0.6875	1	60	1
292	0.6875	0.6875	1	60	1
293	0.6875	0.6875	1	60	3
294	0.6875	0.6875	1	60	2
295	0.6875	0.6875	1	60	3
296	0.6875	0.6875	1	60	2
297	0.6875	0.6875	1	60	1
298	0.6875	0.6875	1	60	4
299	0.625	0.6875	1	60	6
300	0.6875	0.6875	1	60	2
301	0.6875	0.6875	1	60	3
302	0.625	0.6875	1	60	3
303	0.625	0.6875	1	60	1
304	0.5625	0.6875	1	60	3
305	0.6875	0.6875	1	60	2
306	0.6875	0.6875	1	60	4
307	0.6875	0.6875	1	60	3
308	0.625	0.6875	1	60	6
309	0.6875	0.6875	1	60	1
310	0.625	0.6875	1	60	3
311	0.6875	0.6875	1	60	1
312	0.5625	0.6875	1	60	1
313	0.6875	0.6875	1	60	1
314	0.625	0.6875	1	60	3
315	0.5	0.6875	1	60	4
316	0.6875	0.6875	1	60	2
317	0.6875	0.6875	1	60	3
318	0.6875	0.6875	1	60	4
319	0.6875	0.6875	1	60	1
320	0.5625	0.6875	1	60	3
321	0.6875	0.6875	1	60	2
322	0.6875	0.6875	1	60	2
323	0.5625	0.6875	1	60	5
324	0.6875	0.6875	1	60	6
325	0.6875	0.6875	1	60	2
326	0.6875	0.6875	1	60	1
327	0.6875	0.6875	1	60	2
328	0.6875	0.6875	1	60	2
329	0.6875	0.6875	1	60	2
330	0.6875	0.6875	1	60	2
331	0.6875	0.6875	1	60	2
332	0.5625	0.6875	1	60	1
333	0.6875	0.6875	1	60	1
334	0.6875	0.6875	1	60	1
335	0.5	0.6875	1	60	4
336	0.6875	0.6875	1	60	2
337	0.625	0.6875	1	60	3
338	0.5625	0.6875	1	60	5
339	0.625	0.6875	1	60	2
340	0.6875	0.6875	1	60	2
341	0.6875	0.6875	1	60	1
342	0.5	0.6875	1	60	2
343	0.5	0.6875	1	60	3
344	0.625	0.6875	1	60	5
345	0.6875	0.6875	1	60	1
346	0.6875	0.6875	1	60	3
347	0.6875	0.6875	1	60	5
348	0.625	0.6875	1	60	4
349	0.6875	0.6875	1	60	1
350	0.625	0.6875	1	60	2
351	0.6875	0.6875	1	60	2
352	0.6875	0.6875	1	60	2
353	0.6875	0.6875	1	60	2
354	0.6875	0.6875	1	60	3
355	0.6875	0.6875	1	60	1
356	0.6875	0.6875	1	60	3
357	0.5625	0.6875	1	60	5
358	0.6875	0.6875	1	60	1
359	0.75	0.75	1	60	2
360	0.75	0.75	1	60	2
361	0.75	0.75	1	60	1
362	0.75	0.75	1	60	1
363	0.75	0.75	1	60	4
364	0.75	0.75	1	60	2
365	0.75	0.75	1	60	2
366	0.75	0.75	1	60	3
367	0.75	0.75	1	60	1
368	0.75	0.75	1	60	4
369	0.75	0.75	1	60	1
370	0.5	0.75	1	60	3
371	0.5	0.75	1	60	2
372	0.75	0.75	1	60	3
373	0.75	0.75	1	60	3
374	0.75	0.75	1	60	1
375	0.75	0.75	1	60	2
376	0.6875	0.75	1	60	3
377	0.75	0.75	1	60	2
378	0.75	0.75	1	60	3
379	0.75	0.75	1	60	5
380	0.75	0.75	1	60	3
381	0.5	0.75	1	60	3
382	0.75	0.75	1	60	1
383	0.75	0.75	1	60	1
384	0.75	0.75	1	60	2
385	0.5	0.75	1	60	3
386	0.625	0.75	1	60	3
387	0.75	0.75	1	60	3
388	0.75	0.75	1	60	2
389	0.75	0.75	1	60	2
390	0.75	0.75	1	60	3
391	0.625	0.75	1	60	3
392	0.75	0.75	1	60	1
393	0.75	0.75	1	60	1
394	0.75	0.75	1	60	1
395	0.4375	0.75	1	60	1
396	0.75	0.75	1	60	2
397	0.75	0.75	1	60	1
398	0.75	0.75	1	60	1
399	0.6875	0.75	1	60	5
400	0.5	0.75	1	60	3
401	0.75	0.75	1	60	3
402	0.75	0.75	1	60	1
403	0.75	0.75	1	60	2
404	0.75	0.75	1	60	1
405	0.6875	0.75	1	60	5
406	0.75	0.75	1	60	1
407	0.75	0.75	1	60	4
408	0.75	0.75	1	60	3
409	0.75	0.75	1	60	1
410	0.75	0.75	1	60	1
411	0.75	0.75	1	60	2
412	0.625	0.75	1	60	1
413	0.75	0.75	1	60	2
414	0.75	0.75	1	60	1
415	0.75	0.75	1	60	1
416	0.75	0.75	1	60	2
417	0.75	0.75	1	60	1
418	0.75	0.75	1	60	4
419	0.5625	0.75	1	60	3
420	0.5	0.75	1	60	1
421	0.75	0.75	1	60	3
422	0.625	0.75	1	60	2
423	0.625	0.75	1	60	1
424	0.75	0.75	1	60	2
425	0.75	0.75	1	60	1
426	0.75	0.75	1	60	3
427	0.75	0.75	1	60	2
428	0.75	0.75	1	60	1
429	0.75	0.75	1	60	2
430	0.75	0.75	1	60	3
431	0.75	0.75	1	60	2
432	0.75	0.75	1	60	2
433	0.75	0.75	1	60	2
434	0.6875	0.75	1	60	3
435	0.75	0.75	1	60	1
436	0.75	0.75	1	60	4
437	0.75	0.75	1	60	3
438	0.75	0.75	1	60	1
439	0.75	0.75	1	60	1
440	0.75	0.75	1	60	4
441	0.75	0.75	1	60	1
442	0.75	0.75	1	60	2
443	0.75	0.75	1	60	1
444	0.75	0.75	1	60	4
445	0.75	0.75	1	60	2
446	0.625	0.75	1	60	2
447	0.5	0.75	1	60	3
448	0.75	0.75	1	60	3
449	0.75	0.75	1	60	3
450	0.75	0.75	1	60	3
451	0.75	0.75	1	60	4
452	0.625	0.75	1	60	3
453	0.75	0.75	1	60	2
454	0.75	0.75	1	60	4
455	0.5	0.75	1	60	1
456	0.75	0.75	1	60	1
457	0.75	0.75	1	60	2
458	0.75	0.75	1	60	1
459	0.75	0.75	1	60	2
460	0.5	0.75	1	60	3
461	0.75	0.75	1	60	2
462	0.5	0.75	1	60	6
463	0.5625	0.75	1	60	1
464	0.75	0.75	1	60	2
465	0.75	0.75	1	60	2
466	0.625	0.75	1	60	2
467	0.75	0.75	1	60	3
468	0.625	0.75	1	60	4
469	0.75	0.75	1	60	3
470	0.75	0.75	1	60	1
471	0.75	0.75	1	60	1
472	0.75	0.75	1	60	5
473	0.75	0.75	1	60	4
474	0.75	0.75	1	60	2
475	0.6875	0.75	1	60	2
476	0.75	0.75	1	60	1
477	0.6875	0.75	1	60	1
478	0.6875	0.75	1	60	5
479	0.6875	0.75	1	60	4
480	0.75	0.75	1	60	1
481	0.75	0.75	1	60	1
482	0.75	0.75	1	60	1
483	0.75	0.75	1	60	1
484	0.75	0.75	1	60	1
485	0.75	0.75	1	60	3
486	0.75	0.75	1	60	1
487	0.75	0.75	1	60	4
488	0.75	0.75	1	60	5
489	0.75	0.75	1	60	1
490	0.6875	0.75	1	60	3
491	0.625	0.75	1	60	2
492	0.75	0.75	1	60	1
493	0.75	0.75	1	60	2
494	0.75	0.75	1	60	1
495	0.625	0.75	1	60	5
496	0.75	0.75	1	60	2
497	0.6875	0.75	1	60	3
498	0.625	0.75	1	60	3
499	0.75	0.75	1	60	4
500	0.75	0.75	1	60	1
501	0.75	0.75	1	60	3
502	0.75	0.75	1	60	2
503	0.75	0.75	1	60	3
504	0.75	0.75	1	60	1
505	0.75	0.75	1	60	1
506	0.75	0.75	1	60	1
507	0.75	0.75	1	60	1
508	0.75	0.75	1	60	1
509	0.75	0.75	1	60	2
510	0.75	0.75	1	60	2
511	0.5	0.75	1	60	5
512	0.75	0.75	1	60	1
513	0.75	0.75	1	60	3
514	0.75	0.75	1	60	1
515	0.75	0.75	1	60	2
516	0.75	0.75	1	60	2
517	0.75	0.75	1	60	1
518	0.75	0.75	1	60	2
519	0.75	0.75	1	60	2
520	0.8125	0.8125	1	60	1
521	0.8125	0.8125	1	60	1
522	0.5	0.8125	1	60	2
523	0.8125	0.8125	1	60	1
524	0.8125	0.8125	1	60	2
525	0.75	0.8125	1	60	1
526	0.8125	0.8125	1	60	1
527	0.875	0.875	1	60	5
528	0.75	0.875	1	60	4
529	0.875	0.875	1	60	2
530	0.6875	0.875	1	60	2
531	0.5	0.875	1	60	4
532	0.875	0.875	1	60	3
533	0.5	0.875	1	60	3
534	0.875	0.875	1	60	4
535	0.875	0.875	1	60	4
536	0.8125	0.875	1	60	2
537	0.4375	0.875	1	60	1
538	0.875	0.875	1	60	3
539	0.5	0.875	1	60	3
540	0.875	0.875	1	60	1
541	0.875	0.875	1	60	1
542	0.875	0.875	1	60	2
543	0.875	0.875	1	60	3
544	0.875	0.875	1	60	1
545	0.875	0.875	1	60	1
546	0.875	0.875	1	60	1
547	0.875	0.875	1	60	2
548	0.875	0.875	1	60	1
549	0.75	0.875	1	60	2
550	0.875	0.875	1	60	2
551	0.5	0.875	1	60	3
552	0.875	0.875	1	60	2
553	0.875	0.875	1	60	1
554	0.6875	0.875	1	60	4
555	0.875	0.875	1	60	1
556	0.875	0.875	1	60	2
557	0.875	0.875	1	60	2
558	0.875	0.875	1	60	2
559	0.8125	0.875	1	60	5
560	0.625	0.875	1	60	3
561	0.75	0.875	1	60	3
562	0.5	0.875	1	60	4
563	0.875	0.875	1	60	1
564	0.875	0.875	1	60	1
565	0.875	0.875	1	60	1
566	0.875	0.875	1	60	1
567	0.875	0.875	1	60	3
568	0.875	0.875	1	60	3
569	0.875	0.875	1	60	2
570	0.875	0.875	1	60	1
571	0.875	0.875	1	60	1
572	0.5	0.875	1	60	3
573	0.875	0.875	1	60	5
574	0.875	0.875	1	60	5
575	0.5	0.875	1	60	2
576	0.875	0.875	1	60	1
577	0.875	0.875	1	60	1
578	0.875	0.875	1	60	2
579	0.875	0.875	1	60	3
580	0.75	0.875	1	60	2
581	0.875	0.875	1	60	2
582	0.875	0.875	1	60	1
583	0.875	0.875	1	60	1
584	0.6875	0.875	1	60	1
585	0.875	0.875	1	60	2
586	0.5	0.875	1	60	3
587	0.75	0.875	1	60	2
588	0.875	0.875	1	60	1
589	0.875	0.875	1	60	2
590	0.6875	0.875	1	60	1
591	0.875	0.875	1	60	4
592	0.875	0.875	1	60	4
593	0.875	0.875	1	60	1
594	0.875	0.875	1	60	1
595	0.6875	0.875	1	60	4
596	0.75	0.875	1	60	1
597	0.875	0.875	1	60	3
598	0.875	0.875	1	60	2
599	0.875	0.875	1	60	3
600	0.875	0.875	1	60	1
601	0.75	0.875	1	60	1
602	0.875	0.875	1	60	2
603	0.5	0.875	1	60	1
604	0.875	0.875	1	60	2
605	0.875	0.875	1	60	5
606	0.875	0.875	1	60	1
607	0.625	0.875	1	60	2
608	0.875	0.875	1	60	5
609	0.875	0.875	1	60	1
610	0.875	0.875	1	60	2
611	0.875	0.875	1	60	2
612	0.875	0.875	1	60	2
613	0.875	0.875	1	60	4
614	0.875	0.875	1	60	5
615	0.5	0.875	1	60	3
616	0.875	0.875	1	60	1
617	0.875	0.875	1	60	2
618	0.875	0.875	1	60	2
619	0.875	0.875	1	60	2
620	0.875	0.875	1	60	3
621	0.875	0.875	1	60	2
622	0.875	0.875	1	60	2
623	0.875	0.875	1	60	2
624	0.5	0.875	1	60	2
625	0.875	0.875	1	60	2
626	0.875	0.875	1	60	3
627	0.5	0.875	1	60	2
628	0.5	0.875	1	60	3
629	0.875	0.875	1	60	3
630	0.75	0.875	1	60	3
631	0.875	0.875	1	60	2
632	0.875	0.875	1	60	2
633	0.875	0.875	1	60	2
634	0.875	0.875	1	60	2
635	0.875	0.875	1	60	1
636	0.875	0.875	1	60	1
637	0.875	0.875	1	60	2
638	0.875	0.875	1	60	2
639	0.875	0.875	1	60	1
640	0.75	0.875	1	60	4
641	0.875	0.875	1	60	2
642	0.625	0.875	1	60	3
643	0.75	0.875	1	60	5
644	0.75	0.875	1	60	3
645	0.875	0.875	1	60	3
646	0.5	0.875	1	60	3
647	0.75	0.875	1	60	1
648	0.625	0.875	1	60	3
649	0.875	0.875	1	60	2
650	0.875	0.875	1	60	3
651	0.875	0.875	1	60	2
652	0.875	0.875	1	60	1
653	0.875	0.875	1	60	2
654	0.5	0.875	1	60	3
655	0.875	0.875	1	60	1
656	0.875	0.875	1	60	1
657	0.875	0.875	1	60	2
658	0.875	0.875	1	60	1
659	0.875	0.875	1	60	2
660	0.875	0.875	1	60	3
661	0.875	0.875	1	60	2
662	0.875	0.875	1	60	1
663	0.5	0.875	1	60	3
664	0.875	0.875	1	60	3
665	0.875	0.875	1	60	1
666	0.875	0.875	1	60	1
667	0.625	0.875	1	60	4
668	0.875	0.875	1	60	3
669	0.875	0.875	1	60	1
670	0.8125	0.875	1	60	3
671	0.875	0.875	1	60	1
672	0.875	0.875	1	60	3
673	0.875	0.875	1	60	1
674	0.875	0.875	1	60	2
675	0.625	0.875	1	60	1
676	0.875	0.875	1	60	2
677	0.875	0.875	1	60	1
678	0.875	0.875	1	60	4
679	0.625	0.875	1	60	1
680	0.875	0.875	1	60	3
681	0.875	0.875	1	60	1
682	0.875	0.875	1	60	3
683	0.875	0.875	1	60	1
684	0.75	0.875	1	60	2
685	0.875	0.875	1	60	6
686	0.875	0.875	1	60	1
687	0.875	0.875	1	60	1
688	0.875	0.875	1	60	1
689	0.875	0.875	1	60	1
690	0.75	0.875	1	60	2
691	0.875	0.875	1	60	3
692	0.875	0.875	1	60	4
693	0.875	0.875	1	60	2
694	0.875	0.875	1	60	1
695	0.75	0.875	1	60	2
696	0.75	0.875	1	60	2
697	0.875	0.875	1	60	3
698	0.875	0.875	1	60	2
699	0.875	0.875	1	60	1
700	0.875	0.875	1	60	3
701	0.875	0.875	1	60	3
702	0.875	0.875	1	60	3
703	0.875	0.875	1	60	1
704	0.875	0.875	1	60	2
705	0.875	0.875	1	60	1
706	0.875	0.875	1	60	1
707	0.875	0.875	1	60	1
708	0.875	0.875	1	60	2
709	0.75	0.875	1	60	4
710	0.875	0.875	1	60	4
711	0.5	0.875	1	60	1
712	0.875	0.875	1	60	2
713	0.75	0.875	1	60	1
714	0.875	0.875	1	60	2
715	0.625	0.875	1	60	4
716	0.5	0.875	1	60	1
717	0.8125	0.875	1	60	2
718	0.75	0.875	1	60	5
719	0.875	0.875	1	60	1
720	0.875	0.875	1	60	2
721	0.875	0.875	1	60	2
722	0.875	0.875	1	60	1
723	0.875	0.875	1	60	2
724	0.875	0.875	1	60	1
725	0.875	0.875	1	60	3
726	0.875	0.875	1	60	3
727	0.875	0.875	1	60	4
728	0.875	0.875	1	60	3
729	0.875	0.875	1	60	6
730	0.875	0.875	1	60	3
731	0.875	0.875	1	60	1
732	0.875	0.875	1	60	1
733	0.875	0.875	1	60	2
734	0.875	0.875	1	60	2
735	0.875	0.875	1	60	1
736	0.875	0.875	1	60	1
737	0.875	0.875	1	60	2
738	0.875	0.875	1	60	1
739	0.875	0.875	1	60	3
740	0.875	0.875	1	60	2
741	0.875	0.875	1	60	1
742	0.75	0.875	1	60	3
743	0.875	0.875	1	60	3
744	0.5	0.875	1	60	2
745	0.875	0.875	1	60	2
746	0.875	0.875	1	60	4
747	0.875	0.875	1	60	2
748	0.875	0.875	1	60	3
749	0.875	0.875	1	60	4
750	0.875	0.875	1	60	3
751	0.875	0.875	1	60	1
752	0.875	0.875	1	60	1
753	0.875	0.875	1	60	1
754	0.75	0.875	1	60	2
755	0.875	0.875	1	60	3
756	0.5	0.875	1	60	3
757	0.875	0.875	1	60	2
758	0.875	0.875	1	60	3
759	0.6875	0.875	1	60	2
760	0.75	0.875	1	60	3
761	0.875	0.875	1	60	3
762	1	1	1	60	2
## Seeds    : 1502474405, 46727
## Runtime  : 0h 0m 0s.
## Begins at: Sun Aug 30 11:20:05 2020
## Ends   at: Sun Aug 30 11:20:05 2020
