1	0.5
2	0.5
3	0.5
4	0.5
5	0.515625
6	0.53125
7	0.53125
8	0.546875
9	0.546875
10	0.5625
11	0.5625
12	0.5625
13	0.5625
14	0.5625
15	0.5625
16	0.5625
17	0.5625
18	0.5625
19	0.5625
20	0.5625
21	0.59375
22	0.59375
23	0.59375
24	0.59375
25	0.59375
26	0.59375
27	0.59375
28	0.625
29	0.625
30	0.625
31	0.625
32	0.625
33	0.625
34	0.640625
35	0.640625
36	0.671875
37	0.671875
38	0.671875
39	0.671875
40	0.671875
41	0.671875
42	0.6875
43	0.6875
44	0.6875
45	0.6875
46	0.6875
47	0.6875
48	0.6875
49	0.6875
50	0.6875
51	0.6875
52	0.75
53	0.75
54	0.75
55	0.75
56	0.75
57	0.75
58	0.75
59	0.75
60	0.75
61	0.75
62	0.75
63	0.75
64	0.75
65	0.75
66	0.75
67	0.75
68	0.75
69	0.75
70	0.75
71	0.75
72	0.75
73	0.75
74	0.75
75	0.75
76	0.75
77	0.75
78	0.75
79	0.75
80	0.75
81	0.75
82	0.75
83	0.75
84	0.75
85	0.75
86	0.75
87	0.75
88	0.75
89	0.75
90	0.75
91	0.75
92	0.75
93	0.75
94	0.75
95	0.75
96	0.75
97	0.75
98	0.75
99	0.75
100	0.75
101	0.75
102	0.75
103	0.75
104	0.75
105	0.75
106	0.75
107	0.75
108	0.75
109	0.75
110	0.75
111	0.75
112	0.75
113	0.75
114	0.75
115	0.75
116	0.75
117	0.75
118	0.75
119	0.75
120	0.75
121	0.75
122	0.75
123	0.75
124	0.75
125	0.75
126	0.75
127	0.75
128	0.75
129	0.75
130	0.75
131	0.75
132	0.75
133	0.75
134	0.75
135	0.75
136	0.75
137	0.75
138	0.75
139	0.75
140	0.75
141	0.75
142	0.75
143	0.75
144	0.75
145	0.75
146	0.75
147	0.75
148	0.75
149	0.75
150	0.75
151	0.75
152	0.75
153	0.75
154	0.75
155	0.75
156	0.75
157	0.75
158	0.75
159	0.75
160	0.75
161	0.75
162	0.75
163	0.75
164	0.75
165	0.75
166	0.75
167	0.75
168	0.75
169	0.75
170	0.75
171	0.75
172	0.75
173	0.75
174	0.75
175	0.75
176	0.75
177	0.75
178	0.75
179	0.75
180	0.75
181	0.75
182	0.75
183	0.75
184	0.75
185	0.75
186	0.75
187	0.75
188	0.75
189	0.75
190	0.75
191	0.75
192	0.75
193	0.75
194	0.75
195	0.75
196	0.75
197	0.75
198	0.75
199	0.75
200	0.75
201	0.75
202	0.75
203	0.75
204	0.75
205	0.75
206	0.75
207	0.75
208	0.75
209	0.75
210	0.75
211	0.75
212	0.75
213	0.75
214	0.75
215	0.75
216	0.75
217	0.75
218	0.75
219	0.75
220	0.75
221	0.75
222	0.75
223	0.75
224	0.75
225	0.75
226	0.75
227	0.75
228	0.75
229	0.75
230	0.75
231	0.75
232	0.75
233	0.75
234	0.75
235	0.75
236	0.75
237	0.75
238	0.75
239	0.75
240	0.75
241	0.75
242	0.75
243	0.75
244	0.75
245	0.75
246	0.75
247	0.75
248	0.75
249	0.75
250	0.75
251	0.75
252	0.75
253	0.75
254	0.75
255	0.75
256	0.75
257	0.75
258	0.75
259	0.75
260	0.75
261	0.75
262	0.75
263	0.75
264	0.75
265	0.75
266	0.75
267	0.75
268	0.75
269	0.75
270	0.75
271	0.75
272	0.75
273	0.75
274	0.75
275	0.75
276	0.75
277	0.75
278	0.75
279	0.75
280	0.75
281	0.75
282	0.75
283	0.75
284	0.75
285	0.75
286	0.75
287	0.75
288	0.75
289	0.75
290	0.75
291	0.75
292	0.75
293	0.75
294	0.75
295	0.75
296	0.75
297	0.75
298	0.75
299	0.75
300	0.75
301	0.75
302	0.75
303	0.75
304	0.75
305	0.75
306	0.75
307	0.75
308	0.75
309	0.75
310	0.75
311	0.75
312	0.75
313	0.75
314	0.75
315	0.75
316	0.75
317	0.75
318	0.75
319	0.75
320	0.75
321	0.75
322	0.75
323	0.75
324	0.75
325	0.75
326	0.75
327	0.75
328	0.75
329	0.75
330	0.75
331	0.75
332	0.75
333	0.75
334	0.75
335	0.75
336	0.75
337	0.75
338	0.75
339	0.75
340	0.75
341	0.75
342	0.75
343	0.75
344	0.75
345	0.75
346	0.75
347	0.75
348	0.75
349	0.75
350	0.75
351	0.75
352	0.75
353	0.75
354	0.75
355	0.75
356	0.75
357	0.75
358	0.75
359	0.75
360	0.75
361	0.75
362	0.75
363	0.75
364	0.75
365	0.75
366	0.75
367	0.75
368	0.75
369	0.75
370	0.75
371	0.75
372	0.75
373	0.75
374	0.75
375	0.75
376	0.75
377	0.75
378	0.75
379	0.75
380	0.75
381	0.75
382	0.75
383	0.75
384	0.75
385	0.75
386	0.75
387	0.75
388	0.75
389	0.75
390	0.75
391	0.75
392	0.75
393	0.75
394	0.75
395	0.75
396	0.75
397	0.75
398	0.75
399	0.75
400	0.75
401	0.75
402	0.75
403	0.75
404	0.75
405	0.75
406	0.75
407	0.75
408	0.75
409	0.75
410	0.75
411	0.75
412	0.75
413	0.75
414	0.75
415	0.75
416	0.75
417	0.75
418	0.75
419	0.75
420	0.75
421	0.75
422	0.75
423	0.75
424	0.75
425	0.75
426	0.75
427	0.75
428	0.75
429	0.75
430	0.75
431	0.75
432	0.75
433	0.75
434	0.75
435	0.75
436	0.75
437	0.75
438	0.75
439	0.75
440	0.75
441	0.75
442	0.75
443	0.75
444	0.75
445	0.75
446	0.75
447	0.75
448	0.75
449	0.75
450	0.75
451	0.75
452	0.75
453	0.75
454	0.75
455	0.75
456	0.75
457	0.75
458	0.75
459	0.75
460	0.75
461	0.75
462	0.75
463	0.75
464	0.75
465	0.75
466	0.75
467	0.75
468	0.75
469	0.75
470	0.75
471	0.75
472	0.75
473	0.75
474	0.75
475	0.75
476	0.75
477	0.75
478	0.75
479	0.75
480	0.75
481	0.75
482	0.75
483	0.75
484	0.75
485	0.75
486	0.75
487	0.75
488	0.75
489	0.75
490	0.75
491	0.75
492	0.75
493	0.75
494	0.75
495	0.75
496	0.75
497	0.75
498	0.75
499	0.75
500	0.75
501	0.75
502	0.75
503	0.75
504	0.75
505	0.75
506	0.75
507	0.75
508	0.75
509	0.75
510	0.75
511	0.75
512	0.75
513	0.75
514	0.75
515	0.75
516	0.75
517	0.75
518	0.75
519	0.75
520	0.75
521	0.75
522	0.75
523	0.75
524	0.75
525	0.75
526	0.75
527	0.75
528	0.75
529	0.75
530	0.75
531	0.75
532	0.75
533	0.75
534	0.75
535	0.75
536	0.75
537	0.75
538	0.75
539	0.75
540	0.75
541	0.75
542	0.75
543	0.75
544	0.75
545	0.75
546	0.75
547	0.75
548	0.75
549	0.75
550	0.75
551	0.75
552	0.75
553	0.75
554	0.75
555	0.75
556	0.75
557	0.75
558	0.75
559	0.75
560	0.75
561	0.75
562	0.75
563	0.75
564	0.75
565	0.75
566	0.75
567	0.75
568	0.75
569	0.75
570	0.75
571	0.75
572	0.75
573	0.75
574	0.75
575	0.75
576	0.75
577	0.75
578	0.75
579	0.75
580	0.75
581	0.75
582	0.75
583	0.75
584	0.75
585	0.75
586	0.75
587	0.75
588	0.75
589	0.75
590	0.75
591	0.75
592	0.75
593	0.75
594	0.75
595	0.75
596	0.75
597	0.75
598	0.75
599	0.75
600	0.75
601	0.75
602	0.75
603	0.75
604	0.75
605	0.75
606	0.75
607	0.75
608	0.75
609	0.75
610	0.75
611	0.75
612	0.75
613	0.75
614	0.75
615	0.75
616	0.75
617	0.75
618	0.75
619	0.75
620	0.75
621	0.75
622	0.75
623	0.75
624	0.75
625	0.75
626	0.75
627	0.75
628	0.75
629	0.75
630	0.75
631	0.75
632	0.75
633	0.75
634	0.75
635	0.75
636	0.75
637	0.75
638	0.75
639	0.75
640	0.75
641	0.75
642	0.75
643	0.75
644	0.75
645	0.75
646	0.75
647	0.75
648	0.75
649	0.75
650	0.75
651	0.75
652	0.75
653	0.75
654	0.75
655	0.75
656	0.75
657	0.75
658	0.75
659	0.75
660	0.75
661	0.75
662	0.75
663	0.75
664	0.75
665	0.75
666	0.75
667	0.75
668	0.75
669	0.75
670	0.75
671	0.75
672	0.75
673	0.75
674	0.75
675	0.75
676	0.75
677	0.75
678	0.75
679	0.75
680	0.75
681	0.75
682	0.75
683	0.75
684	0.75
685	0.75
686	0.75
687	0.75
688	0.75
689	0.75
690	0.75
691	0.75
692	0.75
693	0.75
694	0.75
695	0.75
696	0.75
697	0.75
698	0.75
699	0.75
700	0.75
701	0.75
702	0.75
703	0.75
704	0.75
705	0.75
706	0.75
707	0.75
708	0.75
709	0.75
710	0.75
711	0.75
712	0.75
713	0.75
714	0.75
715	0.75
716	0.75
717	0.75
718	0.75
719	0.75
720	0.75
721	0.75
722	0.75
723	0.75
724	0.75
725	0.75
726	0.75
727	0.75
728	0.75
729	0.75
730	0.75
731	0.75
732	0.75
733	0.75
734	0.75
735	0.75
736	0.75
737	0.75
738	0.75
739	0.75
740	0.75
741	0.75
742	0.75
743	0.75
744	0.75
745	0.75
746	0.75
747	0.75
748	0.75
749	0.75
750	0.75
751	0.75
752	0.75
753	0.75
754	0.75
755	0.75
756	0.75
757	0.75
758	0.75
759	0.75
760	0.75
761	0.75
762	0.75
763	0.75
764	0.75
765	0.75
766	0.75
767	0.75
768	0.75
769	0.75
770	0.75
771	0.75
772	0.75
773	0.75
774	0.75
775	0.75
776	0.75
777	0.75
778	0.75
779	0.75
780	0.75
781	0.75
782	0.75
783	0.75
784	0.75
785	0.75
786	0.75
787	0.75
788	0.75
789	0.75
790	0.75
791	0.75
792	0.75
793	0.75
794	0.75
795	0.75
796	0.75
797	0.75
798	0.75
799	0.75
800	0.75
801	0.75
802	0.75
803	0.75
804	0.75
805	0.75
806	0.75
807	0.75
808	0.75
809	0.75
810	0.75
811	0.75
812	0.75
813	0.75
814	0.75
815	0.75
816	0.75
817	0.75
818	0.75
819	0.75
820	0.75
821	0.75
822	0.75
823	0.75
824	0.75
825	0.75
826	0.75
827	0.75
828	0.75
829	0.75
830	0.75
831	0.75
832	0.75
833	0.75
834	0.75
835	0.75
836	0.75
837	0.75
838	0.75
839	0.75
840	0.75
841	0.75
842	0.75
843	0.75
844	0.75
845	0.75
846	0.75
847	0.75
848	0.75
849	0.75
850	0.75
851	0.75
852	0.75
853	0.75
854	0.75
855	0.75
856	0.75
857	0.75
858	0.75
859	0.75
860	0.75
861	0.75
862	0.75
863	0.75
864	0.75
865	0.75
866	0.75
867	0.75
868	0.75
869	0.75
870	0.75
871	0.75
872	0.75
873	0.75
874	0.75
875	0.75
876	0.75
877	0.75
878	0.75
879	0.75
880	0.75
881	0.75
882	0.75
883	0.75
884	0.75
885	0.75
886	0.75
887	0.75
888	0.75
889	0.75
890	0.75
891	0.75
892	0.75
893	0.75
894	0.75
895	0.75
896	0.75
897	0.75
898	0.75
899	0.75
900	0.75
901	0.75
902	0.75
903	0.75
904	0.75
905	0.75
906	0.75
907	0.75
908	0.75
909	0.75
910	0.75
911	0.75
912	0.75
913	0.75
914	0.75
915	0.75
916	0.75
917	0.75
918	0.75
919	0.75
920	0.75
921	0.75
922	0.75
923	0.75
924	0.75
925	0.75
926	0.75
927	0.75
928	0.75
929	0.75
930	0.75
931	0.75
932	0.75
933	0.75
934	0.75
935	0.75
936	0.75
937	0.75
938	0.75
939	0.75
940	0.75
941	0.75
942	0.75
943	0.75
944	0.75
945	0.75
946	0.75
947	0.75
948	0.75
949	0.75
950	0.75
951	0.75
952	0.75
953	0.75
954	0.75
955	0.75
956	0.75
957	0.75
958	0.75
959	0.75
960	0.75
961	0.75
962	0.75
963	0.75
964	0.75
965	0.75
966	0.75
967	0.75
968	0.75
969	0.75
970	0.75
971	0.75
972	0.75
973	0.75
974	0.75
975	0.75
976	0.75
977	0.75
978	0.75
979	0.75
980	0.75
981	0.75
982	0.75
983	0.75
984	0.75
985	0.75
986	0.75
987	0.75
988	0.75
989	0.75
990	0.75
991	0.75
992	0.75
993	0.75
994	0.75
995	0.75
996	0.75
997	0.75
998	0.75
999	0.75
1000	0.75
1001	0.75
1002	0.75
1003	0.75
1004	0.75
1005	0.75
1006	0.75
1007	0.75
1008	0.75
1009	0.75
1010	0.75
1011	0.75
1012	0.75
1013	0.75
1014	0.75
1015	0.75
1016	0.75
1017	0.75
1018	0.75
1019	0.75
1020	0.75
1021	0.75
1022	0.75
1023	0.75
1024	0.75
1025	0.75
1026	0.75
1027	0.75
1028	0.75
1029	0.75
1030	0.75
1031	0.75
1032	0.75
1033	0.75
1034	0.75
1035	0.75
1036	0.75
1037	0.75
1038	0.75
1039	0.75
1040	0.75
1041	0.75
1042	0.75
1043	0.75
1044	0.75
1045	0.75
1046	0.75
1047	0.75
1048	0.75
1049	0.75
1050	0.75
1051	0.75
1052	0.75
1053	0.75
1054	0.75
1055	0.75
1056	0.75
1057	0.75
1058	0.75
1059	0.75
1060	0.75
1061	0.75
1062	0.75
1063	0.75
1064	0.75
1065	0.75
1066	0.75
1067	0.75
1068	0.75
1069	0.75
1070	0.75
1071	0.75
1072	0.75
1073	0.75
1074	0.75
1075	0.75
1076	0.75
1077	0.75
1078	0.75
1079	0.75
1080	0.75
1081	0.75
1082	0.75
1083	0.75
1084	0.75
1085	0.75
1086	0.75
1087	0.75
1088	0.75
1089	0.75
1090	0.75
1091	0.75
1092	0.75
1093	0.75
1094	0.75
1095	0.75
1096	0.75
1097	0.75
1098	0.75
1099	0.75
1100	0.75
1101	0.75
1102	0.75
1103	0.75
1104	0.75
1105	0.75
1106	0.75
1107	0.75
1108	0.75
1109	0.75
1110	0.75
1111	0.75
1112	0.75
1113	0.75
1114	0.75
1115	0.75
1116	0.75
1117	0.75
1118	0.75
1119	0.75
1120	0.75
1121	0.75
1122	0.75
1123	0.75
1124	0.75
1125	0.75
1126	0.75
1127	0.75
1128	0.75
1129	0.75
1130	0.75
1131	0.75
1132	0.75
1133	0.75
1134	0.75
1135	0.75
1136	0.75
1137	0.75
1138	0.75
1139	0.75
1140	0.75
1141	0.75
1142	0.75
1143	0.75
1144	0.75
1145	0.75
1146	0.75
1147	0.75
1148	0.75
1149	0.75
1150	0.75
1151	0.75
1152	0.75
1153	0.75
1154	0.75
1155	0.75
1156	0.75
1157	0.75
1158	0.75
1159	0.75
1160	0.75
1161	0.75
1162	0.75
1163	0.75
1164	0.75
1165	0.75
1166	0.75
1167	0.75
1168	0.75
1169	0.75
1170	0.75
1171	0.75
1172	0.75
1173	0.75
1174	0.75
1175	0.75
1176	0.75
1177	0.75
1178	0.75
1179	0.75
1180	0.75
1181	0.75
1182	0.75
1183	0.75
1184	0.75
1185	0.75
1186	0.75
1187	0.75
1188	0.75
1189	0.75
1190	0.75
1191	0.75
1192	0.75
1193	0.75
1194	0.75
1195	0.75
1196	0.75
1197	0.75
1198	0.75
1199	0.75
1200	0.75
1201	0.75
1202	0.75
1203	0.75
1204	0.75
1205	0.75
1206	0.75
1207	0.75
1208	0.75
1209	0.75
1210	0.75
1211	0.75
1212	0.75
1213	0.75
1214	0.75
1215	0.75
1216	0.75
1217	0.75
1218	0.75
1219	0.75
1220	0.75
1221	0.75
1222	0.75
1223	0.75
1224	0.75
1225	0.75
1226	0.75
1227	0.75
1228	0.75
1229	0.75
1230	0.75
1231	0.75
1232	0.75
1233	0.75
1234	0.75
1235	0.75
1236	0.75
1237	0.75
1238	0.75
1239	0.75
1240	0.75
1241	0.75
1242	0.75
1243	0.75
1244	0.75
1245	0.75
1246	0.75
1247	0.75
1248	0.75
1249	0.75
1250	0.75
1251	0.75
1252	0.75
1253	0.75
1254	0.75
1255	0.75
1256	0.75
1257	0.75
1258	0.75
1259	0.75
1260	0.75
1261	0.75
1262	0.75
1263	0.75
1264	0.75
1265	0.75
1266	0.75
1267	0.75
1268	0.75
1269	0.75
1270	0.75
1271	0.75
1272	0.75
1273	0.75
1274	0.75
1275	0.75
1276	0.75
1277	0.75
1278	0.75
1279	0.75
1280	0.75
1281	0.75
1282	0.75
1283	0.75
1284	0.75
1285	0.75
1286	0.75
1287	0.75
1288	0.75
1289	0.75
1290	0.75
1291	0.75
1292	0.75
1293	0.75
1294	0.75
1295	0.75
1296	0.75
1297	0.75
1298	0.75
1299	0.75
1300	0.75
1301	0.75
1302	0.75
1303	0.75
1304	0.75
1305	0.75
1306	0.75
1307	0.75
1308	0.75
1309	0.75
1310	0.75
1311	0.75
1312	0.75
1313	0.75
1314	0.75
1315	0.75
1316	0.75
1317	0.75
1318	0.75
1319	0.75
1320	0.75
1321	0.75
1322	0.75
1323	0.75
1324	0.75
1325	0.75
1326	0.75
1327	0.75
1328	0.75
1329	0.75
1330	0.75
1331	0.75
1332	0.75
1333	0.75
1334	0.75
1335	0.75
1336	0.75
1337	0.75
1338	0.75
1339	0.75
1340	0.75
1341	0.75
1342	0.75
1343	0.75
1344	0.75
1345	0.75
1346	0.75
1347	0.75
1348	0.75
1349	0.75
1350	0.75
1351	0.75
1352	0.75
1353	0.75
1354	0.75
1355	0.75
1356	0.75
1357	0.75
1358	0.75
1359	0.75
1360	0.75
1361	0.75
1362	0.75
1363	0.75
1364	0.75
1365	0.75
1366	0.75
1367	0.75
1368	0.75
1369	0.75
1370	0.75
1371	0.75
1372	0.75
1373	0.75
1374	0.75
1375	0.75
1376	0.75
1377	0.75
1378	0.75
1379	0.75
1380	0.75
1381	0.75
1382	0.75
1383	0.75
1384	0.75
1385	0.75
1386	0.75
1387	0.75
1388	0.75
1389	0.75
1390	0.75
1391	0.75
1392	0.75
1393	0.75
1394	0.75
1395	0.75
1396	0.75
1397	0.75
1398	0.75
1399	0.75
1400	0.75
1401	0.75
1402	0.75
1403	0.75
1404	0.75
1405	0.75
1406	0.75
1407	0.75
1408	0.75
1409	0.75
1410	0.75
1411	0.75
1412	0.75
1413	0.75
1414	0.75
1415	0.75
1416	0.75
1417	0.75
1418	0.75
1419	0.75
1420	0.75
1421	0.75
1422	0.75
1423	0.75
1424	0.75
1425	0.75
1426	0.75
1427	0.75
1428	0.75
1429	0.75
1430	0.75
1431	0.75
1432	0.75
1433	0.75
1434	0.75
1435	0.75
1436	0.75
1437	0.75
1438	0.75
1439	0.75
1440	0.75
1441	0.75
1442	0.75
1443	0.75
1444	0.75
1445	0.75
1446	0.75
1447	0.75
1448	0.75
1449	0.75
1450	0.75
1451	0.75
1452	0.75
1453	0.75
1454	0.75
1455	0.75
1456	0.75
1457	0.75
1458	0.75
1459	0.75
1460	0.75
1461	0.75
1462	0.75
1463	0.75
1464	0.75
1465	0.75
1466	0.75
1467	0.75
1468	0.75
1469	0.75
1470	0.75
1471	0.75
1472	0.75
1473	0.75
1474	0.75
1475	0.75
1476	0.75
1477	0.75
1478	0.75
1479	0.75
1480	0.75
1481	0.75
1482	0.75
1483	0.75
1484	0.75
1485	0.75
1486	0.75
1487	0.75
1488	0.75
1489	0.75
1490	0.75
1491	0.75
1492	0.75
1493	0.75
1494	0.75
1495	0.75
1496	0.75
1497	0.75
1498	0.75
1499	0.75
1500	0.75
1501	0.75
1502	0.75
1503	0.75
1504	0.75
1505	0.75
1506	0.75
1507	0.75
1508	0.75
1509	0.75
1510	0.75
1511	0.75
1512	0.75
1513	0.75
1514	0.75
1515	0.75
1516	0.75
1517	0.75
1518	0.75
1519	0.75
1520	0.75
1521	0.75
1522	0.75
1523	0.75
1524	0.75
1525	0.75
1526	0.75
1527	0.75
1528	0.75
1529	0.75
1530	0.75
1531	0.75
1532	0.75
1533	0.75
1534	0.75
1535	0.75
1536	0.75
1537	0.75
1538	0.75
1539	0.75
1540	0.75
1541	0.75
1542	0.75
1543	0.75
1544	0.75
1545	0.75
1546	0.75
1547	0.75
1548	0.75
1549	0.75
1550	0.75
1551	0.75
1552	0.75
1553	0.75
1554	0.75
1555	0.75
1556	0.75
1557	0.75
1558	0.75
1559	0.75
1560	0.75
1561	0.75
1562	0.75
1563	0.75
1564	0.75
1565	0.75
1566	0.75
1567	0.75
1568	0.75
1569	0.75
1570	0.75
1571	0.75
1572	0.75
1573	0.75
1574	0.75
1575	0.75
1576	0.75
1577	0.75
1578	0.75
1579	0.75
1580	0.75
1581	0.75
1582	0.75
1583	0.75
1584	0.75
1585	0.75
1586	0.75
1587	0.75
1588	0.75
1589	0.75
1590	0.75
1591	0.75
1592	0.75
1593	0.75
1594	0.75
1595	0.75
1596	0.75
1597	0.75
1598	0.75
1599	0.75
1600	0.75
1601	0.75
1602	0.75
1603	0.75
1604	0.75
1605	0.75
1606	0.75
1607	0.75
1608	0.75
1609	0.75
1610	0.75
1611	0.75
1612	0.75
1613	0.75
1614	0.75
1615	0.75
1616	0.75
1617	0.75
1618	0.75
1619	0.75
1620	0.75
1621	0.75
1622	0.75
1623	0.75
1624	0.75
1625	0.75
1626	0.75
1627	0.75
1628	0.75
1629	0.75
1630	0.75
1631	0.75
1632	0.75
1633	0.75
1634	0.75
1635	0.75
1636	0.75
1637	0.75
1638	0.75
1639	0.75
1640	0.75
1641	0.75
1642	0.75
1643	0.75
1644	0.75
1645	0.75
1646	0.75
1647	0.75
1648	0.75
1649	0.75
1650	0.75
1651	0.75
1652	0.75
1653	0.75
1654	0.75
1655	0.75
1656	0.75
1657	0.75
1658	0.75
1659	0.75
1660	0.75
1661	0.75
1662	0.75
1663	0.75
1664	0.75
1665	0.75
1666	0.75
1667	0.75
1668	0.75
1669	0.75
1670	0.75
1671	0.75
1672	0.75
1673	0.75
1674	0.75
1675	0.75
1676	0.75
1677	0.75
1678	0.75
1679	0.75
1680	0.75
1681	0.75
1682	0.75
1683	0.75
1684	0.75
1685	0.75
1686	0.75
1687	0.75
1688	0.75
1689	0.75
1690	0.75
1691	0.75
1692	0.75
1693	0.75
1694	0.75
1695	0.75
1696	0.75
1697	0.75
1698	0.75
1699	0.75
1700	0.75
1701	0.75
1702	0.75
1703	0.75
1704	0.75
1705	0.75
1706	0.75
1707	0.75
1708	0.75
1709	0.75
1710	0.75
1711	0.75
1712	0.75
1713	0.75
1714	0.75
1715	0.75
1716	0.75
1717	0.75
1718	0.75
1719	0.75
1720	0.75
1721	0.75
1722	0.75
1723	0.75
1724	0.75
1725	0.75
1726	0.75
1727	0.75
1728	0.75
1729	0.75
1730	0.75
1731	0.75
1732	0.75
1733	0.75
1734	0.75
1735	0.75
1736	0.75
1737	0.75
1738	0.75
1739	0.75
1740	0.75
1741	0.75
1742	0.75
1743	0.75
1744	0.75
1745	0.75
1746	0.75
1747	0.75
1748	0.75
1749	0.75
1750	0.75
1751	0.75
1752	0.75
1753	0.75
1754	0.75
1755	0.75
1756	0.75
1757	0.75
1758	0.75
1759	0.75
1760	0.75
1761	0.75
1762	0.75
1763	0.75
1764	0.75
1765	0.75
1766	0.75
1767	0.75
1768	0.75
1769	0.75
1770	0.75
1771	0.75
1772	0.75
1773	0.75
1774	0.75
1775	0.75
1776	0.75
1777	0.75
1778	0.75
1779	0.75
1780	0.75
1781	0.75
1782	0.75
1783	0.75
1784	0.75
1785	0.75
1786	0.75
1787	0.75
1788	0.75
1789	0.75
1790	0.75
1791	0.75
1792	0.75
1793	0.75
1794	0.75
1795	0.75
1796	0.75
1797	0.75
1798	0.75
1799	0.75
1800	0.75
1801	0.75
1802	0.75
1803	0.75
1804	0.75
1805	0.75
1806	0.75
1807	0.75
1808	0.75
1809	0.75
1810	0.75
1811	0.75
1812	0.75
1813	0.75
1814	0.75
1815	0.75
1816	0.75
1817	0.75
1818	0.75
1819	0.75
1820	0.75
1821	0.75
1822	0.75
1823	0.75
1824	0.75
1825	0.75
1826	0.75
1827	0.75
1828	0.75
1829	0.75
1830	0.75
1831	0.75
1832	0.75
1833	0.75
1834	0.75
1835	0.75
1836	0.75
1837	0.75
1838	0.75
1839	0.75
1840	0.75
1841	0.75
1842	0.75
1843	0.75
1844	0.75
1845	0.75
1846	0.75
1847	0.75
1848	0.75
1849	0.75
1850	0.75
1851	0.75
1852	0.75
1853	0.75
1854	0.75
1855	0.75
1856	0.75
1857	0.75
1858	0.75
1859	0.75
1860	0.75
1861	0.75
1862	0.75
1863	0.75
1864	0.75
1865	0.75
1866	0.75
1867	0.75
1868	0.75
1869	0.75
1870	0.75
1871	0.75
1872	0.75
1873	0.75
1874	0.75
1875	0.75
1876	0.75
1877	0.75
1878	0.75
1879	0.75
1880	0.75
1881	0.75
1882	0.75
1883	0.75
1884	0.75
1885	0.75
1886	0.75
1887	0.75
1888	0.75
1889	0.75
1890	0.75
1891	0.75
1892	0.75
1893	0.75
1894	0.75
1895	0.75
1896	0.75
1897	0.75
1898	0.75
1899	0.75
1900	0.75
1901	0.75
1902	0.75
1903	0.75
1904	0.75
1905	0.75
1906	0.75
1907	0.75
1908	0.75
1909	0.75
1910	0.75
1911	0.75
1912	0.75
1913	0.75
1914	0.75
1915	0.75
1916	0.75
1917	0.75
1918	0.75
1919	0.75
1920	0.75
1921	0.75
1922	0.75
1923	0.75
1924	0.75
1925	0.75
1926	0.75
1927	0.75
1928	0.75
1929	0.75
1930	0.75
1931	0.75
1932	0.75
1933	0.75
1934	0.75
1935	0.75
1936	0.75
1937	0.75
1938	0.75
1939	0.75
1940	0.75
1941	0.75
1942	0.75
1943	0.75
1944	0.75
1945	0.75
1946	0.75
1947	0.75
1948	0.75
1949	0.75
1950	0.75
1951	0.75
1952	0.75
1953	0.75
1954	0.75
1955	0.75
1956	0.75
1957	0.75
1958	0.75
1959	0.75
1960	0.75
1961	0.75
1962	0.75
1963	0.75
1964	0.75
1965	0.75
1966	0.75
1967	0.75
1968	0.75
1969	0.75
1970	0.75
1971	0.75
1972	0.75
1973	0.75
1974	0.75
1975	0.75
1976	0.75
1977	0.75
1978	0.75
1979	0.75
1980	0.75
1981	0.75
1982	0.75
1983	0.75
1984	0.75
1985	0.75
1986	0.75
1987	0.75
1988	0.75
1989	0.75
1990	0.75
1991	0.75
1992	0.75
1993	0.75
1994	0.75
1995	0.75
1996	0.75
1997	0.75
1998	0.75
1999	0.75
2000	0.75
2001	0.75
2002	0.75
2003	0.75
2004	0.75
2005	0.75
2006	0.75
2007	0.75
2008	0.75
2009	0.75
2010	0.75
2011	0.75
2012	0.75
2013	0.75
2014	0.75
2015	0.75
2016	0.75
2017	0.75
2018	0.75
2019	0.75
2020	0.75
2021	0.75
2022	0.75
2023	0.75
2024	0.75
2025	0.75
2026	0.75
2027	0.75
2028	0.75
2029	0.75
2030	0.75
2031	0.75
2032	0.75
2033	0.75
2034	0.75
2035	0.75
2036	0.75
2037	0.75
2038	0.75
2039	0.75
2040	0.75
2041	0.75
2042	0.75
2043	0.75
2044	0.75
2045	0.75
2046	0.75
2047	0.75
2048	0.75
2049	0.75
2050	0.75
2051	0.75
2052	0.75
2053	0.75
2054	0.75
2055	0.75
2056	0.75
2057	0.75
2058	0.75
2059	0.75
2060	0.75
2061	0.75
2062	0.75
2063	0.75
2064	0.75
2065	0.75
2066	0.75
2067	0.75
2068	0.75
2069	0.75
2070	0.75
2071	0.75
2072	0.75
2073	0.75
2074	0.75
2075	0.75
2076	0.75
2077	0.75
2078	0.75
2079	0.75
2080	0.75
2081	0.75
2082	0.75
2083	0.75
2084	0.75
2085	0.75
2086	0.75
2087	0.75
2088	0.75
2089	0.75
2090	0.75
2091	0.75
2092	0.75
2093	0.75
2094	0.75
2095	0.75
2096	0.75
2097	0.75
2098	0.75
2099	0.75
2100	0.75
2101	0.75
2102	0.75
2103	0.75
2104	0.75
2105	0.75
2106	0.75
2107	0.75
2108	0.75
2109	0.75
2110	0.75
2111	0.75
2112	0.75
2113	0.75
2114	0.75
2115	0.75
2116	0.75
2117	0.75
2118	0.75
2119	0.75
2120	0.75
2121	0.75
2122	0.75
2123	0.75
2124	0.75
2125	0.75
2126	0.75
2127	0.75
2128	0.75
2129	0.75
2130	0.75
2131	0.75
2132	0.75
2133	0.75
2134	0.75
2135	0.75
2136	0.75
2137	0.75
2138	0.75
2139	0.75
2140	0.75
2141	0.75
2142	0.75
2143	0.75
2144	0.75
2145	0.75
2146	0.75
2147	0.75
2148	0.75
2149	0.75
2150	0.75
2151	0.75
2152	0.75
2153	0.75
2154	0.75
2155	0.75
2156	0.75
2157	0.75
2158	0.75
2159	0.75
2160	0.75
2161	0.75
2162	0.75
2163	0.75
2164	0.75
2165	0.75
2166	0.75
2167	0.75
2168	0.75
2169	0.75
2170	0.75
2171	0.75
2172	0.75
2173	0.75
2174	0.75
2175	0.75
2176	0.75
2177	0.75
2178	0.75
2179	0.75
2180	0.75
2181	0.75
2182	0.75
2183	0.75
2184	0.75
2185	0.75
2186	0.75
2187	0.75
2188	0.75
2189	0.75
2190	0.75
2191	0.75
2192	0.75
2193	0.75
2194	0.75
2195	0.75
2196	0.75
2197	0.75
2198	0.75
2199	0.75
2200	0.75
2201	0.75
2202	0.75
2203	0.75
2204	0.75
2205	0.75
2206	0.75
2207	0.75
2208	0.75
2209	0.75
2210	0.75
2211	0.75
2212	0.75
2213	0.75
2214	0.75
2215	0.75
2216	0.75
2217	0.75
2218	0.75
2219	0.75
2220	0.75
2221	0.75
2222	0.75
2223	0.75
2224	0.75
2225	0.75
2226	0.75
2227	0.75
2228	0.75
2229	0.75
2230	0.75
2231	0.75
2232	0.75
2233	0.75
2234	0.75
2235	0.75
2236	0.75
2237	0.75
2238	0.75
2239	0.75
2240	0.75
2241	0.75
2242	0.75
2243	0.75
2244	0.75
2245	0.75
2246	0.75
2247	0.75
2248	0.75
2249	0.75
2250	0.75
2251	0.75
2252	0.75
2253	0.75
2254	0.75
2255	0.75
2256	0.75
2257	0.75
2258	0.75
2259	0.75
2260	0.75
2261	0.75
2262	0.75
2263	0.75
2264	0.75
2265	0.75
2266	0.75
2267	0.75
2268	0.75
2269	0.75
2270	0.75
2271	0.75
2272	0.75
2273	0.75
2274	0.75
2275	0.75
2276	0.75
2277	0.75
2278	0.75
2279	0.75
2280	0.75
2281	0.75
2282	0.75
2283	0.75
2284	0.75
2285	0.75
2286	0.75
2287	0.75
2288	0.75
2289	0.75
2290	0.75
2291	0.75
2292	0.75
2293	0.75
2294	0.75
2295	0.75
2296	0.75
2297	0.75
2298	0.75
2299	0.75
2300	0.75
2301	0.75
2302	0.75
2303	0.75
2304	0.75
2305	0.75
2306	0.75
2307	0.75
2308	0.75
2309	0.75
2310	0.75
2311	0.75
2312	0.75
2313	0.75
2314	0.75
2315	0.75
2316	0.75
2317	0.75
2318	0.75
2319	0.75
2320	0.75
2321	0.75
2322	0.75
2323	0.75
2324	0.75
2325	0.75
2326	0.75
2327	0.75
2328	0.75
2329	0.75
2330	0.75
2331	0.75
2332	0.75
2333	0.75
2334	0.75
2335	0.75
2336	0.75
2337	0.75
2338	0.75
2339	0.75
2340	0.75
2341	0.75
2342	0.75
2343	0.75
2344	0.75
2345	0.75
2346	0.75
2347	0.75
2348	0.75
2349	0.75
2350	0.75
2351	0.75
2352	0.75
2353	0.75
2354	0.75
2355	0.75
2356	0.75
2357	0.75
2358	0.75
2359	0.75
2360	0.75
2361	0.75
2362	0.75
2363	0.75
2364	0.75
2365	0.75
2366	0.75
2367	0.75
2368	0.75
2369	0.75
2370	0.75
2371	0.75
2372	0.75
2373	0.75
2374	0.75
2375	0.75
2376	0.75
2377	0.75
2378	0.75
2379	0.75
2380	0.75
2381	0.75
2382	0.75
2383	0.75
2384	0.75
2385	0.75
2386	0.75
2387	0.75
2388	0.75
2389	0.75
2390	0.75
2391	0.75
2392	0.75
2393	0.75
2394	0.75
2395	0.75
2396	0.75
2397	0.75
2398	0.75
2399	0.75
2400	0.75
2401	0.75
2402	0.75
2403	0.75
2404	0.75
2405	0.75
2406	0.75
2407	0.75
2408	0.75
2409	0.75
2410	0.75
2411	0.75
2412	0.75
2413	0.75
2414	0.75
2415	0.75
2416	0.75
2417	0.75
2418	0.75
2419	0.75
2420	0.75
2421	0.75
2422	0.75
2423	0.75
2424	0.75
2425	0.75
2426	0.75
2427	0.75
2428	0.75
2429	0.75
2430	0.75
2431	0.75
2432	0.75
2433	0.75
2434	0.75
2435	0.75
2436	0.75
2437	0.75
2438	0.75
2439	0.75
2440	0.75
2441	0.75
2442	0.75
2443	0.75
2444	0.75
2445	0.75
2446	0.75
2447	0.75
2448	0.75
2449	0.75
2450	0.75
2451	0.75
2452	0.75
2453	0.75
2454	0.75
2455	0.75
2456	0.75
2457	0.75
2458	0.75
2459	0.75
2460	0.75
2461	0.75
2462	0.75
2463	0.75
2464	0.75
2465	0.75
2466	0.75
2467	0.75
2468	0.75
2469	0.75
2470	0.75
2471	0.75
2472	0.75
2473	0.75
2474	0.75
2475	0.75
2476	0.75
2477	0.75
2478	0.75
2479	0.75
2480	0.75
2481	0.75
2482	0.75
2483	0.75
2484	0.75
2485	0.75
2486	0.75
2487	0.75
2488	0.75
2489	0.75
2490	0.75
2491	0.75
2492	0.75
2493	0.75
2494	0.75
2495	0.75
2496	0.75
2497	0.75
2498	0.75
2499	0.75
2500	0.75
2501	0.75
2502	0.75
2503	0.75
2504	0.75
2505	0.75
2506	0.75
2507	0.75
2508	0.75
2509	0.75
2510	0.75
2511	0.75
2512	0.75
2513	0.75
2514	0.75
2515	0.75
2516	0.75
2517	0.75
2518	0.75
2519	0.75
2520	0.75
2521	0.75
2522	0.75
2523	0.75
2524	0.75
2525	0.75
2526	0.75
2527	0.75
2528	0.75
2529	0.75
2530	0.75
2531	0.75
2532	0.75
2533	0.75
2534	0.75
2535	0.75
2536	0.75
2537	0.75
2538	0.75
2539	0.75
2540	0.75
2541	0.75
2542	0.75
2543	0.75
2544	0.75
2545	0.75
2546	0.75
2547	0.75
2548	0.75
2549	0.75
2550	0.75
2551	0.75
2552	0.75
2553	0.75
2554	0.75
2555	0.75
2556	0.75
2557	0.75
2558	0.75
2559	0.75
2560	0.75
2561	0.75
2562	0.75
2563	0.75
2564	0.75
2565	0.78125
2566	0.78125
2567	0.78125
2568	0.78125
2569	0.78125
2570	0.78125
2571	0.78125
2572	0.78125
2573	0.78125
2574	0.78125
2575	0.78125
2576	0.78125
2577	0.78125
2578	0.78125
2579	0.78125
2580	0.78125
2581	0.78125
2582	0.78125
2583	0.78125
2584	0.78125
2585	0.78125
2586	0.78125
2587	0.78125
2588	0.78125
2589	0.78125
2590	0.78125
2591	0.78125
2592	0.78125
2593	0.78125
2594	0.78125
2595	0.78125
2596	0.78125
2597	0.78125
2598	0.78125
2599	0.78125
2600	0.78125
2601	0.78125
2602	0.78125
2603	0.78125
2604	0.78125
2605	0.78125
2606	0.78125
2607	0.78125
2608	0.78125
2609	0.78125
2610	0.78125
2611	0.78125
2612	0.78125
2613	0.78125
2614	0.78125
2615	0.78125
2616	0.78125
2617	0.78125
2618	0.78125
2619	0.78125
2620	0.78125
2621	0.78125
2622	0.78125
2623	0.78125
2624	0.78125
2625	0.78125
2626	0.78125
2627	0.78125
2628	0.78125
2629	0.78125
2630	0.78125
2631	0.78125
2632	0.78125
2633	0.78125
2634	0.78125
2635	0.78125
2636	0.78125
2637	0.78125
2638	0.78125
2639	0.78125
2640	0.78125
2641	0.78125
2642	0.78125
2643	0.78125
2644	0.78125
2645	0.78125
2646	0.78125
2647	0.78125
2648	0.78125
2649	0.78125
2650	0.78125
2651	0.78125
2652	0.78125
2653	0.78125
2654	0.78125
2655	0.78125
2656	0.78125
2657	0.78125
2658	0.8125
2659	0.8125
2660	0.8125
2661	0.8125
2662	0.8125
2663	0.8125
2664	0.8125
2665	0.8125
2666	0.8125
2667	0.8125
2668	0.8125
2669	0.8125
2670	0.8125
2671	0.8125
2672	0.8125
2673	0.8125
2674	0.8125
2675	0.8125
2676	0.8125
2677	0.8125
2678	0.8125
2679	0.8125
2680	0.8125
2681	0.8125
2682	0.8125
2683	0.8125
2684	0.8125
2685	0.8125
2686	0.8125
2687	0.8125
2688	0.8125
2689	0.8125
2690	0.8125
2691	0.8125
2692	0.8125
2693	0.8125
2694	0.8125
2695	0.8125
2696	0.8125
2697	0.8125
2698	0.8125
2699	0.8125
2700	0.8125
2701	0.8125
2702	0.8125
2703	0.8125
2704	0.8125
2705	0.8125
2706	0.8125
2707	0.8125
2708	0.8125
2709	0.8125
2710	0.8125
2711	0.8125
2712	0.8125
2713	0.8125
2714	0.8125
2715	0.8125
2716	0.8125
2717	0.8125
2718	0.8125
2719	0.8125
2720	0.8125
2721	0.8125
2722	0.828125
2723	0.828125
2724	0.828125
2725	0.828125
2726	0.828125
2727	0.84375
2728	0.84375
2729	0.84375
2730	0.84375
2731	0.84375
2732	0.84375
2733	0.84375
2734	0.84375
2735	0.84375
2736	0.84375
2737	0.84375
2738	0.84375
2739	0.84375
2740	0.84375
2741	0.84375
2742	0.84375
2743	0.84375
2744	0.84375
2745	0.84375
2746	0.84375
2747	0.84375
2748	0.84375
2749	0.84375
2750	0.84375
2751	0.875
2752	0.875
2753	0.875
2754	0.875
2755	0.875
2756	0.875
2757	0.875
2758	0.875
2759	0.875
2760	0.875
2761	0.875
2762	0.875
2763	0.875
2764	0.875
2765	0.875
2766	0.875
2767	0.875
2768	0.875
2769	0.875
2770	0.875
2771	0.875
2772	0.875
2773	0.875
2774	0.875
2775	0.875
2776	0.875
2777	0.875
2778	0.875
2779	0.875
2780	0.875
2781	0.875
2782	0.875
2783	0.875
2784	0.875
2785	0.875
2786	0.875
2787	0.875
2788	0.875
2789	0.875
2790	0.875
2791	0.875
2792	0.875
2793	0.875
2794	0.875
2795	0.875
2796	0.875
2797	0.875
2798	0.875
2799	0.875
2800	0.875
2801	0.875
2802	0.875
2803	0.875
2804	0.875
2805	0.875
2806	0.875
2807	0.875
2808	0.875
2809	0.875
2810	0.875
2811	0.875
2812	0.875
2813	0.875
2814	0.875
2815	0.875
2816	0.875
2817	0.875
2818	0.875
2819	0.875
2820	0.875
2821	0.875
2822	0.875
2823	0.875
2824	0.875
2825	0.875
2826	0.875
2827	0.875
2828	0.875
2829	0.875
2830	0.875
2831	0.875
2832	0.875
2833	0.875
2834	0.875
2835	0.875
2836	0.875
2837	0.875
2838	0.875
2839	0.875
2840	0.875
2841	0.875
2842	0.875
2843	0.875
2844	0.875
2845	0.875
2846	0.875
2847	0.875
2848	0.875
2849	0.875
2850	0.875
2851	0.875
2852	0.875
2853	0.875
2854	0.875
2855	0.875
2856	0.875
2857	0.875
2858	0.875
2859	0.875
2860	0.875
2861	0.875
2862	0.875
2863	0.875
2864	0.875
2865	0.875
2866	0.875
2867	0.875
2868	0.875
2869	0.875
2870	0.875
2871	0.875
2872	0.875
2873	0.875
2874	0.875
2875	0.875
2876	0.875
2877	0.875
2878	0.875
2879	0.875
2880	0.875
2881	0.875
2882	0.875
2883	0.875
2884	0.875
2885	0.875
2886	0.875
2887	0.875
2888	0.875
2889	0.875
2890	0.875
2891	0.875
2892	0.875
2893	0.875
2894	0.875
2895	0.875
2896	0.875
2897	0.875
2898	0.875
2899	0.875
2900	0.875
2901	0.875
2902	0.875
2903	0.875
2904	0.875
2905	0.875
2906	0.875
2907	0.875
2908	0.875
2909	0.875
2910	0.875
2911	0.875
2912	0.875
2913	0.875
2914	0.875
2915	0.875
2916	0.875
2917	0.875
2918	0.875
2919	0.875
2920	0.875
2921	0.875
2922	0.875
2923	0.875
2924	0.875
2925	0.875
2926	0.875
2927	0.875
2928	0.875
2929	0.875
2930	0.875
2931	0.875
2932	0.875
2933	0.875
2934	0.875
2935	0.875
2936	0.875
2937	0.875
2938	0.875
2939	0.875
2940	0.875
2941	0.875
2942	0.875
2943	0.875
2944	0.875
2945	0.875
2946	0.875
2947	0.875
2948	0.875
2949	0.875
2950	0.875
2951	0.875
2952	0.875
2953	0.875
2954	0.875
2955	0.875
2956	0.875
2957	0.875
2958	0.875
2959	0.875
2960	0.875
2961	0.875
2962	0.875
2963	0.875
2964	0.875
2965	0.875
2966	0.875
2967	0.875
2968	0.875
2969	0.875
2970	0.875
2971	0.875
2972	0.875
2973	0.875
2974	0.875
2975	0.875
2976	0.875
2977	0.875
2978	0.875
2979	0.875
2980	0.875
2981	0.875
2982	0.875
2983	0.875
2984	0.875
2985	0.875
2986	0.875
2987	0.875
2988	0.875
2989	0.875
2990	0.875
2991	0.875
2992	0.875
2993	0.875
2994	0.875
2995	0.875
2996	0.875
2997	0.875
2998	0.875
2999	0.875
3000	0.875
3001	0.875
3002	0.875
3003	0.875
3004	0.875
3005	0.875
3006	0.875
3007	0.875
3008	0.875
3009	0.875
3010	0.875
3011	0.875
3012	0.875
3013	0.875
3014	0.875
3015	0.875
3016	0.875
3017	0.875
3018	0.875
3019	0.875
3020	0.875
3021	0.875
3022	0.875
3023	0.875
3024	0.875
3025	0.875
3026	0.875
3027	0.875
3028	0.875
3029	0.875
3030	0.875
3031	0.875
3032	0.875
3033	0.875
3034	0.875
3035	0.875
3036	0.875
3037	0.875
3038	0.875
3039	0.875
3040	0.875
3041	0.875
3042	0.875
3043	0.875
3044	0.875
3045	0.875
3046	0.875
3047	0.875
3048	0.875
3049	0.875
3050	0.875
3051	0.875
3052	0.875
3053	0.875
3054	0.875
3055	0.875
3056	0.875
3057	0.875
3058	0.875
3059	0.875
3060	0.875
3061	0.875
3062	0.875
3063	0.875
3064	0.875
3065	0.875
3066	0.875
3067	0.875
3068	0.875
3069	0.875
3070	0.875
3071	0.875
3072	0.875
3073	0.875
3074	0.875
3075	0.875
3076	0.875
3077	0.875
3078	0.875
3079	0.875
3080	0.875
3081	0.875
3082	0.875
3083	0.875
3084	0.875
3085	0.875
3086	0.875
3087	0.875
3088	0.875
3089	0.875
3090	0.875
3091	0.875
3092	0.875
3093	0.875
3094	0.875
3095	0.875
3096	0.875
3097	0.875
3098	0.875
3099	0.875
3100	0.875
3101	0.875
3102	0.875
3103	0.875
3104	0.875
3105	0.875
3106	0.875
3107	0.875
3108	0.875
3109	0.875
3110	0.875
3111	0.875
3112	0.875
3113	0.875
3114	0.875
3115	0.875
3116	0.875
3117	0.875
3118	0.875
3119	0.875
3120	0.875
3121	0.875
3122	0.875
3123	0.875
3124	0.875
3125	0.875
3126	0.875
3127	0.875
3128	0.875
3129	0.875
3130	0.875
3131	0.875
3132	0.875
3133	0.875
3134	0.875
3135	0.875
3136	0.875
3137	0.875
3138	0.875
3139	0.875
3140	0.875
3141	0.875
3142	0.875
3143	0.875
3144	0.875
3145	0.875
3146	0.875
3147	0.875
3148	0.875
3149	0.875
3150	0.875
3151	0.875
3152	0.875
3153	0.875
3154	0.875
3155	0.875
3156	0.875
3157	0.875
3158	0.875
3159	0.875
3160	0.875
3161	0.875
3162	0.875
3163	0.875
3164	0.875
3165	0.875
3166	0.875
3167	0.875
3168	0.875
3169	0.875
3170	0.875
3171	0.875
3172	0.875
3173	0.875
3174	0.875
3175	0.875
3176	0.875
3177	0.875
3178	0.875
3179	0.875
3180	0.875
3181	0.875
3182	0.875
3183	0.875
3184	0.875
3185	0.875
3186	0.875
3187	0.875
3188	0.875
3189	0.875
3190	0.875
3191	0.875
3192	0.875
3193	0.875
3194	0.875
3195	0.875
3196	0.875
3197	0.875
3198	0.875
3199	0.875
3200	0.875
3201	0.875
3202	0.875
3203	0.875
3204	0.875
3205	0.875
3206	0.875
3207	0.875
3208	0.875
3209	0.875
3210	0.875
3211	0.875
3212	0.875
3213	0.875
3214	0.875
3215	0.875
3216	0.875
3217	0.875
3218	0.875
3219	0.875
3220	0.875
3221	0.875
3222	0.875
3223	0.875
3224	0.875
3225	0.875
3226	0.875
3227	0.875
3228	0.875
3229	0.875
3230	0.875
3231	0.875
3232	0.875
3233	0.875
3234	0.875
3235	0.875
3236	0.875
3237	0.875
3238	0.875
3239	0.875
3240	0.875
3241	0.875
3242	0.875
3243	0.875
3244	0.875
3245	0.875
3246	0.875
3247	0.875
3248	0.875
3249	0.875
3250	0.875
3251	0.875
3252	0.875
3253	0.875
3254	0.875
3255	0.875
3256	0.875
3257	0.875
3258	0.875
3259	0.875
3260	0.875
3261	0.875
3262	0.875
3263	0.875
3264	0.875
3265	0.875
3266	0.875
3267	0.875
3268	0.875
3269	0.875
3270	0.875
3271	0.875
3272	0.875
3273	0.875
3274	0.875
3275	0.875
3276	0.875
3277	0.875
3278	0.875
3279	0.875
3280	0.875
3281	0.875
3282	0.875
3283	0.875
3284	0.875
3285	0.875
3286	0.875
3287	0.875
3288	0.875
3289	0.875
3290	0.875
3291	0.875
3292	0.875
3293	0.875
3294	0.875
3295	0.875
3296	0.875
3297	0.875
3298	0.875
3299	0.875
3300	0.875
3301	0.875
3302	0.875
3303	0.875
3304	0.875
3305	0.875
3306	0.875
3307	0.875
3308	0.875
3309	0.875
3310	0.875
3311	0.875
3312	0.875
3313	0.875
3314	0.875
3315	0.875
3316	0.875
3317	0.875
3318	0.875
3319	0.875
3320	0.875
3321	0.875
3322	0.875
3323	0.875
3324	0.875
3325	0.875
3326	0.875
3327	0.875
3328	0.875
3329	0.875
3330	0.875
3331	0.875
3332	0.875
3333	0.875
3334	0.875
3335	0.875
3336	0.875
3337	0.875
3338	0.875
3339	0.875
3340	0.875
3341	0.875
3342	0.875
3343	0.875
3344	0.875
3345	0.875
3346	0.875
3347	0.875
3348	0.875
3349	0.875
3350	0.875
3351	0.875
3352	0.875
3353	0.875
3354	0.875
3355	0.875
3356	0.875
3357	0.875
3358	0.875
3359	0.875
3360	0.875
3361	0.875
3362	0.875
3363	0.875
3364	0.875
3365	0.875
3366	0.875
3367	0.875
3368	0.875
3369	0.875
3370	0.875
3371	0.875
3372	0.875
3373	0.875
3374	0.875
3375	0.875
3376	0.875
3377	0.875
3378	0.875
3379	0.875
3380	0.875
3381	0.875
3382	0.875
3383	0.875
3384	0.875
3385	0.875
3386	0.875
3387	0.875
3388	0.875
3389	0.875
3390	0.875
3391	0.875
3392	0.875
3393	0.875
3394	0.875
3395	0.875
3396	0.875
3397	0.875
3398	0.875
3399	0.875
3400	0.875
3401	0.875
3402	0.875
3403	0.875
3404	0.875
3405	0.875
3406	0.875
3407	0.875
3408	0.875
3409	0.875
3410	0.875
3411	0.875
3412	0.875
3413	0.875
3414	0.875
3415	0.875
3416	0.875
3417	0.875
3418	0.875
3419	0.875
3420	0.875
3421	0.875
3422	0.875
3423	0.875
3424	0.875
3425	0.875
3426	0.875
3427	0.875
3428	0.875
3429	0.875
3430	0.875
3431	0.875
3432	0.875
3433	0.875
3434	0.875
3435	0.875
3436	0.875
3437	0.875
3438	0.875
3439	0.875
3440	0.875
3441	0.875
3442	0.875
3443	0.875
3444	0.875
3445	0.875
3446	0.875
3447	0.875
3448	0.875
3449	0.875
3450	0.875
3451	0.875
3452	0.875
3453	0.875
3454	0.875
3455	0.875
3456	0.875
3457	0.875
3458	0.875
3459	0.875
3460	0.875
3461	0.875
3462	0.875
3463	0.875
3464	0.875
3465	0.875
3466	0.875
3467	0.875
3468	0.875
3469	0.875
3470	0.875
3471	0.875
3472	0.875
3473	0.875
3474	0.875
3475	0.875
3476	0.875
3477	0.875
3478	0.875
3479	0.875
3480	0.875
3481	0.875
3482	0.875
3483	0.875
3484	0.875
3485	0.875
3486	0.875
3487	0.875
3488	0.875
3489	0.875
3490	0.875
3491	0.875
3492	0.875
3493	0.875
3494	0.875
3495	0.875
3496	0.875
3497	0.875
3498	0.875
3499	0.875
3500	0.875
3501	0.875
3502	0.875
3503	0.875
3504	0.875
3505	0.875
3506	0.875
3507	0.875
3508	0.875
3509	0.875
3510	0.875
3511	0.875
3512	0.875
3513	0.875
3514	0.875
3515	0.875
3516	0.875
3517	0.875
3518	0.875
3519	0.875
3520	0.875
3521	0.875
3522	0.875
3523	0.875
3524	0.875
3525	0.875
3526	0.875
3527	0.875
3528	0.875
3529	0.875
3530	0.875
3531	0.875
3532	0.875
3533	0.875
3534	0.875
3535	0.875
3536	0.875
3537	0.875
3538	0.875
3539	0.875
3540	0.875
3541	0.875
3542	0.875
3543	0.875
3544	0.875
3545	0.875
3546	0.875
3547	0.875
3548	0.875
3549	0.875
3550	0.875
3551	0.875
3552	0.875
3553	0.875
3554	0.875
3555	0.875
3556	0.875
3557	0.875
3558	0.875
3559	0.875
3560	0.875
3561	0.875
3562	0.875
3563	0.875
3564	0.875
3565	0.875
3566	0.875
3567	0.875
3568	0.875
3569	0.875
3570	0.875
3571	0.875
3572	0.875
3573	0.875
3574	0.875
3575	0.875
3576	0.875
3577	0.875
3578	0.875
3579	0.875
3580	0.875
3581	0.875
3582	0.875
3583	0.875
3584	0.875
3585	0.875
3586	0.875
3587	0.875
3588	0.875
3589	0.875
3590	0.875
3591	0.875
3592	0.875
3593	0.875
3594	0.875
3595	0.875
3596	0.875
3597	0.875
3598	0.875
3599	0.875
3600	0.875
3601	0.875
3602	0.875
3603	0.875
3604	0.875
3605	0.875
3606	0.875
3607	0.875
3608	0.875
3609	0.875
3610	0.875
3611	0.875
3612	0.875
3613	0.875
3614	0.875
3615	0.875
3616	0.875
3617	0.875
3618	0.875
3619	0.875
3620	0.875
3621	0.875
3622	0.875
3623	0.875
3624	0.875
3625	0.875
3626	0.875
3627	0.875
3628	0.875
3629	0.875
3630	0.875
3631	0.875
3632	0.875
3633	0.875
3634	0.875
3635	0.875
3636	0.875
3637	0.875
3638	0.875
3639	0.875
3640	0.875
3641	0.875
3642	0.875
3643	0.875
3644	0.875
3645	0.875
3646	0.875
3647	0.875
3648	0.875
3649	0.875
3650	0.875
3651	0.875
3652	0.875
3653	0.875
3654	0.875
3655	0.875
3656	0.875
3657	0.875
3658	0.875
3659	0.875
3660	0.875
3661	0.875
3662	0.875
3663	0.875
3664	0.875
3665	0.875
3666	0.875
3667	0.875
3668	0.875
3669	0.875
3670	0.875
3671	0.875
3672	0.875
3673	0.875
3674	0.875
3675	0.875
3676	0.875
3677	0.875
3678	0.875
3679	0.875
3680	0.875
3681	0.875
3682	0.875
3683	0.875
3684	0.875
3685	0.875
3686	0.875
3687	0.875
3688	0.875
3689	0.875
3690	0.875
3691	0.875
3692	0.875
3693	0.875
3694	0.875
3695	0.875
3696	0.875
3697	0.875
3698	0.875
3699	0.875
3700	0.875
3701	0.875
3702	0.875
3703	0.875
3704	0.875
3705	0.875
3706	0.875
3707	0.875
3708	0.875
3709	0.875
3710	0.875
3711	0.875
3712	0.875
3713	0.875
3714	0.875
3715	0.875
3716	0.875
3717	0.875
3718	0.875
3719	0.875
3720	0.875
3721	0.875
3722	0.875
3723	0.875
3724	0.875
3725	0.875
3726	0.875
3727	0.875
3728	0.875
3729	0.875
3730	0.875
3731	0.875
3732	0.875
3733	0.875
3734	0.875
3735	0.875
3736	0.875
3737	0.875
3738	0.875
3739	0.875
3740	0.875
3741	0.875
3742	0.875
3743	0.875
3744	0.875
3745	0.875
3746	0.875
3747	0.875
3748	0.875
3749	0.875
3750	0.875
3751	0.875
3752	0.875
3753	0.875
3754	0.875
3755	0.875
3756	0.875
3757	0.875
3758	0.875
3759	0.875
3760	0.875
3761	0.875
3762	0.875
3763	0.875
3764	0.875
3765	0.875
3766	0.875
3767	0.875
3768	0.875
3769	0.875
3770	0.875
3771	0.875
3772	0.875
3773	0.875
3774	0.875
3775	0.875
3776	0.875
3777	0.875
3778	0.875
3779	0.875
3780	0.875
3781	0.875
3782	0.875
3783	0.875
3784	0.875
3785	0.875
3786	0.875
3787	0.875
3788	0.875
3789	0.875
3790	0.875
3791	0.875
3792	0.875
3793	0.875
3794	0.875
3795	0.875
3796	0.875
3797	0.875
3798	0.875
3799	0.875
3800	0.875
3801	0.875
3802	0.875
3803	0.875
3804	0.875
3805	0.875
3806	0.875
3807	0.875
3808	0.875
3809	0.875
3810	0.875
3811	0.875
3812	0.875
3813	0.875
3814	0.875
3815	0.875
3816	0.875
3817	0.875
3818	0.875
3819	0.875
3820	0.875
3821	0.875
3822	0.875
3823	0.875
3824	0.875
3825	0.875
3826	0.875
3827	0.875
3828	0.875
3829	0.875
3830	0.875
3831	0.875
3832	0.875
3833	0.875
3834	0.875
3835	0.875
3836	0.875
3837	0.875
3838	0.875
3839	0.875
3840	0.875
3841	0.875
3842	0.875
3843	0.875
3844	0.875
3845	0.875
3846	0.875
3847	0.875
3848	0.875
3849	0.875
3850	0.875
3851	0.875
3852	0.875
3853	0.875
3854	0.875
3855	0.875
3856	0.875
3857	0.875
3858	0.875
3859	0.875
3860	0.875
3861	0.875
3862	0.875
3863	0.875
3864	0.875
3865	0.875
3866	0.875
3867	0.875
3868	0.875
3869	0.875
3870	0.875
3871	0.875
3872	0.875
3873	0.875
3874	0.875
3875	0.875
3876	0.875
3877	0.875
3878	0.875
3879	0.875
3880	0.875
3881	0.875
3882	0.875
3883	0.875
3884	0.875
3885	0.875
3886	0.875
3887	0.875
3888	0.875
3889	0.875
3890	0.875
3891	0.875
3892	0.875
3893	0.875
3894	0.875
3895	0.875
3896	0.875
3897	0.875
3898	0.875
3899	0.875
3900	0.875
3901	0.875
3902	0.875
3903	0.875
3904	0.875
3905	0.875
3906	0.875
3907	0.875
3908	0.875
3909	0.875
3910	0.875
3911	0.875
3912	0.875
3913	0.875
3914	0.875
3915	0.875
3916	0.875
3917	0.875
3918	0.875
3919	0.875
3920	0.875
3921	0.875
3922	0.875
3923	0.875
3924	0.875
3925	0.875
3926	0.875
3927	0.875
3928	0.875
3929	0.875
3930	0.875
3931	0.875
3932	0.875
3933	0.875
3934	0.875
3935	0.875
3936	0.875
3937	0.875
3938	0.875
3939	0.875
3940	0.875
3941	0.875
3942	0.875
3943	0.875
3944	0.875
3945	0.875
3946	0.875
3947	0.875
3948	0.875
3949	0.875
3950	0.875
3951	0.875
3952	0.875
3953	0.875
3954	0.875
3955	0.875
3956	0.875
3957	0.875
3958	0.875
3959	0.875
3960	0.875
3961	0.875
3962	0.875
3963	0.875
3964	0.875
3965	0.875
3966	0.875
3967	0.875
3968	0.875
3969	0.875
3970	0.875
3971	0.875
3972	0.875
3973	0.875
3974	0.875
3975	0.875
3976	0.875
3977	0.875
3978	0.875
3979	0.875
3980	0.875
3981	0.875
3982	0.875
3983	0.875
3984	0.875
3985	0.875
3986	0.875
3987	0.875
3988	0.875
3989	0.875
3990	0.875
3991	0.875
3992	0.875
3993	0.875
3994	0.875
3995	0.875
3996	0.875
3997	0.875
3998	0.875
3999	0.875
4000	0.875
4001	0.875
4002	0.875
4003	0.875
4004	0.875
4005	0.875
4006	0.875
4007	0.875
4008	0.875
4009	0.875
4010	0.875
4011	0.875
4012	0.875
4013	0.875
4014	0.875
4015	0.875
4016	0.875
4017	0.875
4018	0.875
4019	0.875
4020	0.875
4021	0.875
4022	0.875
4023	0.875
4024	0.875
4025	0.875
4026	0.875
4027	0.875
4028	0.875
4029	0.875
4030	0.875
4031	0.875
4032	0.875
4033	0.875
4034	0.875
4035	0.875
4036	0.875
4037	0.875
4038	0.875
4039	0.875
4040	0.875
4041	0.875
4042	0.875
4043	0.875
4044	0.875
4045	0.875
4046	0.875
4047	0.875
4048	0.875
4049	0.875
4050	0.875
4051	0.875
4052	0.875
4053	0.875
4054	0.875
4055	0.875
4056	0.875
4057	0.875
4058	0.875
4059	0.875
4060	0.875
4061	0.875
4062	0.875
4063	0.875
4064	0.875
4065	0.875
4066	0.875
4067	0.875
4068	0.875
4069	0.875
4070	0.875
4071	0.875
4072	0.875
4073	0.875
4074	0.875
4075	0.875
4076	0.875
4077	0.875
4078	0.875
4079	0.875
4080	0.875
4081	0.875
4082	0.875
4083	0.875
4084	0.875
4085	0.875
4086	0.875
4087	0.875
4088	0.875
4089	0.875
4090	0.875
4091	0.875
4092	0.875
4093	0.875
4094	0.875
4095	0.875
4096	0.875
4097	0.875
4098	0.875
4099	0.875
4100	0.875
4101	0.875
4102	0.875
4103	0.875
4104	0.875
4105	0.875
4106	0.875
4107	0.875
4108	0.875
4109	0.875
4110	0.875
4111	0.875
4112	0.875
4113	0.875
4114	0.875
4115	0.875
4116	0.875
4117	0.875
4118	0.875
4119	0.875
4120	0.875
4121	0.875
4122	0.875
4123	0.875
4124	0.875
4125	0.875
4126	0.875
4127	0.875
4128	0.875
4129	0.875
4130	0.875
4131	0.875
4132	0.875
4133	0.875
4134	0.875
4135	0.875
4136	0.875
4137	0.875
4138	0.875
4139	0.875
4140	0.875
4141	0.875
4142	0.875
4143	0.875
4144	0.875
4145	0.875
4146	0.875
4147	0.875
4148	0.875
4149	0.875
4150	0.875
4151	0.875
4152	0.875
4153	0.875
4154	0.875
4155	0.875
4156	0.875
4157	0.875
4158	0.875
4159	0.875
4160	0.875
4161	0.875
4162	0.875
4163	0.875
4164	0.875
4165	0.875
4166	0.875
4167	0.875
4168	0.875
4169	0.875
4170	0.875
4171	0.875
4172	0.875
4173	0.875
4174	0.875
4175	0.875
4176	0.875
4177	0.875
4178	0.875
4179	0.875
4180	0.875
4181	0.875
4182	0.875
4183	0.875
4184	0.875
4185	0.875
4186	0.875
4187	0.875
4188	0.875
4189	0.875
4190	0.875
4191	0.875
4192	0.875
4193	0.875
4194	0.875
4195	0.875
4196	0.875
4197	0.875
4198	0.875
4199	0.875
4200	0.875
4201	0.875
4202	0.875
4203	0.875
4204	0.875
4205	0.875
4206	0.875
4207	0.875
4208	0.875
4209	0.875
4210	0.875
4211	0.875
4212	0.875
4213	0.875
4214	0.875
4215	0.875
4216	0.875
4217	0.875
4218	0.875
4219	0.875
4220	0.875
4221	0.875
4222	0.875
4223	0.875
4224	0.875
4225	0.875
4226	0.875
4227	0.875
4228	0.875
4229	0.875
4230	0.875
4231	0.875
4232	0.875
4233	0.875
4234	0.875
4235	0.875
4236	0.875
4237	0.875
4238	0.875
4239	0.875
4240	0.875
4241	0.875
4242	0.875
4243	0.875
4244	0.875
4245	0.875
4246	0.875
4247	0.875
4248	0.875
4249	0.875
4250	0.875
4251	0.875
4252	0.875
4253	0.875
4254	0.875
4255	0.875
4256	0.875
4257	0.875
4258	0.875
4259	0.875
4260	0.875
4261	0.875
4262	0.875
4263	0.875
4264	0.875
4265	0.875
4266	0.875
4267	0.875
4268	0.875
4269	0.875
4270	0.875
4271	0.875
4272	0.875
4273	0.875
4274	0.875
4275	0.875
4276	0.875
4277	0.875
4278	0.875
4279	0.875
4280	0.875
4281	0.875
4282	0.875
4283	0.875
4284	0.875
4285	0.875
4286	0.875
4287	0.875
4288	0.875
4289	0.875
4290	0.875
4291	0.875
4292	0.875
4293	0.875
4294	0.875
4295	0.875
4296	0.875
4297	0.875
4298	0.875
4299	0.875
4300	0.875
4301	0.875
4302	0.875
4303	0.875
4304	0.875
4305	0.875
4306	0.875
4307	0.875
4308	0.875
4309	0.875
4310	0.875
4311	0.875
4312	0.875
4313	0.875
4314	0.875
4315	0.875
4316	0.875
4317	0.875
4318	0.875
4319	0.875
4320	0.875
4321	0.875
4322	0.875
4323	0.875
4324	0.875
4325	0.875
4326	0.875
4327	0.875
4328	0.875
4329	0.875
4330	0.875
4331	0.875
4332	0.875
4333	0.875
4334	0.875
4335	0.875
4336	0.875
4337	0.875
4338	0.875
4339	0.875
4340	0.875
4341	0.875
4342	0.875
4343	0.875
4344	0.875
4345	0.875
4346	0.875
4347	0.875
4348	0.875
4349	0.875
4350	0.875
4351	0.875
4352	0.875
4353	0.875
4354	0.875
4355	0.875
4356	0.875
4357	0.875
4358	0.875
4359	0.875
4360	0.875
4361	0.875
4362	0.875
4363	0.875
4364	0.875
4365	0.875
4366	0.875
4367	0.875
4368	0.875
4369	0.875
4370	0.875
4371	0.875
4372	0.875
4373	0.875
4374	0.875
4375	0.875
4376	0.875
4377	0.875
4378	0.875
4379	0.875
4380	0.875
4381	0.875
4382	0.875
4383	0.875
4384	0.875
4385	0.875
4386	0.875
4387	0.875
4388	0.875
4389	0.875
4390	0.875
4391	0.875
4392	0.875
4393	0.875
4394	0.875
4395	0.875
4396	0.875
4397	0.875
4398	0.875
4399	0.875
4400	0.875
4401	0.875
4402	0.875
4403	0.875
4404	0.875
4405	0.875
4406	0.875
4407	0.875
4408	0.875
4409	0.875
4410	0.875
4411	0.875
4412	0.875
4413	0.875
4414	0.875
4415	0.875
4416	0.875
4417	0.875
4418	0.875
4419	0.875
4420	0.875
4421	0.875
4422	0.875
4423	0.875
4424	0.875
4425	0.875
4426	0.875
4427	0.875
4428	0.875
4429	0.875
4430	0.875
4431	0.875
4432	0.875
4433	0.875
4434	0.875
4435	0.875
4436	0.875
4437	0.875
4438	0.875
4439	0.875
4440	0.875
4441	0.875
4442	0.875
4443	0.875
4444	0.875
4445	0.875
4446	0.875
4447	0.875
4448	0.875
4449	0.875
4450	0.875
4451	0.875
4452	0.875
4453	0.875
4454	0.875
4455	0.875
4456	0.875
4457	0.875
4458	0.875
4459	0.875
4460	0.875
4461	0.875
4462	0.875
4463	0.875
4464	0.875
4465	0.875
4466	0.875
4467	0.875
4468	0.875
4469	0.875
4470	0.875
4471	0.875
4472	0.875
4473	0.875
4474	0.875
4475	0.875
4476	0.875
4477	0.875
4478	0.875
4479	0.875
4480	0.875
4481	0.875
4482	0.875
4483	0.875
4484	0.875
4485	0.875
4486	0.875
4487	0.875
4488	0.875
4489	0.875
4490	0.875
4491	0.875
4492	0.875
4493	0.875
4494	0.875
4495	0.875
4496	0.875
4497	0.875
4498	0.875
4499	0.875
4500	0.875
4501	0.875
4502	0.875
4503	0.875
4504	0.875
4505	0.875
4506	0.875
4507	0.875
4508	0.875
4509	0.875
4510	0.875
4511	0.875
4512	0.875
4513	0.875
4514	0.875
4515	0.875
4516	0.875
4517	0.875
4518	0.875
4519	0.875
4520	0.875
4521	0.875
4522	0.875
4523	0.875
4524	0.875
4525	0.875
4526	0.875
4527	0.875
4528	0.875
4529	0.875
4530	0.875
4531	0.875
4532	0.875
4533	0.875
4534	0.875
4535	0.875
4536	0.875
4537	0.875
4538	0.875
4539	0.875
4540	0.875
4541	0.875
4542	0.875
4543	0.875
4544	0.875
4545	0.875
4546	0.875
4547	0.875
4548	0.875
4549	0.875
4550	0.875
4551	0.875
4552	0.875
4553	0.875
4554	0.875
4555	0.875
4556	0.875
4557	0.875
4558	0.875
4559	0.875
4560	0.875
4561	0.875
4562	0.875
4563	0.875
4564	0.875
4565	0.875
4566	0.875
4567	0.875
4568	0.875
4569	0.875
4570	0.875
4571	0.875
4572	0.875
4573	0.875
4574	0.875
4575	0.875
4576	0.875
4577	0.875
4578	0.875
4579	0.875
4580	0.875
4581	0.875
4582	0.875
4583	0.875
4584	0.875
4585	0.875
4586	0.875
4587	0.875
4588	0.875
4589	0.875
4590	0.875
4591	0.875
4592	0.875
4593	0.875
4594	0.875
4595	0.875
4596	0.875
4597	0.875
4598	0.875
4599	0.875
4600	0.875
4601	0.875
4602	0.875
4603	0.875
4604	0.875
4605	0.875
4606	0.875
4607	0.875
4608	0.875
4609	0.875
4610	0.875
4611	0.875
4612	0.875
4613	0.875
4614	0.875
4615	0.875
4616	0.875
4617	0.875
4618	0.875
4619	0.875
4620	0.875
4621	0.875
4622	0.875
4623	0.875
4624	0.875
4625	0.875
4626	0.875
4627	0.875
4628	0.875
4629	0.875
4630	0.875
4631	0.875
4632	0.875
4633	0.875
4634	0.875
4635	0.875
4636	0.875
4637	0.875
4638	0.875
4639	0.875
4640	0.875
4641	0.875
4642	0.875
4643	0.875
4644	0.875
4645	0.875
4646	0.875
4647	0.875
4648	0.875
4649	0.875
4650	0.875
4651	0.875
4652	0.875
4653	0.875
4654	0.875
4655	0.875
4656	0.875
4657	0.875
4658	0.875
4659	0.875
4660	0.875
4661	0.875
4662	0.875
4663	0.875
4664	0.875
4665	0.875
4666	0.875
4667	0.875
4668	0.875
4669	0.875
4670	0.875
4671	0.875
4672	0.875
4673	0.875
4674	0.875
4675	0.90625
4676	0.90625
4677	0.90625
4678	0.90625
4679	0.90625
4680	0.9375
4681	0.9375
4682	0.9375
4683	0.9375
4684	0.9375
4685	0.9375
4686	0.9375
4687	0.9375
4688	0.9375
4689	0.9375
4690	0.9375
4691	0.9375
4692	0.9375
4693	0.9375
4694	0.9375
4695	0.9375
4696	0.9375
4697	0.9375
4698	0.9375
4699	0.9375
4700	0.9375
4701	0.9375
4702	0.9375
4703	0.9375
4704	0.9375
4705	0.9375
4706	0.9375
4707	0.9375
4708	0.9375
4709	0.9375
4710	0.9375
4711	0.9375
4712	0.9375
4713	0.9375
4714	0.9375
4715	0.9375
4716	0.9375
4717	0.9375
4718	0.9375
4719	0.9375
4720	0.9375
4721	0.9375
4722	0.9375
4723	0.9375
4724	0.9375
4725	0.9375
4726	0.9375
4727	0.9375
4728	0.9375
4729	0.9375
4730	0.9375
4731	0.9375
4732	0.9375
4733	0.9375
4734	0.9375
4735	0.9375
4736	0.9375
4737	0.9375
4738	0.9375
4739	0.9375
4740	0.9375
4741	0.9375
4742	0.9375
4743	0.9375
4744	0.9375
4745	0.9375
4746	0.9375
4747	0.9375
4748	0.9375
4749	0.9375
4750	0.9375
4751	0.9375
4752	0.9375
4753	0.9375
4754	0.9375
4755	0.9375
4756	0.9375
4757	0.9375
4758	0.9375
4759	0.9375
4760	0.9375
4761	0.9375
4762	0.9375
4763	0.9375
4764	0.9375
4765	0.9375
4766	0.9375
4767	0.9375
4768	0.9375
4769	0.9375
4770	0.9375
4771	0.9375
4772	0.9375
4773	0.9375
4774	0.9375
4775	0.9375
4776	0.9375
4777	0.9375
4778	0.9375
4779	0.9375
4780	0.9375
4781	0.9375
4782	0.9375
4783	0.9375
4784	0.9375
4785	0.9375
4786	0.9375
4787	0.9375
4788	0.9375
4789	0.9375
4790	0.9375
4791	0.9375
4792	0.9375
4793	0.9375
4794	0.9375
4795	0.9375
4796	0.9375
4797	0.9375
4798	0.9375
4799	0.9375
4800	0.9375
4801	0.9375
4802	0.9375
4803	0.9375
4804	0.9375
4805	0.9375
4806	0.9375
4807	0.9375
4808	0.9375
4809	0.9375
4810	1
## No. organisms: 20
## Seeds        : 1502475415, 61940
## Runtime      : 0h 2m 52s.
## Started at   : Sun Aug 30 11:38:53 2020
## Ended at     : Sun Aug 30 11:41:45 2020
