1	0.5
2	0.5
3	0.5
4	0.5
5	0.5
6	0.5
7	0.5
8	0.5
9	0.5
10	0.5
11	0.5
12	0.5
13	0.5
14	0.5
15	0.5
16	0.5
17	0.5
18	0.5
19	0.5
20	0.5
21	0.5
22	0.5
23	0.5
24	0.5
25	0.5
26	0.5
27	0.5
28	0.5
29	0.5
30	0.5
31	0.5
32	0.5
33	0.5
34	0.5
35	0.5
36	0.5
37	0.5
38	0.503906
39	0.503906
40	0.503906
41	0.503906
42	0.511719
43	0.511719
44	0.511719
45	0.511719
46	0.511719
47	0.511719
48	0.511719
49	0.511719
50	0.511719
51	0.527344
52	0.527344
53	0.527344
54	0.527344
55	0.527344
56	0.527344
57	0.527344
58	0.527344
59	0.527344
60	0.527344
61	0.539062
62	0.539062
63	0.539062
64	0.554688
65	0.554688
66	0.554688
67	0.554688
68	0.554688
69	0.554688
70	0.554688
71	0.554688
72	0.554688
73	0.554688
74	0.554688
75	0.554688
76	0.554688
77	0.554688
78	0.554688
79	0.554688
80	0.554688
81	0.554688
82	0.554688
83	0.554688
84	0.554688
85	0.554688
86	0.554688
87	0.554688
88	0.554688
89	0.554688
90	0.554688
91	0.554688
92	0.5625
93	0.5625
94	0.5625
95	0.5625
96	0.5625
97	0.5625
98	0.5625
99	0.5625
100	0.5625
101	0.5625
102	0.5625
103	0.5625
104	0.5625
105	0.5625
106	0.5625
107	0.5625
108	0.5625
109	0.5625
110	0.5625
111	0.5625
112	0.5625
113	0.5625
114	0.5625
115	0.5625
116	0.5625
117	0.5625
118	0.5625
119	0.5625
120	0.5625
121	0.5625
122	0.5625
123	0.5625
124	0.5625
125	0.5625
126	0.5625
127	0.5625
128	0.5625
129	0.5625
130	0.5625
131	0.5625
132	0.5625
133	0.5625
134	0.5625
135	0.5625
136	0.5625
137	0.5625
138	0.5625
139	0.5625
140	0.5625
141	0.5625
142	0.5625
143	0.5625
144	0.5625
145	0.5625
146	0.5625
147	0.5625
148	0.5625
149	0.5625
150	0.5625
151	0.5625
152	0.5625
153	0.5625
154	0.5625
155	0.5625
156	0.5625
157	0.5625
158	0.5625
159	0.5625
160	0.5625
161	0.5625
162	0.5625
163	0.5625
164	0.5625
165	0.5625
166	0.5625
167	0.5625
168	0.5625
169	0.5625
170	0.5625
171	0.5625
172	0.5625
173	0.5625
174	0.5625
175	0.5625
176	0.5625
177	0.5625
178	0.5625
179	0.5625
180	0.5625
181	0.5625
182	0.5625
183	0.5625
184	0.5625
185	0.5625
186	0.5625
187	0.5625
188	0.5625
189	0.5625
190	0.5625
191	0.5625
192	0.5625
193	0.5625
194	0.5625
195	0.5625
196	0.5625
197	0.5625
198	0.5625
199	0.5625
200	0.5625
201	0.5625
202	0.5625
203	0.5625
204	0.5625
205	0.5625
206	0.5625
207	0.5625
208	0.5625
209	0.5625
210	0.5625
211	0.5625
212	0.5625
213	0.5625
214	0.5625
215	0.5625
216	0.5625
217	0.5625
218	0.5625
219	0.5625
220	0.5625
221	0.5625
222	0.5625
223	0.5625
224	0.5625
225	0.5625
226	0.5625
227	0.5625
228	0.5625
229	0.5625
230	0.5625
231	0.5625
232	0.5625
233	0.5625
234	0.5625
235	0.5625
236	0.5625
237	0.5625
238	0.5625
239	0.5625
240	0.5625
241	0.5625
242	0.5625
243	0.5625
244	0.5625
245	0.5625
246	0.5625
247	0.5625
248	0.5625
249	0.5625
250	0.5625
251	0.5625
252	0.5625
253	0.5625
254	0.5625
255	0.5625
256	0.5625
257	0.5625
258	0.5625
259	0.5625
260	0.5625
261	0.5625
262	0.5625
263	0.5625
264	0.5625
265	0.5625
266	0.5625
267	0.5625
268	0.5625
269	0.5625
270	0.5625
271	0.5625
272	0.5625
273	0.5625
274	0.5625
275	0.5625
276	0.5625
277	0.5625
278	0.5625
279	0.5625
280	0.5625
281	0.5625
282	0.5625
283	0.5625
284	0.5625
285	0.5625
286	0.5625
287	0.5625
288	0.5625
289	0.5625
290	0.5625
291	0.5625
292	0.5625
293	0.5625
294	0.5625
295	0.5625
296	0.5625
297	0.5625
298	0.5625
299	0.5625
300	0.5625
301	0.5625
302	0.5625
303	0.5625
304	0.5625
305	0.5625
306	0.5625
307	0.5625
308	0.5625
309	0.5625
310	0.5625
311	0.5625
312	0.5625
313	0.5625
314	0.5625
315	0.5625
316	0.5625
317	0.5625
318	0.5625
319	0.5625
320	0.5625
321	0.5625
322	0.5625
323	0.5625
324	0.5625
325	0.5625
326	0.5625
327	0.5625
328	0.5625
329	0.5625
330	0.5625
331	0.5625
332	0.5625
333	0.5625
334	0.5625
335	0.5625
336	0.5625
337	0.5625
338	0.5625
339	0.5625
340	0.5625
341	0.5625
342	0.5625
343	0.5625
344	0.5625
345	0.5625
346	0.5625
347	0.5625
348	0.5625
349	0.5625
350	0.5625
351	0.5625
352	0.5625
353	0.5625
354	0.5625
355	0.5625
356	0.5625
357	0.5625
358	0.5625
359	0.5625
360	0.5625
361	0.5625
362	0.5625
363	0.5625
364	0.5625
365	0.5625
366	0.5625
367	0.5625
368	0.5625
369	0.5625
370	0.5625
371	0.5625
372	0.5625
373	0.5625
374	0.5625
375	0.5625
376	0.5625
377	0.5625
378	0.5625
379	0.5625
380	0.5625
381	0.5625
382	0.5625
383	0.5625
384	0.5625
385	0.5625
386	0.5625
387	0.5625
388	0.5625
389	0.5625
390	0.5625
391	0.5625
392	0.5625
393	0.5625
394	0.5625
395	0.5625
396	0.5625
397	0.5625
398	0.5625
399	0.5625
400	0.5625
401	0.5625
402	0.5625
403	0.5625
404	0.5625
405	0.5625
406	0.5625
407	0.5625
408	0.5625
409	0.5625
410	0.5625
411	0.5625
412	0.5625
413	0.5625
414	0.5625
415	0.5625
416	0.5625
417	0.5625
418	0.5625
419	0.5625
420	0.5625
421	0.5625
422	0.5625
423	0.5625
424	0.5625
425	0.5625
426	0.5625
427	0.5625
428	0.5625
429	0.5625
430	0.5625
431	0.5625
432	0.5625
433	0.5625
434	0.5625
435	0.5625
436	0.5625
437	0.5625
438	0.5625
439	0.5625
440	0.5625
441	0.5625
442	0.5625
443	0.5625
444	0.5625
445	0.5625
446	0.5625
447	0.5625
448	0.5625
449	0.5625
450	0.5625
451	0.5625
452	0.5625
453	0.5625
454	0.5625
455	0.5625
456	0.5625
457	0.5625
458	0.5625
459	0.5625
460	0.5625
461	0.5625
462	0.5625
463	0.5625
464	0.5625
465	0.5625
466	0.5625
467	0.5625
468	0.5625
469	0.5625
470	0.5625
471	0.5625
472	0.5625
473	0.5625
474	0.5625
475	0.5625
476	0.5625
477	0.5625
478	0.5625
479	0.5625
480	0.5625
481	0.5625
482	0.5625
483	0.5625
484	0.5625
485	0.5625
486	0.5625
487	0.5625
488	0.5625
489	0.5625
490	0.5625
491	0.5625
492	0.5625
493	0.5625
494	0.5625
495	0.5625
496	0.5625
497	0.5625
498	0.5625
499	0.5625
500	0.5625
501	0.5625
502	0.5625
503	0.5625
504	0.5625
505	0.5625
506	0.5625
507	0.5625
508	0.5625
509	0.5625
510	0.5625
511	0.5625
512	0.5625
513	0.5625
514	0.5625
515	0.5625
516	0.5625
517	0.5625
518	0.5625
519	0.5625
520	0.5625
521	0.5625
522	0.5625
523	0.5625
524	0.5625
525	0.5625
526	0.5625
527	0.5625
528	0.5625
529	0.5625
530	0.5625
531	0.5625
532	0.5625
533	0.5625
534	0.5625
535	0.5625
536	0.5625
537	0.5625
538	0.5625
539	0.5625
540	0.5625
541	0.5625
542	0.5625
543	0.5625
544	0.5625
545	0.5625
546	0.5625
547	0.5625
548	0.5625
549	0.5625
550	0.5625
551	0.5625
552	0.5625
553	0.5625
554	0.5625
555	0.5625
556	0.5625
557	0.5625
558	0.5625
559	0.5625
560	0.5625
561	0.5625
562	0.5625
563	0.5625
564	0.5625
565	0.5625
566	0.5625
567	0.5625
568	0.5625
569	0.5625
570	0.5625
571	0.5625
572	0.5625
573	0.5625
574	0.5625
575	0.5625
576	0.5625
577	0.5625
578	0.5625
579	0.5625
580	0.5625
581	0.5625
582	0.5625
583	0.5625
584	0.5625
585	0.5625
586	0.5625
587	0.5625
588	0.5625
589	0.5625
590	0.5625
591	0.5625
592	0.5625
593	0.5625
594	0.5625
595	0.5625
596	0.5625
597	0.5625
598	0.5625
599	0.5625
600	0.5625
601	0.5625
602	0.5625
603	0.5625
604	0.5625
605	0.5625
606	0.5625
607	0.5625
608	0.5625
609	0.5625
610	0.5625
611	0.5625
612	0.5625
613	0.5625
614	0.5625
615	0.5625
616	0.5625
617	0.5625
618	0.5625
619	0.5625
620	0.5625
621	0.5625
622	0.5625
623	0.5625
624	0.5625
625	0.5625
626	0.5625
627	0.5625
628	0.5625
629	0.5625
630	0.5625
631	0.5625
632	0.5625
633	0.5625
634	0.5625
635	0.5625
636	0.5625
637	0.5625
638	0.5625
639	0.5625
640	0.5625
641	0.5625
642	0.5625
643	0.5625
644	0.5625
645	0.5625
646	0.5625
647	0.5625
648	0.5625
649	0.5625
650	0.5625
651	0.5625
652	0.5625
653	0.5625
654	0.5625
655	0.5625
656	0.5625
657	0.5625
658	0.5625
659	0.5625
660	0.5625
661	0.5625
662	0.5625
663	0.5625
664	0.5625
665	0.5625
666	0.5625
667	0.5625
668	0.5625
669	0.5625
670	0.5625
671	0.5625
672	0.5625
673	0.5625
674	0.5625
675	0.5625
676	0.5625
677	0.5625
678	0.5625
679	0.5625
680	0.5625
681	0.5625
682	0.5625
683	0.5625
684	0.5625
685	0.5625
686	0.5625
687	0.5625
688	0.5625
689	0.5625
690	0.5625
691	0.5625
692	0.5625
693	0.5625
694	0.5625
695	0.5625
696	0.5625
697	0.5625
698	0.5625
699	0.5625
700	0.5625
701	0.5625
702	0.5625
703	0.5625
704	0.5625
705	0.5625
706	0.5625
707	0.5625
708	0.5625
709	0.5625
710	0.5625
711	0.5625
712	0.5625
713	0.5625
714	0.5625
715	0.5625
716	0.5625
717	0.5625
718	0.5625
719	0.5625
720	0.5625
721	0.5625
722	0.5625
723	0.5625
724	0.5625
725	0.5625
726	0.5625
727	0.5625
728	0.5625
729	0.5625
730	0.5625
731	0.5625
732	0.5625
733	0.5625
734	0.5625
735	0.5625
736	0.5625
737	0.5625
738	0.5625
739	0.5625
740	0.5625
741	0.5625
742	0.5625
743	0.5625
744	0.5625
745	0.5625
746	0.5625
747	0.5625
748	0.5625
749	0.5625
750	0.5625
751	0.5625
752	0.5625
753	0.5625
754	0.5625
755	0.5625
756	0.5625
757	0.5625
758	0.5625
759	0.5625
760	0.5625
761	0.5625
762	0.570312
763	0.570312
764	0.578125
765	0.578125
766	0.578125
767	0.578125
768	0.578125
769	0.578125
770	0.578125
771	0.578125
772	0.585938
773	0.585938
774	0.585938
775	0.585938
776	0.585938
777	0.585938
778	0.585938
779	0.585938
780	0.585938
781	0.585938
782	0.585938
783	0.585938
784	0.585938
785	0.585938
786	0.585938
787	0.585938
788	0.585938
789	0.585938
790	0.585938
791	0.585938
792	0.585938
793	0.585938
794	0.585938
795	0.585938
796	0.585938
797	0.585938
798	0.585938
799	0.585938
800	0.585938
801	0.585938
802	0.585938
803	0.585938
804	0.585938
805	0.585938
806	0.585938
807	0.585938
808	0.585938
809	0.585938
810	0.585938
811	0.585938
812	0.585938
813	0.585938
814	0.585938
815	0.585938
816	0.585938
817	0.585938
818	0.585938
819	0.585938
820	0.585938
821	0.585938
822	0.585938
823	0.585938
824	0.585938
825	0.585938
826	0.585938
827	0.585938
828	0.585938
829	0.585938
830	0.585938
831	0.585938
832	0.585938
833	0.585938
834	0.585938
835	0.585938
836	0.585938
837	0.585938
838	0.585938
839	0.585938
840	0.585938
841	0.585938
842	0.585938
843	0.585938
844	0.585938
845	0.585938
846	0.585938
847	0.585938
848	0.585938
849	0.585938
850	0.585938
851	0.585938
852	0.585938
853	0.585938
854	0.585938
855	0.585938
856	0.585938
857	0.585938
858	0.585938
859	0.585938
860	0.585938
861	0.585938
862	0.585938
863	0.585938
864	0.585938
865	0.585938
866	0.585938
867	0.585938
868	0.585938
869	0.585938
870	0.585938
871	0.585938
872	0.585938
873	0.585938
874	0.585938
875	0.585938
876	0.585938
877	0.59375
878	0.59375
879	0.59375
880	0.59375
881	0.59375
882	0.59375
883	0.59375
884	0.59375
885	0.59375
886	0.59375
887	0.59375
888	0.59375
889	0.59375
890	0.59375
891	0.59375
892	0.59375
893	0.59375
894	0.59375
895	0.59375
896	0.59375
897	0.59375
898	0.59375
899	0.59375
900	0.59375
901	0.59375
902	0.59375
903	0.59375
904	0.59375
905	0.59375
906	0.59375
907	0.59375
908	0.59375
909	0.59375
910	0.59375
911	0.59375
912	0.59375
913	0.59375
914	0.59375
915	0.59375
916	0.59375
917	0.59375
918	0.59375
919	0.59375
920	0.59375
921	0.59375
922	0.59375
923	0.59375
924	0.59375
925	0.59375
926	0.59375
927	0.59375
928	0.59375
929	0.59375
930	0.625
931	0.625
932	0.625
933	0.625
934	0.625
935	0.625
936	0.625
937	0.625
938	0.625
939	0.625
940	0.625
941	0.625
942	0.625
943	0.625
944	0.625
945	0.625
946	0.625
947	0.625
948	0.625
949	0.625
950	0.625
951	0.625
952	0.625
953	0.625
954	0.625
955	0.625
956	0.625
957	0.625
958	0.625
959	0.625
960	0.625
961	0.625
962	0.625
963	0.625
964	0.625
965	0.625
966	0.625
967	0.625
968	0.625
969	0.625
970	0.625
971	0.625
972	0.625
973	0.625
974	0.625
975	0.625
976	0.625
977	0.625
978	0.625
979	0.625
980	0.625
981	0.625
982	0.625
983	0.625
984	0.625
985	0.625
986	0.625
987	0.625
988	0.625
989	0.625
990	0.625
991	0.625
992	0.625
993	0.625
994	0.625
995	0.625
996	0.625
997	0.625
998	0.625
999	0.625
1000	0.625
1001	0.625
1002	0.625
1003	0.625
1004	0.625
1005	0.625
1006	0.625
1007	0.625
1008	0.625
1009	0.625
1010	0.625
1011	0.625
1012	0.625
1013	0.625
1014	0.625
1015	0.625
1016	0.625
1017	0.625
1018	0.625
1019	0.625
1020	0.625
1021	0.625
1022	0.625
1023	0.625
1024	0.625
1025	0.625
1026	0.625
1027	0.625
1028	0.625
1029	0.625
1030	0.625
1031	0.625
1032	0.625
1033	0.625
1034	0.625
1035	0.625
1036	0.625
1037	0.625
1038	0.625
1039	0.625
1040	0.625
1041	0.625
1042	0.625
1043	0.625
1044	0.625
1045	0.625
1046	0.625
1047	0.625
1048	0.625
1049	0.625
1050	0.625
1051	0.625
1052	0.625
1053	0.625
1054	0.625
1055	0.625
1056	0.625
1057	0.625
1058	0.625
1059	0.625
1060	0.625
1061	0.625
1062	0.625
1063	0.625
1064	0.625
1065	0.625
1066	0.625
1067	0.625
1068	0.625
1069	0.625
1070	0.625
1071	0.625
1072	0.625
1073	0.625
1074	0.625
1075	0.625
1076	0.625
1077	0.625
1078	0.625
1079	0.625
1080	0.625
1081	0.625
1082	0.625
1083	0.625
1084	0.625
1085	0.625
1086	0.625
1087	0.625
1088	0.625
1089	0.625
1090	0.625
1091	0.625
1092	0.625
1093	0.625
1094	0.625
1095	0.625
1096	0.625
1097	0.625
1098	0.625
1099	0.625
1100	0.625
1101	0.625
1102	0.625
1103	0.625
1104	0.625
1105	0.625
1106	0.625
1107	0.625
1108	0.625
1109	0.625
1110	0.625
1111	0.625
1112	0.625
1113	0.625
1114	0.625
1115	0.625
1116	0.625
1117	0.625
1118	0.625
1119	0.625
1120	0.625
1121	0.625
1122	0.625
1123	0.625
1124	0.625
1125	0.625
1126	0.625
1127	0.625
1128	0.625
1129	0.625
1130	0.625
1131	0.625
1132	0.625
1133	0.625
1134	0.625
1135	0.625
1136	0.625
1137	0.625
1138	0.625
1139	0.625
1140	0.625
1141	0.625
1142	0.625
1143	0.625
1144	0.625
1145	0.625
1146	0.625
1147	0.625
1148	0.625
1149	0.625
1150	0.625
1151	0.625
1152	0.625
1153	0.625
1154	0.625
1155	0.625
1156	0.625
1157	0.625
1158	0.625
1159	0.625
1160	0.625
1161	0.625
1162	0.625
1163	0.625
1164	0.625
1165	0.625
1166	0.625
1167	0.625
1168	0.625
1169	0.625
1170	0.625
1171	0.625
1172	0.625
1173	0.625
1174	0.625
1175	0.625
1176	0.625
1177	0.625
1178	0.625
1179	0.625
1180	0.625
1181	0.625
1182	0.625
1183	0.625
1184	0.625
1185	0.625
1186	0.625
1187	0.625
1188	0.625
1189	0.625
1190	0.625
1191	0.625
1192	0.625
1193	0.625
1194	0.625
1195	0.625
1196	0.625
1197	0.625
1198	0.625
1199	0.625
1200	0.625
1201	0.625
1202	0.625
1203	0.625
1204	0.625
1205	0.625
1206	0.625
1207	0.625
1208	0.625
1209	0.625
1210	0.625
1211	0.625
1212	0.625
1213	0.625
1214	0.625
1215	0.625
1216	0.625
1217	0.625
1218	0.625
1219	0.625
1220	0.625
1221	0.625
1222	0.625
1223	0.625
1224	0.625
1225	0.625
1226	0.625
1227	0.625
1228	0.625
1229	0.625
1230	0.625
1231	0.625
1232	0.625
1233	0.625
1234	0.625
1235	0.625
1236	0.625
1237	0.625
1238	0.625
1239	0.625
1240	0.625
1241	0.625
1242	0.625
1243	0.625
1244	0.625
1245	0.625
1246	0.625
1247	0.625
1248	0.625
1249	0.625
1250	0.625
1251	0.625
1252	0.625
1253	0.625
1254	0.625
1255	0.625
1256	0.625
1257	0.625
1258	0.625
1259	0.625
1260	0.625
1261	0.625
1262	0.625
1263	0.625
1264	0.625
1265	0.625
1266	0.625
1267	0.625
1268	0.625
1269	0.625
1270	0.625
1271	0.625
1272	0.625
1273	0.625
1274	0.625
1275	0.625
1276	0.625
1277	0.625
1278	0.625
1279	0.625
1280	0.625
1281	0.625
1282	0.625
1283	0.625
1284	0.625
1285	0.625
1286	0.625
1287	0.625
1288	0.625
1289	0.625
1290	0.625
1291	0.625
1292	0.625
1293	0.625
1294	0.625
1295	0.625
1296	0.625
1297	0.625
1298	0.625
1299	0.625
1300	0.625
1301	0.625
1302	0.625
1303	0.625
1304	0.625
1305	0.625
1306	0.625
1307	0.625
1308	0.625
1309	0.625
1310	0.625
1311	0.625
1312	0.625
1313	0.625
1314	0.625
1315	0.625
1316	0.625
1317	0.625
1318	0.625
1319	0.625
1320	0.625
1321	0.625
1322	0.625
1323	0.625
1324	0.625
1325	0.625
1326	0.625
1327	0.625
1328	0.625
1329	0.625
1330	0.625
1331	0.625
1332	0.625
1333	0.625
1334	0.625
1335	0.625
1336	0.625
1337	0.625
1338	0.625
1339	0.625
1340	0.625
1341	0.625
1342	0.625
1343	0.625
1344	0.625
1345	0.625
1346	0.625
1347	0.625
1348	0.625
1349	0.625
1350	0.625
1351	0.625
1352	0.625
1353	0.625
1354	0.625
1355	0.625
1356	0.625
1357	0.625
1358	0.625
1359	0.625
1360	0.625
1361	0.625
1362	0.625
1363	0.625
1364	0.625
1365	0.625
1366	0.625
1367	0.625
1368	0.625
1369	0.625
1370	0.625
1371	0.625
1372	0.625
1373	0.625
1374	0.625
1375	0.625
1376	0.625
1377	0.625
1378	0.625
1379	0.625
1380	0.625
1381	0.625
1382	0.625
1383	0.625
1384	0.625
1385	0.625
1386	0.625
1387	0.625
1388	0.625
1389	0.625
1390	0.625
1391	0.625
1392	0.625
1393	0.625
1394	0.625
1395	0.625
1396	0.625
1397	0.625
1398	0.625
1399	0.625
1400	0.625
1401	0.625
1402	0.625
1403	0.625
1404	0.625
1405	0.625
1406	0.625
1407	0.625
1408	0.625
1409	0.625
1410	0.625
1411	0.625
1412	0.625
1413	0.625
1414	0.625
1415	0.625
1416	0.625
1417	0.625
1418	0.625
1419	0.625
1420	0.625
1421	0.625
1422	0.625
1423	0.625
1424	0.625
1425	0.625
1426	0.625
1427	0.625
1428	0.625
1429	0.625
1430	0.625
1431	0.625
1432	0.625
1433	0.625
1434	0.625
1435	0.625
1436	0.625
1437	0.625
1438	0.625
1439	0.625
1440	0.625
1441	0.625
1442	0.625
1443	0.625
1444	0.625
1445	0.625
1446	0.625
1447	0.625
1448	0.625
1449	0.625
1450	0.625
1451	0.625
1452	0.625
1453	0.625
1454	0.625
1455	0.625
1456	0.625
1457	0.625
1458	0.625
1459	0.625
1460	0.625
1461	0.625
1462	0.625
1463	0.625
1464	0.625
1465	0.625
1466	0.625
1467	0.625
1468	0.625
1469	0.625
1470	0.625
1471	0.625
1472	0.625
1473	0.625
1474	0.625
1475	0.625
1476	0.625
1477	0.625
1478	0.625
1479	0.625
1480	0.625
1481	0.625
1482	0.625
1483	0.625
1484	0.625
1485	0.625
1486	0.625
1487	0.625
1488	0.625
1489	0.625
1490	0.625
1491	0.625
1492	0.625
1493	0.625
1494	0.625
1495	0.625
1496	0.625
1497	0.625
1498	0.625
1499	0.625
1500	0.625
1501	0.625
1502	0.625
1503	0.625
1504	0.625
1505	0.625
1506	0.625
1507	0.625
1508	0.625
1509	0.625
1510	0.625
1511	0.625
1512	0.625
1513	0.625
1514	0.625
1515	0.625
1516	0.625
1517	0.625
1518	0.625
1519	0.625
1520	0.625
1521	0.625
1522	0.625
1523	0.625
1524	0.625
1525	0.625
1526	0.625
1527	0.625
1528	0.625
1529	0.625
1530	0.625
1531	0.625
1532	0.625
1533	0.625
1534	0.625
1535	0.625
1536	0.625
1537	0.625
1538	0.625
1539	0.625
1540	0.625
1541	0.625
1542	0.625
1543	0.625
1544	0.625
1545	0.625
1546	0.625
1547	0.625
1548	0.625
1549	0.625
1550	0.625
1551	0.625
1552	0.625
1553	0.625
1554	0.625
1555	0.625
1556	0.625
1557	0.625
1558	0.625
1559	0.625
1560	0.625
1561	0.625
1562	0.625
1563	0.625
1564	0.625
1565	0.625
1566	0.625
1567	0.625
1568	0.625
1569	0.625
1570	0.625
1571	0.625
1572	0.625
1573	0.625
1574	0.625
1575	0.625
1576	0.625
1577	0.625
1578	0.625
1579	0.625
1580	0.625
1581	0.625
1582	0.625
1583	0.625
1584	0.625
1585	0.625
1586	0.625
1587	0.625
1588	0.625
1589	0.625
1590	0.625
1591	0.625
1592	0.625
1593	0.625
1594	0.625
1595	0.625
1596	0.625
1597	0.625
1598	0.625
1599	0.625
1600	0.625
1601	0.625
1602	0.625
1603	0.625
1604	0.625
1605	0.625
1606	0.625
1607	0.625
1608	0.625
1609	0.625
1610	0.625
1611	0.625
1612	0.625
1613	0.625
1614	0.625
1615	0.625
1616	0.625
1617	0.625
1618	0.625
1619	0.625
1620	0.625
1621	0.625
1622	0.625
1623	0.625
1624	0.59375
1625	0.59375
1626	0.59375
1627	0.59375
1628	0.59375
1629	0.59375
1630	0.59375
1631	0.59375
1632	0.59375
1633	0.59375
1634	0.59375
1635	0.59375
1636	0.59375
1637	0.59375
1638	0.59375
1639	0.59375
1640	0.59375
1641	0.59375
1642	0.59375
1643	0.59375
1644	0.59375
1645	0.59375
1646	0.609375
1647	0.609375
1648	0.609375
1649	0.609375
1650	0.609375
1651	0.609375
1652	0.609375
1653	0.609375
1654	0.625
1655	0.625
1656	0.625
1657	0.625
1658	0.625
1659	0.625
1660	0.625
1661	0.625
1662	0.625
1663	0.625
1664	0.625
1665	0.625
1666	0.625
1667	0.625
1668	0.625
1669	0.625
1670	0.625
1671	0.625
1672	0.625
1673	0.625
1674	0.625
1675	0.625
1676	0.625
1677	0.625
1678	0.625
1679	0.625
1680	0.625
1681	0.625
1682	0.625
1683	0.625
1684	0.625
1685	0.625
1686	0.625
1687	0.625
1688	0.625
1689	0.625
1690	0.625
1691	0.625
1692	0.625
1693	0.625
1694	0.625
1695	0.625
1696	0.625
1697	0.625
1698	0.625
1699	0.625
1700	0.625
1701	0.625
1702	0.625
1703	0.625
1704	0.625
1705	0.625
1706	0.625
1707	0.625
1708	0.625
1709	0.625
1710	0.625
1711	0.625
1712	0.625
1713	0.625
1714	0.625
1715	0.625
1716	0.625
1717	0.625
1718	0.625
1719	0.625
1720	0.625
1721	0.625
1722	0.625
1723	0.625
1724	0.625
1725	0.625
1726	0.625
1727	0.625
1728	0.625
1729	0.625
1730	0.625
1731	0.625
1732	0.625
1733	0.625
1734	0.625
1735	0.625
1736	0.625
1737	0.625
1738	0.625
1739	0.625
1740	0.625
1741	0.625
1742	0.625
1743	0.625
1744	0.625
1745	0.625
1746	0.625
1747	0.625
1748	0.625
1749	0.625
1750	0.625
1751	0.625
1752	0.625
1753	0.625
1754	0.625
1755	0.625
1756	0.625
1757	0.625
1758	0.625
1759	0.625
1760	0.625
1761	0.625
1762	0.625
1763	0.625
1764	0.625
1765	0.625
1766	0.625
1767	0.625
1768	0.625
1769	0.625
1770	0.625
1771	0.625
1772	0.625
1773	0.625
1774	0.625
1775	0.625
1776	0.625
1777	0.625
1778	0.625
1779	0.625
1780	0.625
1781	0.625
1782	0.625
1783	0.625
1784	0.625
1785	0.625
1786	0.625
1787	0.625
1788	0.625
1789	0.625
1790	0.625
1791	0.625
1792	0.625
1793	0.625
1794	0.625
1795	0.625
1796	0.625
1797	0.625
1798	0.625
1799	0.625
1800	0.625
1801	0.625
1802	0.625
1803	0.625
1804	0.625
1805	0.625
1806	0.625
1807	0.625
1808	0.625
1809	0.625
1810	0.625
1811	0.625
1812	0.625
1813	0.625
1814	0.625
1815	0.625
1816	0.625
1817	0.625
1818	0.625
1819	0.625
1820	0.625
1821	0.625
1822	0.625
1823	0.625
1824	0.625
1825	0.625
1826	0.625
1827	0.625
1828	0.625
1829	0.625
1830	0.625
1831	0.625
1832	0.625
1833	0.625
1834	0.625
1835	0.625
1836	0.625
1837	0.625
1838	0.625
1839	0.625
1840	0.625
1841	0.625
1842	0.625
1843	0.625
1844	0.625
1845	0.625
1846	0.625
1847	0.625
1848	0.625
1849	0.625
1850	0.625
1851	0.625
1852	0.625
1853	0.625
1854	0.625
1855	0.625
1856	0.625
1857	0.625
1858	0.625
1859	0.625
1860	0.625
1861	0.625
1862	0.625
1863	0.625
1864	0.625
1865	0.625
1866	0.625
1867	0.625
1868	0.625
1869	0.625
1870	0.625
1871	0.625
1872	0.625
1873	0.625
1874	0.625
1875	0.625
1876	0.625
1877	0.625
1878	0.625
1879	0.625
1880	0.625
1881	0.625
1882	0.625
1883	0.625
1884	0.625
1885	0.625
1886	0.625
1887	0.625
1888	0.625
1889	0.625
1890	0.625
1891	0.625
1892	0.625
1893	0.625
1894	0.625
1895	0.625
1896	0.625
1897	0.625
1898	0.625
1899	0.625
1900	0.625
1901	0.625
1902	0.625
1903	0.625
1904	0.625
1905	0.625
1906	0.625
1907	0.625
1908	0.625
1909	0.625
1910	0.625
1911	0.625
1912	0.625
1913	0.625
1914	0.625
1915	0.625
1916	0.625
1917	0.625
1918	0.625
1919	0.625
1920	0.625
1921	0.625
1922	0.625
1923	0.625
1924	0.625
1925	0.625
1926	0.625
1927	0.625
1928	0.625
1929	0.625
1930	0.625
1931	0.625
1932	0.625
1933	0.625
1934	0.625
1935	0.625
1936	0.625
1937	0.625
1938	0.625
1939	0.625
1940	0.625
1941	0.625
1942	0.625
1943	0.625
1944	0.625
1945	0.625
1946	0.625
1947	0.625
1948	0.625
1949	0.625
1950	0.625
1951	0.625
1952	0.625
1953	0.625
1954	0.625
1955	0.625
1956	0.625
1957	0.625
1958	0.625
1959	0.625
1960	0.625
1961	0.625
1962	0.625
1963	0.625
1964	0.625
1965	0.625
1966	0.625
1967	0.625
1968	0.625
1969	0.625
1970	0.625
1971	0.625
1972	0.625
1973	0.625
1974	0.625
1975	0.625
1976	0.625
1977	0.625
1978	0.625
1979	0.625
1980	0.625
1981	0.625
1982	0.625
1983	0.625
1984	0.625
1985	0.625
1986	0.625
1987	0.625
1988	0.625
1989	0.625
1990	0.625
1991	0.625
1992	0.625
1993	0.625
1994	0.625
1995	0.625
1996	0.625
1997	0.625
1998	0.625
1999	0.625
2000	0.625
2001	0.625
2002	0.625
2003	0.625
2004	0.625
2005	0.625
2006	0.625
2007	0.625
2008	0.625
2009	0.625
2010	0.625
2011	0.625
2012	0.625
2013	0.625
2014	0.625
2015	0.625
2016	0.625
2017	0.625
2018	0.625
2019	0.625
2020	0.625
2021	0.625
2022	0.625
2023	0.625
2024	0.625
2025	0.625
2026	0.625
2027	0.625
2028	0.625
2029	0.625
2030	0.625
2031	0.625
2032	0.625
2033	0.625
2034	0.625
2035	0.625
2036	0.625
2037	0.625
2038	0.625
2039	0.625
2040	0.625
2041	0.625
2042	0.625
2043	0.625
2044	0.625
2045	0.625
2046	0.625
2047	0.625
2048	0.625
2049	0.625
2050	0.625
2051	0.625
2052	0.625
2053	0.625
2054	0.625
2055	0.625
2056	0.625
2057	0.625
2058	0.625
2059	0.625
2060	0.625
2061	0.625
2062	0.625
2063	0.625
2064	0.625
2065	0.625
2066	0.625
2067	0.625
2068	0.625
2069	0.625
2070	0.625
2071	0.625
2072	0.625
2073	0.625
2074	0.625
2075	0.625
2076	0.625
2077	0.625
2078	0.625
2079	0.625
2080	0.625
2081	0.625
2082	0.625
2083	0.625
2084	0.625
2085	0.625
2086	0.625
2087	0.625
2088	0.625
2089	0.625
2090	0.625
2091	0.625
2092	0.625
2093	0.625
2094	0.625
2095	0.625
2096	0.625
2097	0.625
2098	0.625
2099	0.625
2100	0.625
2101	0.625
2102	0.625
2103	0.625
2104	0.625
2105	0.625
2106	0.625
2107	0.625
2108	0.625
2109	0.625
2110	0.625
2111	0.625
2112	0.625
2113	0.625
2114	0.625
2115	0.625
2116	0.625
2117	0.625
2118	0.625
2119	0.625
2120	0.625
2121	0.625
2122	0.625
2123	0.625
2124	0.625
2125	0.625
2126	0.625
2127	0.625
2128	0.625
2129	0.625
2130	0.625
2131	0.625
2132	0.625
2133	0.625
2134	0.625
2135	0.625
2136	0.625
2137	0.625
2138	0.625
2139	0.625
2140	0.625
2141	0.625
2142	0.625
2143	0.625
2144	0.625
2145	0.625
2146	0.625
2147	0.625
2148	0.625
2149	0.625
2150	0.625
2151	0.625
2152	0.625
2153	0.625
2154	0.625
2155	0.625
2156	0.625
2157	0.625
2158	0.625
2159	0.625
2160	0.625
2161	0.625
2162	0.625
2163	0.625
2164	0.625
2165	0.625
2166	0.625
2167	0.625
2168	0.625
2169	0.625
2170	0.625
2171	0.625
2172	0.625
2173	0.625
2174	0.625
2175	0.625
2176	0.625
2177	0.625
2178	0.625
2179	0.625
2180	0.625
2181	0.625
2182	0.625
2183	0.625
2184	0.625
2185	0.625
2186	0.625
2187	0.625
2188	0.625
2189	0.625
2190	0.625
2191	0.625
2192	0.625
2193	0.625
2194	0.625
2195	0.625
2196	0.625
2197	0.625
2198	0.625
2199	0.625
2200	0.625
2201	0.625
2202	0.625
2203	0.625
2204	0.625
2205	0.625
2206	0.625
2207	0.625
2208	0.625
2209	0.625
2210	0.625
2211	0.625
2212	0.625
2213	0.65625
2214	0.65625
2215	0.65625
2216	0.65625
2217	0.65625
2218	0.65625
2219	0.65625
2220	0.65625
2221	0.65625
2222	0.65625
2223	0.65625
2224	0.65625
2225	0.65625
2226	0.65625
2227	0.65625
2228	0.65625
2229	0.6875
2230	0.6875
2231	0.6875
2232	0.6875
2233	0.6875
2234	0.6875
2235	0.6875
2236	0.6875
2237	0.6875
2238	0.6875
2239	0.6875
2240	0.6875
2241	0.6875
2242	0.6875
2243	0.6875
2244	0.6875
2245	0.6875
2246	0.6875
2247	0.6875
2248	0.6875
2249	0.6875
2250	0.6875
2251	0.6875
2252	0.6875
2253	0.6875
2254	0.6875
2255	0.6875
2256	0.6875
2257	0.6875
2258	0.6875
2259	0.6875
2260	0.6875
2261	0.6875
2262	0.6875
2263	0.6875
2264	0.6875
2265	0.6875
2266	0.6875
2267	0.6875
2268	0.6875
2269	0.6875
2270	0.6875
2271	0.6875
2272	0.6875
2273	0.6875
2274	0.6875
2275	0.6875
2276	0.6875
2277	0.6875
2278	0.6875
2279	0.6875
2280	0.6875
2281	0.6875
2282	0.6875
2283	0.6875
2284	0.6875
2285	0.6875
2286	0.6875
2287	0.6875
2288	0.6875
2289	0.6875
2290	0.6875
2291	0.6875
2292	0.6875
2293	0.6875
2294	0.6875
2295	0.6875
2296	0.6875
2297	0.6875
2298	0.6875
2299	0.6875
2300	0.6875
2301	0.6875
2302	0.6875
2303	0.6875
2304	0.6875
2305	0.6875
2306	0.6875
2307	0.6875
2308	0.6875
2309	0.6875
2310	0.6875
2311	0.6875
2312	0.6875
2313	0.6875
2314	0.6875
2315	0.6875
2316	0.6875
2317	0.6875
2318	0.6875
2319	0.6875
2320	0.6875
2321	0.6875
2322	0.6875
2323	0.6875
2324	0.6875
2325	0.6875
2326	0.6875
2327	0.6875
2328	0.6875
2329	0.6875
2330	0.6875
2331	0.6875
2332	0.6875
2333	0.6875
2334	0.6875
2335	0.6875
2336	0.6875
2337	0.6875
2338	0.6875
2339	0.6875
2340	0.6875
2341	0.6875
2342	0.6875
2343	0.6875
2344	0.6875
2345	0.6875
2346	0.6875
2347	0.6875
2348	0.6875
2349	0.6875
2350	0.6875
2351	0.6875
2352	0.6875
2353	0.6875
2354	0.6875
2355	0.6875
2356	0.6875
2357	0.6875
2358	0.6875
2359	0.6875
2360	0.6875
2361	0.6875
2362	0.6875
2363	0.6875
2364	0.6875
2365	0.6875
2366	0.6875
2367	0.6875
2368	0.6875
2369	0.6875
2370	0.6875
2371	0.6875
2372	0.6875
2373	0.6875
2374	0.6875
2375	0.6875
2376	0.6875
2377	0.6875
2378	0.6875
2379	0.6875
2380	0.6875
2381	0.6875
2382	0.6875
2383	0.6875
2384	0.6875
2385	0.6875
2386	0.6875
2387	0.6875
2388	0.6875
2389	0.6875
2390	0.6875
2391	0.6875
2392	0.6875
2393	0.6875
2394	0.6875
2395	0.6875
2396	0.6875
2397	0.6875
2398	0.6875
2399	0.6875
2400	0.6875
2401	0.6875
2402	0.6875
2403	0.6875
2404	0.6875
2405	0.6875
2406	0.6875
2407	0.6875
2408	0.6875
2409	0.6875
2410	0.6875
2411	0.6875
2412	0.6875
2413	0.6875
2414	0.6875
2415	0.6875
2416	0.6875
2417	0.6875
2418	0.6875
2419	0.6875
2420	0.6875
2421	0.6875
2422	0.6875
2423	0.6875
2424	0.6875
2425	0.6875
2426	0.6875
2427	0.6875
2428	0.6875
2429	0.6875
2430	0.6875
2431	0.6875
2432	0.6875
2433	0.6875
2434	0.6875
2435	0.6875
2436	0.6875
2437	0.6875
2438	0.6875
2439	0.6875
2440	0.6875
2441	0.6875
2442	0.6875
2443	0.6875
2444	0.6875
2445	0.6875
2446	0.6875
2447	0.6875
2448	0.6875
2449	0.6875
2450	0.6875
2451	0.6875
2452	0.6875
2453	0.6875
2454	0.6875
2455	0.6875
2456	0.6875
2457	0.6875
2458	0.6875
2459	0.6875
2460	0.6875
2461	0.6875
2462	0.6875
2463	0.6875
2464	0.6875
2465	0.6875
2466	0.6875
2467	0.6875
2468	0.6875
2469	0.6875
2470	0.6875
2471	0.6875
2472	0.6875
2473	0.6875
2474	0.6875
2475	0.6875
2476	0.6875
2477	0.6875
2478	0.6875
2479	0.6875
2480	0.6875
2481	0.6875
2482	0.6875
2483	0.6875
2484	0.6875
2485	0.6875
2486	0.6875
2487	0.6875
2488	0.6875
2489	0.6875
2490	0.6875
2491	0.6875
2492	0.6875
2493	0.6875
2494	0.6875
2495	0.6875
2496	0.6875
2497	0.6875
2498	0.6875
2499	0.6875
2500	0.6875
2501	0.6875
2502	0.6875
2503	0.6875
2504	0.6875
2505	0.6875
2506	0.6875
2507	0.6875
2508	0.6875
2509	0.6875
2510	0.6875
2511	0.6875
2512	0.6875
2513	0.6875
2514	0.6875
2515	0.6875
2516	0.6875
2517	0.6875
2518	0.6875
2519	0.6875
2520	0.6875
2521	0.6875
2522	0.6875
2523	0.6875
2524	0.6875
2525	0.6875
2526	0.6875
2527	0.6875
2528	0.6875
2529	0.6875
2530	0.6875
2531	0.6875
2532	0.6875
2533	0.6875
2534	0.6875
2535	0.6875
2536	0.6875
2537	0.6875
2538	0.6875
2539	0.6875
2540	0.6875
2541	0.6875
2542	0.6875
2543	0.6875
2544	0.6875
2545	0.6875
2546	0.6875
2547	0.6875
2548	0.6875
2549	0.6875
2550	0.6875
2551	0.6875
2552	0.6875
2553	0.6875
2554	0.6875
2555	0.6875
2556	0.6875
2557	0.6875
2558	0.6875
2559	0.6875
2560	0.6875
2561	0.6875
2562	0.6875
2563	0.6875
2564	0.6875
2565	0.6875
2566	0.6875
2567	0.6875
2568	0.6875
2569	0.6875
2570	0.6875
2571	0.6875
2572	0.6875
2573	0.6875
2574	0.6875
2575	0.6875
2576	0.6875
2577	0.6875
2578	0.6875
2579	0.6875
2580	0.6875
2581	0.6875
2582	0.6875
2583	0.6875
2584	0.6875
2585	0.6875
2586	0.6875
2587	0.6875
2588	0.6875
2589	0.6875
2590	0.6875
2591	0.6875
2592	0.6875
2593	0.6875
2594	0.6875
2595	0.6875
2596	0.6875
2597	0.6875
2598	0.6875
2599	0.6875
2600	0.6875
2601	0.6875
2602	0.6875
2603	0.6875
2604	0.6875
2605	0.6875
2606	0.6875
2607	0.6875
2608	0.6875
2609	0.6875
2610	0.6875
2611	0.6875
2612	0.6875
2613	0.6875
2614	0.6875
2615	0.6875
2616	0.6875
2617	0.6875
2618	0.6875
2619	0.6875
2620	0.6875
2621	0.6875
2622	0.6875
2623	0.6875
2624	0.6875
2625	0.6875
2626	0.6875
2627	0.6875
2628	0.6875
2629	0.6875
2630	0.6875
2631	0.6875
2632	0.6875
2633	0.6875
2634	0.6875
2635	0.6875
2636	0.6875
2637	0.6875
2638	0.6875
2639	0.6875
2640	0.6875
2641	0.6875
2642	0.6875
2643	0.6875
2644	0.6875
2645	0.6875
2646	0.6875
2647	0.6875
2648	0.6875
2649	0.6875
2650	0.6875
2651	0.6875
2652	0.6875
2653	0.6875
2654	0.6875
2655	0.6875
2656	0.6875
2657	0.6875
2658	0.6875
2659	0.6875
2660	0.6875
2661	0.6875
2662	0.6875
2663	0.6875
2664	0.6875
2665	0.6875
2666	0.6875
2667	0.6875
2668	0.6875
2669	0.6875
2670	0.6875
2671	0.6875
2672	0.6875
2673	0.6875
2674	0.6875
2675	0.6875
2676	0.6875
2677	0.6875
2678	0.6875
2679	0.6875
2680	0.6875
2681	0.6875
2682	0.6875
2683	0.6875
2684	0.6875
2685	0.6875
2686	0.6875
2687	0.6875
2688	0.6875
2689	0.6875
2690	0.6875
2691	0.6875
2692	0.6875
2693	0.6875
2694	0.6875
2695	0.6875
2696	0.6875
2697	0.6875
2698	0.6875
2699	0.6875
2700	0.6875
2701	0.6875
2702	0.6875
2703	0.6875
2704	0.6875
2705	0.6875
2706	0.6875
2707	0.6875
2708	0.6875
2709	0.6875
2710	0.6875
2711	0.6875
2712	0.6875
2713	0.6875
2714	0.6875
2715	0.6875
2716	0.6875
2717	0.6875
2718	0.6875
2719	0.6875
2720	0.6875
2721	0.6875
2722	0.6875
2723	0.6875
2724	0.6875
2725	0.6875
2726	0.6875
2727	0.6875
2728	0.6875
2729	0.6875
2730	0.6875
2731	0.6875
2732	0.6875
2733	0.6875
2734	0.6875
2735	0.6875
2736	0.6875
2737	0.6875
2738	0.6875
2739	0.6875
2740	0.6875
2741	0.6875
2742	0.6875
2743	0.6875
2744	0.6875
2745	0.6875
2746	0.6875
2747	0.6875
2748	0.6875
2749	0.6875
2750	0.6875
2751	0.6875
2752	0.6875
2753	0.6875
2754	0.6875
2755	0.6875
2756	0.6875
2757	0.6875
2758	0.6875
2759	0.6875
2760	0.6875
2761	0.6875
2762	0.6875
2763	0.6875
2764	0.6875
2765	0.6875
2766	0.6875
2767	0.6875
2768	0.6875
2769	0.6875
2770	0.6875
2771	0.6875
2772	0.6875
2773	0.6875
2774	0.6875
2775	0.6875
2776	0.6875
2777	0.6875
2778	0.6875
2779	0.6875
2780	0.6875
2781	0.6875
2782	0.6875
2783	0.6875
2784	0.6875
2785	0.6875
2786	0.6875
2787	0.6875
2788	0.6875
2789	0.6875
2790	0.6875
2791	0.6875
2792	0.6875
2793	0.6875
2794	0.6875
2795	0.6875
2796	0.6875
2797	0.6875
2798	0.6875
2799	0.6875
2800	0.6875
2801	0.6875
2802	0.6875
2803	0.6875
2804	0.6875
2805	0.6875
2806	0.6875
2807	0.6875
2808	0.6875
2809	0.6875
2810	0.6875
2811	0.6875
2812	0.6875
2813	0.6875
2814	0.6875
2815	0.6875
2816	0.6875
2817	0.6875
2818	0.6875
2819	0.6875
2820	0.6875
2821	0.6875
2822	0.6875
2823	0.6875
2824	0.6875
2825	0.6875
2826	0.6875
2827	0.6875
2828	0.6875
2829	0.6875
2830	0.6875
2831	0.6875
2832	0.6875
2833	0.6875
2834	0.6875
2835	0.6875
2836	0.6875
2837	0.6875
2838	0.6875
2839	0.6875
2840	0.6875
2841	0.6875
2842	0.6875
2843	0.6875
2844	0.6875
2845	0.6875
2846	0.6875
2847	0.6875
2848	0.6875
2849	0.6875
2850	0.6875
2851	0.6875
2852	0.6875
2853	0.6875
2854	0.6875
2855	0.6875
2856	0.6875
2857	0.6875
2858	0.6875
2859	0.6875
2860	0.6875
2861	0.6875
2862	0.6875
2863	0.6875
2864	0.6875
2865	0.6875
2866	0.6875
2867	0.6875
2868	0.6875
2869	0.6875
2870	0.6875
2871	0.6875
2872	0.6875
2873	0.6875
2874	0.6875
2875	0.6875
2876	0.6875
2877	0.6875
2878	0.6875
2879	0.6875
2880	0.6875
2881	0.6875
2882	0.6875
2883	0.6875
2884	0.6875
2885	0.6875
2886	0.6875
2887	0.6875
2888	0.6875
2889	0.6875
2890	0.6875
2891	0.6875
2892	0.6875
2893	0.6875
2894	0.6875
2895	0.6875
2896	0.6875
2897	0.6875
2898	0.6875
2899	0.6875
2900	0.6875
2901	0.6875
2902	0.6875
2903	0.6875
2904	0.6875
2905	0.6875
2906	0.6875
2907	0.6875
2908	0.6875
2909	0.6875
2910	0.6875
2911	0.6875
2912	0.6875
2913	0.6875
2914	0.6875
2915	0.6875
2916	0.6875
2917	0.6875
2918	0.6875
2919	0.6875
2920	0.6875
2921	0.6875
2922	0.6875
2923	0.6875
2924	0.6875
2925	0.6875
2926	0.6875
2927	0.6875
2928	0.6875
2929	0.6875
2930	0.6875
2931	0.6875
2932	0.6875
2933	0.6875
2934	0.6875
2935	0.6875
2936	0.6875
2937	0.6875
2938	0.6875
2939	0.6875
2940	0.6875
2941	0.6875
2942	0.6875
2943	0.6875
2944	0.6875
2945	0.6875
2946	0.6875
2947	0.6875
2948	0.6875
2949	0.6875
2950	0.6875
2951	0.6875
2952	0.6875
2953	0.6875
2954	0.6875
2955	0.6875
2956	0.6875
2957	0.6875
2958	0.6875
2959	0.6875
2960	0.6875
2961	0.6875
2962	0.6875
2963	0.6875
2964	0.6875
2965	0.6875
2966	0.6875
2967	0.6875
2968	0.6875
2969	0.6875
2970	0.6875
2971	0.6875
2972	0.6875
2973	0.6875
2974	0.6875
2975	0.6875
2976	0.6875
2977	0.6875
2978	0.6875
2979	0.6875
2980	0.6875
2981	0.6875
2982	0.6875
2983	0.6875
2984	0.6875
2985	0.6875
2986	0.6875
2987	0.6875
2988	0.6875
2989	0.6875
2990	0.6875
2991	0.6875
2992	0.6875
2993	0.6875
2994	0.6875
2995	0.6875
2996	0.6875
2997	0.6875
2998	0.6875
2999	0.6875
3000	0.6875
3001	0.6875
3002	0.6875
3003	0.6875
3004	0.6875
3005	0.6875
3006	0.6875
3007	0.6875
3008	0.6875
3009	0.6875
3010	0.6875
3011	0.6875
3012	0.6875
3013	0.6875
3014	0.6875
3015	0.6875
3016	0.6875
3017	0.6875
3018	0.6875
3019	0.6875
3020	0.6875
3021	0.6875
3022	0.6875
3023	0.6875
3024	0.6875
3025	0.6875
3026	0.6875
3027	0.6875
3028	0.6875
3029	0.6875
3030	0.6875
3031	0.6875
3032	0.6875
3033	0.6875
3034	0.6875
3035	0.6875
3036	0.6875
3037	0.6875
3038	0.6875
3039	0.6875
3040	0.6875
3041	0.6875
3042	0.6875
3043	0.6875
3044	0.6875
3045	0.6875
3046	0.6875
3047	0.6875
3048	0.6875
3049	0.6875
3050	0.6875
3051	0.6875
3052	0.6875
3053	0.6875
3054	0.6875
3055	0.6875
3056	0.6875
3057	0.6875
3058	0.6875
3059	0.6875
3060	0.6875
3061	0.6875
3062	0.6875
3063	0.6875
3064	0.6875
3065	0.6875
3066	0.6875
3067	0.6875
3068	0.6875
3069	0.6875
3070	0.6875
3071	0.6875
3072	0.6875
3073	0.6875
3074	0.6875
3075	0.6875
3076	0.6875
3077	0.6875
3078	0.6875
3079	0.6875
3080	0.6875
3081	0.6875
3082	0.6875
3083	0.6875
3084	0.6875
3085	0.6875
3086	0.6875
3087	0.6875
3088	0.6875
3089	0.6875
3090	0.6875
3091	0.6875
3092	0.6875
3093	0.6875
3094	0.6875
3095	0.6875
3096	0.6875
3097	0.6875
3098	0.6875
3099	0.6875
3100	0.6875
3101	0.6875
3102	0.6875
3103	0.6875
3104	0.6875
3105	0.6875
3106	0.6875
3107	0.6875
3108	0.6875
3109	0.6875
3110	0.6875
3111	0.6875
3112	0.6875
3113	0.6875
3114	0.6875
3115	0.6875
3116	0.6875
3117	0.6875
3118	0.6875
3119	0.6875
3120	0.6875
3121	0.6875
3122	0.6875
3123	0.6875
3124	0.6875
3125	0.6875
3126	0.6875
3127	0.6875
3128	0.6875
3129	0.6875
3130	0.6875
3131	0.6875
3132	0.6875
3133	0.6875
3134	0.6875
3135	0.6875
3136	0.6875
3137	0.6875
3138	0.6875
3139	0.6875
3140	0.6875
3141	0.6875
3142	0.6875
3143	0.6875
3144	0.6875
3145	0.6875
3146	0.6875
3147	0.6875
3148	0.6875
3149	0.6875
3150	0.6875
3151	0.6875
3152	0.6875
3153	0.6875
3154	0.6875
3155	0.6875
3156	0.6875
3157	0.6875
3158	0.6875
3159	0.6875
3160	0.6875
3161	0.6875
3162	0.6875
3163	0.6875
3164	0.6875
3165	0.6875
3166	0.6875
3167	0.6875
3168	0.6875
3169	0.6875
3170	0.6875
3171	0.6875
3172	0.6875
3173	0.6875
3174	0.6875
3175	0.6875
3176	0.6875
3177	0.6875
3178	0.6875
3179	0.6875
3180	0.6875
3181	0.6875
3182	0.6875
3183	0.6875
3184	0.6875
3185	0.6875
3186	0.6875
3187	0.6875
3188	0.6875
3189	0.6875
3190	0.6875
3191	0.6875
3192	0.6875
3193	0.6875
3194	0.6875
3195	0.6875
3196	0.6875
3197	0.6875
3198	0.6875
3199	0.6875
3200	0.6875
3201	0.6875
3202	0.6875
3203	0.6875
3204	0.6875
3205	0.6875
3206	0.6875
3207	0.6875
3208	0.6875
3209	0.6875
3210	0.6875
3211	0.6875
3212	0.6875
3213	0.6875
3214	0.6875
3215	0.6875
3216	0.6875
3217	0.6875
3218	0.6875
3219	0.6875
3220	0.6875
3221	0.6875
3222	0.6875
3223	0.6875
3224	0.6875
3225	0.6875
3226	0.6875
3227	0.6875
3228	0.6875
3229	0.6875
3230	0.6875
3231	0.6875
3232	0.6875
3233	0.6875
3234	0.6875
3235	0.6875
3236	0.6875
3237	0.6875
3238	0.6875
3239	0.6875
3240	0.6875
3241	0.6875
3242	0.6875
3243	0.6875
3244	0.6875
3245	0.6875
3246	0.6875
3247	0.6875
3248	0.6875
3249	0.6875
3250	0.6875
3251	0.6875
3252	0.6875
3253	0.6875
3254	0.6875
3255	0.6875
3256	0.6875
3257	0.6875
3258	0.6875
3259	0.6875
3260	0.6875
3261	0.6875
3262	0.6875
3263	0.6875
3264	0.6875
3265	0.6875
3266	0.6875
3267	0.6875
3268	0.6875
3269	0.6875
3270	0.6875
3271	0.6875
3272	0.6875
3273	0.6875
3274	0.6875
3275	0.6875
3276	0.6875
3277	0.6875
3278	0.6875
3279	0.6875
3280	0.6875
3281	0.6875
3282	0.6875
3283	0.6875
3284	0.6875
3285	0.6875
3286	0.6875
3287	0.6875
3288	0.6875
3289	0.6875
3290	0.6875
3291	0.6875
3292	0.6875
3293	0.6875
3294	0.6875
3295	0.6875
3296	0.6875
3297	0.6875
3298	0.6875
3299	0.6875
3300	0.6875
3301	0.6875
3302	0.6875
3303	0.6875
3304	0.6875
3305	0.6875
3306	0.6875
3307	0.6875
3308	0.6875
3309	0.6875
3310	0.6875
3311	0.6875
3312	0.6875
3313	0.6875
3314	0.6875
3315	0.6875
3316	0.6875
3317	0.6875
3318	0.6875
3319	0.6875
3320	0.6875
3321	0.6875
3322	0.6875
3323	0.6875
3324	0.6875
3325	0.6875
3326	0.6875
3327	0.6875
3328	0.6875
3329	0.6875
3330	0.6875
3331	0.6875
3332	0.6875
3333	0.6875
3334	0.6875
3335	0.6875
3336	0.6875
3337	0.6875
3338	0.6875
3339	0.6875
3340	0.6875
3341	0.6875
3342	0.6875
3343	0.6875
3344	0.6875
3345	0.6875
3346	0.6875
3347	0.6875
3348	0.6875
3349	0.6875
3350	0.6875
3351	0.6875
3352	0.6875
3353	0.6875
3354	0.6875
3355	0.6875
3356	0.6875
3357	0.6875
3358	0.6875
3359	0.6875
3360	0.6875
3361	0.6875
3362	0.6875
3363	0.6875
3364	0.6875
3365	0.6875
3366	0.6875
3367	0.6875
3368	0.6875
3369	0.6875
3370	0.6875
3371	0.6875
3372	0.6875
3373	0.6875
3374	0.6875
3375	0.6875
3376	0.6875
3377	0.6875
3378	0.6875
3379	0.6875
3380	0.6875
3381	0.6875
3382	0.6875
3383	0.6875
3384	0.6875
3385	0.6875
3386	0.6875
3387	0.6875
3388	0.6875
3389	0.6875
3390	0.6875
3391	0.6875
3392	0.6875
3393	0.6875
3394	0.6875
3395	0.6875
3396	0.6875
3397	0.6875
3398	0.6875
3399	0.6875
3400	0.6875
3401	0.6875
3402	0.6875
3403	0.6875
3404	0.6875
3405	0.6875
3406	0.6875
3407	0.6875
3408	0.6875
3409	0.6875
3410	0.6875
3411	0.6875
3412	0.6875
3413	0.6875
3414	0.6875
3415	0.6875
3416	0.6875
3417	0.6875
3418	0.6875
3419	0.6875
3420	0.6875
3421	0.6875
3422	0.6875
3423	0.6875
3424	0.6875
3425	0.6875
3426	0.6875
3427	0.6875
3428	0.6875
3429	0.6875
3430	0.6875
3431	0.6875
3432	0.6875
3433	0.6875
3434	0.6875
3435	0.6875
3436	0.6875
3437	0.6875
3438	0.6875
3439	0.6875
3440	0.6875
3441	0.6875
3442	0.6875
3443	0.6875
3444	0.6875
3445	0.6875
3446	0.6875
3447	0.6875
3448	0.6875
3449	0.6875
3450	0.6875
3451	0.6875
3452	0.6875
3453	0.6875
3454	0.6875
3455	0.6875
3456	0.6875
3457	0.6875
3458	0.6875
3459	0.6875
3460	0.6875
3461	0.6875
3462	0.6875
3463	0.6875
3464	0.6875
3465	0.6875
3466	0.6875
3467	0.6875
3468	0.6875
3469	0.6875
3470	0.6875
3471	0.6875
3472	0.6875
3473	0.6875
3474	0.6875
3475	0.6875
3476	0.6875
3477	0.6875
3478	0.6875
3479	0.6875
3480	0.6875
3481	0.6875
3482	0.6875
3483	0.6875
3484	0.6875
3485	0.6875
3486	0.6875
3487	0.6875
3488	0.6875
3489	0.6875
3490	0.6875
3491	0.6875
3492	0.6875
3493	0.6875
3494	0.6875
3495	0.6875
3496	0.6875
3497	0.6875
3498	0.6875
3499	0.6875
3500	0.6875
3501	0.6875
3502	0.6875
3503	0.6875
3504	0.6875
3505	0.6875
3506	0.6875
3507	0.6875
3508	0.6875
3509	0.6875
3510	0.6875
3511	0.6875
3512	0.6875
3513	0.6875
3514	0.6875
3515	0.6875
3516	0.6875
3517	0.6875
3518	0.6875
3519	0.6875
3520	0.6875
3521	0.6875
3522	0.6875
3523	0.6875
3524	0.6875
3525	0.6875
3526	0.6875
3527	0.6875
3528	0.6875
3529	0.6875
3530	0.6875
3531	0.6875
3532	0.6875
3533	0.6875
3534	0.6875
3535	0.6875
3536	0.6875
3537	0.6875
3538	0.6875
3539	0.6875
3540	0.6875
3541	0.6875
3542	0.6875
3543	0.6875
3544	0.6875
3545	0.6875
3546	0.6875
3547	0.6875
3548	0.6875
3549	0.6875
3550	0.6875
3551	0.6875
3552	0.6875
3553	0.6875
3554	0.6875
3555	0.6875
3556	0.6875
3557	0.6875
3558	0.6875
3559	0.6875
3560	0.6875
3561	0.6875
3562	0.6875
3563	0.6875
3564	0.6875
3565	0.6875
3566	0.6875
3567	0.6875
3568	0.6875
3569	0.6875
3570	0.6875
3571	0.6875
3572	0.6875
3573	0.6875
3574	0.6875
3575	0.6875
3576	0.6875
3577	0.6875
3578	0.6875
3579	0.6875
3580	0.6875
3581	0.6875
3582	0.6875
3583	0.6875
3584	0.6875
3585	0.6875
3586	0.6875
3587	0.6875
3588	0.6875
3589	0.6875
3590	0.6875
3591	0.6875
3592	0.6875
3593	0.6875
3594	0.6875
3595	0.6875
3596	0.6875
3597	0.6875
3598	0.6875
3599	0.6875
3600	0.6875
3601	0.6875
3602	0.6875
3603	0.6875
3604	0.6875
3605	0.6875
3606	0.6875
3607	0.6875
3608	0.6875
3609	0.6875
3610	0.6875
3611	0.6875
3612	0.6875
3613	0.6875
3614	0.6875
3615	0.6875
3616	0.6875
3617	0.6875
3618	0.6875
3619	0.6875
3620	0.6875
3621	0.6875
3622	0.6875
3623	0.6875
3624	0.6875
3625	0.6875
3626	0.6875
3627	0.6875
3628	0.6875
3629	0.6875
3630	0.6875
3631	0.6875
3632	0.6875
3633	0.6875
3634	0.6875
3635	0.6875
3636	0.6875
3637	0.6875
3638	0.6875
3639	0.6875
3640	0.6875
3641	0.6875
3642	0.6875
3643	0.6875
3644	0.6875
3645	0.6875
3646	0.6875
3647	0.6875
3648	0.6875
3649	0.6875
3650	0.6875
3651	0.6875
3652	0.6875
3653	0.6875
3654	0.6875
3655	0.6875
3656	0.6875
3657	0.6875
3658	0.6875
3659	0.6875
3660	0.6875
3661	0.6875
3662	0.6875
3663	0.6875
3664	0.6875
3665	0.6875
3666	0.6875
3667	0.6875
3668	0.6875
3669	0.6875
3670	0.6875
3671	0.6875
3672	0.6875
3673	0.6875
3674	0.6875
3675	0.6875
3676	0.6875
3677	0.6875
3678	0.6875
3679	0.6875
3680	0.6875
3681	0.6875
3682	0.6875
3683	0.6875
3684	0.6875
3685	0.6875
3686	0.6875
3687	0.6875
3688	0.6875
3689	0.6875
3690	0.6875
3691	0.6875
3692	0.6875
3693	0.6875
3694	0.6875
3695	0.6875
3696	0.6875
3697	0.6875
3698	0.6875
3699	0.6875
3700	0.6875
3701	0.6875
3702	0.6875
3703	0.6875
3704	0.6875
3705	0.6875
3706	0.6875
3707	0.6875
3708	0.6875
3709	0.6875
3710	0.6875
3711	0.6875
3712	0.6875
3713	0.6875
3714	0.6875
3715	0.6875
3716	0.6875
3717	0.6875
3718	0.6875
3719	0.6875
3720	0.6875
3721	0.6875
3722	0.6875
3723	0.6875
3724	0.6875
3725	0.6875
3726	0.6875
3727	0.6875
3728	0.6875
3729	0.6875
3730	0.6875
3731	0.6875
3732	0.6875
3733	0.6875
3734	0.6875
3735	0.6875
3736	0.6875
3737	0.6875
3738	0.6875
3739	0.6875
3740	0.6875
3741	0.6875
3742	0.6875
3743	0.6875
3744	0.6875
3745	0.6875
3746	0.6875
3747	0.6875
3748	0.6875
3749	0.6875
3750	0.6875
3751	0.6875
3752	0.6875
3753	0.6875
3754	0.6875
3755	0.6875
3756	0.6875
3757	0.6875
3758	0.6875
3759	0.6875
3760	0.6875
3761	0.6875
3762	0.6875
3763	0.6875
3764	0.6875
3765	0.6875
3766	0.6875
3767	0.6875
3768	0.6875
3769	0.6875
3770	0.6875
3771	0.6875
3772	0.6875
3773	0.6875
3774	0.6875
3775	0.6875
3776	0.6875
3777	0.6875
3778	0.6875
3779	0.6875
3780	0.6875
3781	0.6875
3782	0.6875
3783	0.6875
3784	0.6875
3785	0.6875
3786	0.6875
3787	0.6875
3788	0.6875
3789	0.6875
3790	0.6875
3791	0.6875
3792	0.6875
3793	0.6875
3794	0.6875
3795	0.6875
3796	0.6875
3797	0.6875
3798	0.6875
3799	0.6875
3800	0.6875
3801	0.6875
3802	0.6875
3803	0.6875
3804	0.6875
3805	0.6875
3806	0.6875
3807	0.6875
3808	0.6875
3809	0.6875
3810	0.6875
3811	0.6875
3812	0.6875
3813	0.6875
3814	0.6875
3815	0.6875
3816	0.6875
3817	0.6875
3818	0.6875
3819	0.6875
3820	0.6875
3821	0.6875
3822	0.6875
3823	0.6875
3824	0.6875
3825	0.6875
3826	0.6875
3827	0.6875
3828	0.6875
3829	0.6875
3830	0.6875
3831	0.6875
3832	0.6875
3833	0.6875
3834	0.6875
3835	0.6875
3836	0.6875
3837	0.703125
3838	0.703125
3839	0.703125
3840	0.71875
3841	0.703125
3842	0.703125
3843	0.703125
3844	0.703125
3845	0.703125
3846	0.71875
3847	0.71875
3848	0.71875
3849	0.71875
3850	0.71875
3851	0.71875
3852	0.71875
3853	0.71875
3854	0.71875
3855	0.71875
3856	0.71875
3857	0.71875
3858	0.71875
3859	0.71875
3860	0.71875
3861	0.71875
3862	0.71875
3863	0.71875
3864	0.71875
3865	0.71875
3866	0.71875
3867	0.71875
3868	0.71875
3869	0.71875
3870	0.71875
3871	0.71875
3872	0.71875
3873	0.71875
3874	0.71875
3875	0.71875
3876	0.71875
3877	0.71875
3878	0.71875
3879	0.71875
3880	0.71875
3881	0.71875
3882	0.71875
3883	0.71875
3884	0.71875
3885	0.71875
3886	0.71875
3887	0.71875
3888	0.71875
3889	0.71875
3890	0.71875
3891	0.71875
3892	0.71875
3893	0.71875
3894	0.71875
3895	0.71875
3896	0.71875
3897	0.71875
3898	0.71875
3899	0.71875
3900	0.71875
3901	0.71875
3902	0.71875
3903	0.71875
3904	0.71875
3905	0.71875
3906	0.71875
3907	0.71875
3908	0.71875
3909	0.71875
3910	0.71875
3911	0.71875
3912	0.71875
3913	0.71875
3914	0.71875
3915	0.71875
3916	0.71875
3917	0.71875
3918	0.71875
3919	0.71875
3920	0.71875
3921	0.71875
3922	0.71875
3923	0.71875
3924	0.71875
3925	0.71875
3926	0.71875
3927	0.71875
3928	0.71875
3929	0.71875
3930	0.71875
3931	0.71875
3932	0.71875
3933	0.8125
3934	0.8125
3935	0.8125
3936	0.8125
3937	0.8125
3938	0.8125
3939	0.8125
3940	0.8125
3941	0.8125
3942	0.8125
3943	0.8125
3944	0.8125
3945	0.8125
3946	0.8125
3947	0.8125
3948	0.8125
3949	0.8125
3950	0.8125
3951	0.8125
3952	0.8125
3953	0.8125
3954	0.8125
3955	0.8125
3956	0.8125
3957	0.8125
3958	0.8125
3959	0.8125
3960	0.8125
3961	0.8125
3962	0.8125
3963	0.8125
3964	0.8125
3965	0.8125
3966	0.8125
3967	0.8125
3968	0.8125
3969	0.8125
3970	0.8125
3971	0.8125
3972	0.8125
3973	0.8125
3974	0.8125
3975	0.8125
3976	0.8125
3977	0.8125
3978	0.8125
3979	0.8125
3980	0.8125
3981	0.8125
3982	0.8125
3983	0.8125
3984	0.8125
3985	0.8125
3986	0.8125
3987	0.8125
3988	0.8125
3989	0.8125
3990	0.8125
3991	0.8125
3992	0.8125
3993	0.8125
3994	0.8125
3995	0.8125
3996	0.8125
3997	0.8125
3998	0.8125
3999	0.8125
4000	0.8125
4001	0.8125
4002	0.8125
4003	0.8125
4004	0.8125
4005	0.8125
4006	0.8125
4007	0.8125
4008	0.8125
4009	0.8125
4010	0.8125
4011	0.8125
4012	0.8125
4013	0.8125
4014	0.8125
4015	0.8125
4016	0.8125
4017	0.8125
4018	0.8125
4019	0.8125
4020	0.8125
4021	0.8125
4022	0.8125
4023	0.8125
4024	0.8125
4025	0.8125
4026	0.8125
4027	0.8125
4028	0.8125
4029	0.8125
4030	0.8125
4031	0.8125
4032	0.8125
4033	0.8125
4034	0.8125
4035	0.8125
4036	0.8125
4037	0.8125
4038	0.8125
4039	0.8125
4040	0.8125
4041	0.8125
4042	0.8125
4043	0.8125
4044	0.8125
4045	0.8125
4046	0.8125
4047	0.8125
4048	0.8125
4049	0.8125
4050	0.8125
4051	0.8125
4052	0.8125
4053	0.8125
4054	0.8125
4055	0.8125
4056	0.8125
4057	0.8125
4058	0.8125
4059	0.8125
4060	0.8125
4061	0.8125
4062	0.8125
4063	0.8125
4064	0.8125
4065	0.8125
4066	0.8125
4067	0.8125
4068	0.8125
4069	0.8125
4070	0.8125
4071	0.8125
4072	0.8125
4073	0.8125
4074	0.8125
4075	0.8125
4076	0.8125
4077	0.8125
4078	0.8125
4079	0.8125
4080	0.8125
4081	0.8125
4082	0.8125
4083	0.8125
4084	0.8125
4085	0.8125
4086	0.8125
4087	0.8125
4088	0.8125
4089	0.8125
4090	0.8125
4091	0.8125
4092	0.8125
4093	0.8125
4094	0.8125
4095	0.8125
4096	0.8125
4097	0.8125
4098	0.8125
4099	0.8125
4100	0.8125
4101	0.8125
4102	0.8125
4103	0.8125
4104	0.8125
4105	0.8125
4106	0.8125
4107	0.8125
4108	0.8125
4109	0.8125
4110	0.8125
4111	0.8125
4112	0.8125
4113	0.8125
4114	0.8125
4115	0.8125
4116	0.8125
4117	0.8125
4118	0.8125
4119	0.8125
4120	0.8125
4121	0.8125
4122	0.8125
4123	0.8125
4124	0.8125
4125	0.8125
4126	0.8125
4127	0.8125
4128	0.8125
4129	0.8125
4130	0.8125
4131	0.8125
4132	0.8125
4133	0.8125
4134	0.8125
4135	0.8125
4136	0.8125
4137	0.8125
4138	0.8125
4139	0.8125
4140	0.8125
4141	0.8125
4142	0.8125
4143	0.8125
4144	0.8125
4145	0.8125
4146	0.8125
4147	0.8125
4148	0.8125
4149	0.8125
4150	0.8125
4151	0.8125
4152	0.8125
4153	0.8125
4154	0.8125
4155	0.8125
4156	0.8125
4157	0.8125
4158	0.8125
4159	0.8125
4160	0.8125
4161	0.8125
4162	0.8125
4163	0.8125
4164	0.8125
4165	0.8125
4166	0.8125
4167	0.8125
4168	0.8125
4169	0.8125
4170	0.8125
4171	0.8125
4172	0.8125
4173	0.8125
4174	0.8125
4175	0.8125
4176	0.8125
4177	0.8125
4178	0.8125
4179	0.8125
4180	0.8125
4181	0.8125
4182	0.8125
4183	0.8125
4184	0.8125
4185	0.8125
4186	0.8125
4187	0.8125
4188	0.8125
4189	0.8125
4190	0.8125
4191	0.8125
4192	0.8125
4193	0.8125
4194	0.8125
4195	0.8125
4196	0.8125
4197	0.8125
4198	0.8125
4199	0.8125
4200	0.8125
4201	0.8125
4202	0.8125
4203	0.8125
4204	0.8125
4205	0.8125
4206	0.8125
4207	0.8125
4208	0.8125
4209	0.8125
4210	0.8125
4211	0.8125
4212	0.8125
4213	0.8125
4214	0.8125
4215	0.8125
4216	0.8125
4217	0.8125
4218	0.8125
4219	0.8125
4220	0.8125
4221	0.8125
4222	0.8125
4223	0.8125
4224	0.8125
4225	0.8125
4226	0.8125
4227	0.8125
4228	0.8125
4229	0.8125
4230	0.8125
4231	0.8125
4232	0.8125
4233	0.8125
4234	0.8125
4235	0.8125
4236	0.8125
4237	0.8125
4238	0.8125
4239	0.8125
4240	0.8125
4241	0.8125
4242	0.8125
4243	0.8125
4244	0.8125
4245	0.8125
4246	0.8125
4247	0.8125
4248	0.8125
4249	0.8125
4250	0.8125
4251	0.8125
4252	0.8125
4253	0.8125
4254	0.8125
4255	0.8125
4256	0.8125
4257	0.8125
4258	0.8125
4259	0.8125
4260	0.8125
4261	0.8125
4262	0.8125
4263	0.8125
4264	0.8125
4265	0.8125
4266	0.8125
4267	0.8125
4268	0.8125
4269	0.8125
4270	0.8125
4271	0.8125
4272	0.8125
4273	0.8125
4274	0.8125
4275	0.8125
4276	0.8125
4277	0.8125
4278	0.8125
4279	0.8125
4280	0.8125
4281	0.8125
4282	0.8125
4283	0.8125
4284	0.8125
4285	0.8125
4286	0.8125
4287	0.8125
4288	0.8125
4289	0.8125
4290	0.8125
4291	0.8125
4292	0.8125
4293	0.8125
4294	0.8125
4295	0.8125
4296	0.8125
4297	0.8125
4298	0.8125
4299	0.8125
4300	0.8125
4301	0.8125
4302	0.8125
4303	0.8125
4304	0.8125
4305	0.8125
4306	0.8125
4307	0.8125
4308	0.8125
4309	0.8125
4310	0.8125
4311	0.8125
4312	0.8125
4313	0.8125
4314	0.8125
4315	0.8125
4316	0.8125
4317	0.8125
4318	0.8125
4319	0.8125
4320	0.8125
4321	0.8125
4322	0.8125
4323	0.8125
4324	0.8125
4325	0.8125
4326	0.8125
4327	0.8125
4328	0.8125
4329	0.8125
4330	0.8125
4331	0.8125
4332	0.8125
4333	0.8125
4334	0.8125
4335	0.8125
4336	0.8125
4337	0.8125
4338	0.8125
4339	0.8125
4340	0.8125
4341	0.8125
4342	0.8125
4343	0.8125
4344	0.8125
4345	0.8125
4346	0.8125
4347	0.8125
4348	0.8125
4349	0.8125
4350	0.8125
4351	0.8125
4352	0.8125
4353	0.8125
4354	0.8125
4355	0.8125
4356	0.8125
4357	0.8125
4358	0.8125
4359	0.8125
4360	0.8125
4361	0.8125
4362	0.8125
4363	0.8125
4364	0.8125
4365	0.8125
4366	0.8125
4367	0.8125
4368	0.8125
4369	0.8125
4370	0.8125
4371	0.8125
4372	0.8125
4373	0.8125
4374	0.8125
4375	0.8125
4376	0.8125
4377	0.8125
4378	0.8125
4379	0.8125
4380	0.8125
4381	0.8125
4382	0.8125
4383	0.8125
4384	0.8125
4385	0.8125
4386	0.8125
4387	0.8125
4388	0.8125
4389	0.8125
4390	0.8125
4391	0.8125
4392	0.8125
4393	0.8125
4394	0.8125
4395	0.8125
4396	0.8125
4397	0.8125
4398	0.8125
4399	0.8125
4400	0.8125
4401	0.8125
4402	0.8125
4403	0.8125
4404	0.8125
4405	0.8125
4406	0.8125
4407	0.8125
4408	0.8125
4409	0.8125
4410	0.8125
4411	0.8125
4412	0.8125
4413	0.8125
4414	0.8125
4415	0.8125
4416	0.8125
4417	0.8125
4418	0.875
4419	0.875
4420	0.875
4421	0.875
4422	0.875
4423	0.875
4424	0.875
4425	0.875
4426	0.875
4427	0.875
4428	0.875
4429	0.875
4430	0.875
4431	0.875
4432	0.875
4433	0.875
4434	0.875
4435	0.875
4436	0.875
4437	0.875
4438	0.875
4439	0.875
4440	0.875
4441	0.875
4442	0.875
4443	0.875
4444	0.875
4445	0.875
4446	0.875
4447	0.875
4448	0.875
4449	0.875
4450	0.875
4451	0.875
4452	0.875
4453	0.875
4454	0.875
4455	0.875
4456	0.875
4457	0.875
4458	0.875
4459	0.875
4460	0.875
4461	0.875
4462	0.875
4463	0.875
4464	0.875
4465	0.875
4466	0.875
4467	0.875
4468	0.875
4469	0.875
4470	0.875
4471	0.875
4472	0.875
4473	0.875
4474	0.875
4475	0.875
4476	0.875
4477	0.875
4478	0.875
4479	0.875
4480	0.875
4481	0.875
4482	0.875
4483	0.875
4484	0.875
4485	0.875
4486	0.875
4487	0.875
4488	0.875
4489	0.875
4490	0.875
4491	0.875
4492	0.875
4493	0.875
4494	0.875
4495	0.875
4496	0.875
4497	0.875
4498	0.875
4499	0.875
4500	0.875
4501	0.875
4502	0.875
4503	0.875
4504	0.875
4505	0.875
4506	0.875
4507	0.875
4508	0.875
4509	0.875
4510	0.875
4511	0.875
4512	0.875
4513	0.875
4514	0.875
4515	0.875
4516	0.875
4517	0.875
4518	0.875
4519	0.875
4520	0.875
4521	0.875
4522	0.875
4523	0.875
4524	0.875
4525	0.875
4526	0.875
4527	0.875
4528	0.875
4529	0.875
4530	0.875
4531	0.875
4532	0.875
4533	0.875
4534	0.875
4535	0.875
4536	0.875
4537	0.875
4538	0.875
4539	0.875
4540	0.875
4541	0.875
4542	0.875
4543	0.875
4544	0.875
4545	0.875
4546	0.875
4547	0.875
4548	0.875
4549	0.875
4550	0.875
4551	0.875
4552	0.875
4553	0.875
4554	0.875
4555	0.875
4556	0.875
4557	0.875
4558	0.875
4559	0.875
4560	0.875
4561	0.875
4562	0.875
4563	0.875
4564	0.875
4565	0.875
4566	0.875
4567	0.875
4568	0.875
4569	0.875
4570	0.875
4571	0.875
4572	0.875
4573	0.875
4574	0.875
4575	0.875
4576	0.875
4577	0.875
4578	0.875
4579	0.875
4580	0.875
4581	0.875
4582	0.875
4583	0.875
4584	0.875
4585	0.875
4586	0.875
4587	0.875
4588	0.875
4589	0.875
4590	0.875
4591	0.875
4592	0.875
4593	0.875
4594	0.875
4595	0.875
4596	0.875
4597	0.875
4598	0.875
4599	0.875
4600	0.875
4601	0.875
4602	0.875
4603	0.875
4604	0.875
4605	0.875
4606	0.875
4607	0.875
4608	0.875
4609	0.875
4610	0.875
4611	0.875
4612	0.875
4613	0.875
4614	0.875
4615	0.875
4616	0.875
4617	0.875
4618	0.875
4619	0.875
4620	0.875
4621	0.875
4622	0.875
4623	0.875
4624	0.875
4625	0.875
4626	0.875
4627	0.875
4628	0.875
4629	0.875
4630	0.875
4631	0.875
4632	0.875
4633	0.875
4634	0.875
4635	0.875
4636	0.875
4637	0.875
4638	0.875
4639	0.875
4640	0.875
4641	0.875
4642	0.875
4643	0.875
4644	0.875
4645	0.875
4646	0.875
4647	0.875
4648	0.875
4649	0.875
4650	0.875
4651	0.875
4652	0.875
4653	0.875
4654	0.875
4655	0.875
4656	0.875
4657	0.875
4658	0.875
4659	0.875
4660	0.875
4661	0.875
4662	0.875
4663	0.875
4664	0.875
4665	0.875
4666	0.875
4667	0.875
4668	0.875
4669	0.875
4670	0.875
4671	0.875
4672	0.875
4673	0.875
4674	0.875
4675	0.875
4676	0.875
4677	0.875
4678	0.875
4679	0.875
4680	0.875
4681	0.875
4682	0.875
4683	0.875
4684	0.875
4685	0.875
4686	0.875
4687	0.875
4688	0.875
4689	0.875
4690	0.875
4691	0.875
4692	0.875
4693	0.875
4694	0.875
4695	0.875
4696	0.875
4697	0.875
4698	0.875
4699	0.875
4700	0.875
4701	0.875
4702	0.875
4703	0.875
4704	0.875
4705	0.875
4706	0.875
4707	0.875
4708	0.875
4709	0.875
4710	0.875
4711	0.875
4712	0.875
4713	0.875
4714	0.875
4715	0.875
4716	0.875
4717	0.875
4718	0.875
4719	0.875
4720	0.875
4721	0.875
4722	0.875
4723	0.875
4724	0.875
4725	0.875
4726	0.875
4727	0.875
4728	0.875
4729	0.875
4730	0.875
4731	0.875
4732	0.875
4733	0.875
4734	0.875
4735	0.875
4736	0.875
4737	0.875
4738	0.875
4739	0.875
4740	0.875
4741	0.875
4742	0.875
4743	0.875
4744	0.875
4745	0.875
4746	0.875
4747	0.875
4748	0.875
4749	0.875
4750	0.875
4751	0.875
4752	0.875
4753	0.875
4754	0.875
4755	0.875
4756	0.875
4757	0.875
4758	0.875
4759	0.875
4760	0.875
4761	0.875
4762	0.875
4763	0.875
4764	0.875
4765	0.875
4766	0.875
4767	0.875
4768	0.875
4769	0.875
4770	0.875
4771	0.875
4772	0.875
4773	0.875
4774	0.875
4775	0.875
4776	0.875
4777	0.875
4778	0.875
4779	0.875
4780	0.875
4781	0.875
4782	0.875
4783	0.875
4784	0.875
4785	0.875
4786	0.875
4787	0.875
4788	0.875
4789	0.875
4790	0.875
4791	0.875
4792	0.875
4793	0.875
4794	0.875
4795	0.875
4796	0.875
4797	0.875
4798	0.875
4799	0.875
4800	0.875
4801	0.875
4802	0.875
4803	0.875
4804	0.875
4805	0.875
4806	0.875
4807	0.875
4808	0.875
4809	0.875
4810	0.875
4811	0.875
4812	0.875
4813	0.875
4814	0.875
4815	0.875
4816	0.875
4817	0.875
4818	0.875
4819	0.875
4820	0.875
4821	0.875
4822	0.875
4823	0.875
4824	0.875
4825	0.875
4826	0.875
4827	0.875
4828	0.875
4829	0.875
4830	0.875
4831	0.875
4832	0.875
4833	0.875
4834	0.875
4835	0.875
4836	0.875
4837	0.875
4838	0.875
4839	0.875
4840	0.875
4841	0.875
4842	0.875
4843	0.875
4844	0.875
4845	0.875
4846	0.875
4847	0.875
4848	0.875
4849	0.875
4850	0.875
4851	0.875
4852	0.875
4853	0.875
4854	0.875
4855	0.875
4856	0.875
4857	0.875
4858	0.875
4859	0.875
4860	0.875
4861	0.875
4862	0.875
4863	0.875
4864	0.875
4865	0.875
4866	0.875
4867	0.875
4868	0.875
4869	0.875
4870	0.875
4871	0.875
4872	0.875
4873	0.875
4874	0.875
4875	0.875
4876	0.875
4877	0.875
4878	0.875
4879	0.875
4880	0.875
4881	0.875
4882	0.875
4883	0.875
4884	0.875
4885	0.875
4886	0.875
4887	0.875
4888	0.875
4889	0.875
4890	0.875
4891	0.875
4892	0.875
4893	0.875
4894	0.875
4895	0.875
4896	0.875
4897	0.875
4898	0.875
4899	0.875
4900	0.875
4901	0.875
4902	0.875
4903	0.875
4904	0.875
4905	0.875
4906	0.875
4907	0.875
4908	0.875
4909	0.875
4910	0.875
4911	0.875
4912	0.875
4913	0.875
4914	0.875
4915	0.875
4916	0.875
4917	0.875
4918	0.875
4919	0.875
4920	0.875
4921	0.875
4922	0.921875
4923	0.921875
4924	0.921875
4925	0.9375
4926	0.9375
4927	0.9375
4928	0.9375
4929	0.9375
4930	0.9375
4931	0.9375
4932	0.9375
4933	0.9375
4934	0.9375
4935	0.9375
4936	0.9375
4937	0.9375
4938	0.9375
4939	0.9375
4940	0.9375
4941	0.9375
4942	0.9375
4943	0.9375
4944	0.9375
4945	0.9375
4946	0.9375
4947	0.9375
4948	0.9375
4949	0.9375
4950	0.9375
4951	0.9375
4952	0.9375
4953	0.9375
4954	0.9375
4955	0.9375
4956	0.9375
4957	0.9375
4958	0.9375
4959	0.9375
4960	0.9375
4961	0.9375
4962	0.9375
4963	0.9375
4964	0.9375
4965	0.9375
4966	0.9375
4967	0.9375
4968	0.9375
4969	0.9375
4970	0.9375
4971	0.9375
4972	0.9375
4973	0.9375
4974	0.9375
4975	0.9375
4976	0.9375
4977	0.9375
4978	0.9375
4979	0.9375
4980	0.9375
4981	0.9375
4982	0.9375
4983	0.9375
4984	0.9375
4985	0.9375
4986	0.9375
4987	0.9375
4988	0.9375
4989	0.9375
4990	0.9375
4991	0.9375
4992	0.9375
4993	0.9375
4994	0.9375
4995	0.9375
4996	0.9375
4997	0.9375
4998	0.9375
4999	0.9375
5000	0.9375
5001	0.9375
5002	0.9375
5003	0.9375
5004	0.9375
5005	0.9375
5006	0.9375
5007	0.9375
5008	0.9375
5009	0.9375
5010	0.9375
5011	0.9375
5012	0.9375
5013	0.9375
5014	0.9375
5015	0.9375
5016	0.9375
5017	0.9375
5018	0.9375
5019	0.9375
5020	0.9375
5021	0.9375
5022	0.9375
5023	0.9375
5024	0.9375
5025	0.9375
5026	0.9375
5027	0.9375
5028	0.9375
5029	0.9375
5030	0.9375
5031	0.9375
5032	0.9375
5033	0.9375
5034	0.9375
5035	0.9375
5036	0.9375
5037	0.9375
5038	0.9375
5039	0.9375
5040	0.9375
5041	0.9375
5042	0.9375
5043	0.9375
5044	0.9375
5045	0.9375
5046	0.9375
5047	0.9375
5048	0.9375
5049	0.9375
5050	0.9375
5051	0.9375
5052	0.9375
5053	0.9375
5054	0.9375
5055	0.9375
5056	0.9375
5057	0.9375
5058	0.9375
5059	0.9375
5060	0.9375
5061	0.9375
5062	0.9375
5063	0.9375
5064	0.9375
5065	0.9375
5066	0.9375
5067	0.9375
5068	0.9375
5069	0.9375
5070	0.9375
5071	0.9375
5072	0.9375
5073	0.9375
5074	0.9375
5075	0.9375
5076	0.9375
5077	0.9375
5078	0.9375
5079	0.9375
5080	0.9375
5081	0.9375
5082	0.9375
5083	0.9375
5084	0.9375
5085	0.9375
5086	0.9375
5087	0.9375
5088	0.9375
5089	0.890625
5090	0.890625
5091	0.9375
5092	0.9375
5093	0.9375
5094	0.9375
5095	0.9375
5096	0.9375
5097	0.9375
5098	0.9375
5099	0.9375
5100	0.9375
5101	0.9375
5102	0.9375
5103	0.9375
5104	0.9375
5105	0.9375
5106	0.9375
5107	0.9375
5108	0.9375
5109	0.9375
5110	0.9375
5111	0.9375
5112	0.9375
5113	0.9375
5114	0.9375
5115	0.9375
5116	0.9375
5117	0.9375
5118	0.9375
5119	0.9375
5120	0.9375
5121	0.9375
5122	0.9375
5123	0.9375
5124	0.9375
5125	0.9375
5126	0.9375
5127	0.9375
5128	0.9375
5129	0.9375
5130	0.9375
5131	0.9375
5132	0.9375
5133	0.9375
5134	0.9375
5135	0.9375
5136	0.9375
5137	0.9375
5138	0.9375
5139	0.9375
5140	0.9375
5141	0.9375
5142	0.9375
5143	0.9375
5144	0.9375
5145	0.9375
5146	0.9375
5147	0.9375
5148	0.9375
5149	0.9375
5150	0.9375
5151	0.9375
5152	0.9375
5153	0.9375
5154	0.9375
5155	0.9375
5156	0.9375
5157	0.9375
5158	0.9375
5159	0.9375
5160	0.9375
5161	0.9375
5162	0.9375
5163	0.9375
5164	0.9375
5165	0.9375
5166	0.9375
5167	0.9375
5168	0.9375
5169	0.9375
5170	0.9375
5171	0.9375
5172	0.9375
5173	0.9375
5174	0.9375
5175	0.9375
5176	0.9375
5177	0.9375
5178	0.9375
5179	0.9375
5180	0.9375
5181	0.9375
5182	0.9375
5183	0.9375
5184	0.9375
5185	0.9375
5186	0.9375
5187	0.9375
5188	0.9375
5189	0.9375
5190	0.9375
5191	0.9375
5192	0.9375
5193	0.9375
5194	0.9375
5195	0.9375
5196	0.9375
5197	0.9375
5198	0.9375
5199	0.9375
5200	0.9375
5201	0.9375
5202	0.9375
5203	0.9375
5204	0.9375
5205	0.9375
5206	0.9375
5207	0.9375
5208	0.9375
5209	0.9375
5210	0.9375
5211	0.9375
5212	0.9375
5213	0.9375
5214	0.9375
5215	0.9375
5216	0.9375
5217	0.9375
5218	0.9375
5219	0.9375
5220	0.9375
5221	0.9375
5222	0.9375
5223	0.9375
5224	0.9375
5225	0.9375
5226	0.9375
5227	0.9375
5228	0.9375
5229	0.9375
5230	0.9375
5231	0.9375
5232	0.9375
5233	0.9375
5234	0.9375
5235	0.9375
5236	0.9375
5237	0.9375
5238	0.9375
5239	0.9375
5240	0.9375
5241	0.9375
5242	0.9375
5243	0.9375
5244	0.9375
5245	0.9375
5246	0.9375
5247	0.9375
5248	0.9375
5249	1
## No. organisms: 10
## Seeds        : 1501953865, 78016
## Runtime      : 0h 4m 36s.
## Started at   : Mon Aug 24 10:44:25 2020
## Ended at     : Mon Aug 24 10:49:01 2020
