1	0.5
2	0.5
3	0.5
4	0.5
5	0.5
6	0.5
7	0.5
8	0.5
9	0.5
10	0.5
11	0.5
12	0.5
13	0.5
14	0.5
15	0.5
16	0.5
17	0.5
18	0.5
19	0.5
20	0.5
21	0.5
22	0.5
23	0.5
24	0.5
25	0.5
26	0.5
27	0.515625
28	0.515625
29	0.515625
30	0.515625
31	0.515625
32	0.515625
33	0.515625
34	0.515625
35	0.515625
36	0.53125
37	0.53125
38	0.53125
39	0.53125
40	0.53125
41	0.5625
42	0.5625
43	0.5625
44	0.5625
45	0.5625
46	0.5625
47	0.5625
48	0.5625
49	0.5625
50	0.5625
51	0.5625
52	0.5625
53	0.5625
54	0.5625
55	0.5625
56	0.5625
57	0.5625
58	0.5625
59	0.5625
60	0.5625
61	0.5625
62	0.5625
63	0.5625
64	0.5625
65	0.5625
66	0.5625
67	0.5625
68	0.578125
69	0.578125
70	0.578125
71	0.578125
72	0.59375
73	0.59375
74	0.59375
75	0.59375
76	0.59375
77	0.59375
78	0.59375
79	0.59375
80	0.59375
81	0.59375
82	0.59375
83	0.59375
84	0.59375
85	0.59375
86	0.59375
87	0.59375
88	0.59375
89	0.59375
90	0.59375
91	0.59375
92	0.59375
93	0.59375
94	0.59375
95	0.59375
96	0.59375
97	0.59375
98	0.59375
99	0.609375
100	0.609375
101	0.609375
102	0.609375
103	0.609375
104	0.609375
105	0.609375
106	0.609375
107	0.609375
108	0.609375
109	0.609375
110	0.609375
111	0.609375
112	0.609375
113	0.609375
114	0.609375
115	0.609375
116	0.609375
117	0.609375
118	0.609375
119	0.609375
120	0.609375
121	0.640625
122	0.640625
123	0.640625
124	0.640625
125	0.65625
126	0.65625
127	0.65625
128	0.65625
129	0.65625
130	0.65625
131	0.65625
132	0.65625
133	0.65625
134	0.65625
135	0.65625
136	0.65625
137	0.65625
138	0.65625
139	0.65625
140	0.65625
141	0.65625
142	0.65625
143	0.65625
144	0.65625
145	0.65625
146	0.65625
147	0.65625
148	0.65625
149	0.65625
150	0.65625
151	0.65625
152	0.65625
153	0.65625
154	0.65625
155	0.65625
156	0.65625
157	0.65625
158	0.65625
159	0.65625
160	0.65625
161	0.65625
162	0.65625
163	0.65625
164	0.6875
165	0.6875
166	0.6875
167	0.6875
168	0.6875
169	0.6875
170	0.6875
171	0.6875
172	0.6875
173	0.6875
174	0.6875
175	0.6875
176	0.6875
177	0.6875
178	0.6875
179	0.6875
180	0.6875
181	0.6875
182	0.6875
183	0.6875
184	0.6875
185	0.6875
186	0.6875
187	0.6875
188	0.6875
189	0.6875
190	0.6875
191	0.6875
192	0.6875
193	0.6875
194	0.6875
195	0.6875
196	0.6875
197	0.6875
198	0.6875
199	0.6875
200	0.6875
201	0.6875
202	0.6875
203	0.6875
204	0.6875
205	0.6875
206	0.6875
207	0.6875
208	0.6875
209	0.6875
210	0.6875
211	0.6875
212	0.6875
213	0.6875
214	0.6875
215	0.6875
216	0.6875
217	0.6875
218	0.6875
219	0.6875
220	0.6875
221	0.6875
222	0.6875
223	0.6875
224	0.6875
225	0.6875
226	0.6875
227	0.6875
228	0.6875
229	0.6875
230	0.6875
231	0.6875
232	0.6875
233	0.6875
234	0.6875
235	0.6875
236	0.6875
237	0.6875
238	0.6875
239	0.6875
240	0.6875
241	0.6875
242	0.6875
243	0.6875
244	0.6875
245	0.6875
246	0.6875
247	0.6875
248	0.6875
249	0.6875
250	0.6875
251	0.6875
252	0.6875
253	0.6875
254	0.6875
255	0.6875
256	0.6875
257	0.6875
258	0.6875
259	0.6875
260	0.6875
261	0.6875
262	0.6875
263	0.6875
264	0.6875
265	0.6875
266	0.6875
267	0.6875
268	0.6875
269	0.6875
270	0.6875
271	0.6875
272	0.6875
273	0.6875
274	0.6875
275	0.6875
276	0.6875
277	0.6875
278	0.6875
279	0.6875
280	0.6875
281	0.6875
282	0.6875
283	0.6875
284	0.6875
285	0.6875
286	0.6875
287	0.6875
288	0.6875
289	0.6875
290	0.6875
291	0.6875
292	0.6875
293	0.6875
294	0.6875
295	0.6875
296	0.6875
297	0.6875
298	0.6875
299	0.6875
300	0.6875
301	0.6875
302	0.6875
303	0.6875
304	0.6875
305	0.6875
306	0.6875
307	0.6875
308	0.6875
309	0.6875
310	0.6875
311	0.6875
312	0.6875
313	0.6875
314	0.6875
315	0.6875
316	0.6875
317	0.6875
318	0.6875
319	0.6875
320	0.6875
321	0.6875
322	0.6875
323	0.6875
324	0.6875
325	0.6875
326	0.6875
327	0.6875
328	0.6875
329	0.6875
330	0.6875
331	0.6875
332	0.6875
333	0.6875
334	0.6875
335	0.6875
336	0.6875
337	0.6875
338	0.6875
339	0.6875
340	0.6875
341	0.6875
342	0.6875
343	0.6875
344	0.6875
345	0.6875
346	0.6875
347	0.6875
348	0.6875
349	0.6875
350	0.6875
351	0.6875
352	0.6875
353	0.6875
354	0.6875
355	0.6875
356	0.6875
357	0.6875
358	0.6875
359	0.6875
360	0.6875
361	0.6875
362	0.6875
363	0.6875
364	0.6875
365	0.6875
366	0.6875
367	0.6875
368	0.6875
369	0.6875
370	0.6875
371	0.6875
372	0.6875
373	0.6875
374	0.6875
375	0.6875
376	0.6875
377	0.6875
378	0.6875
379	0.6875
380	0.6875
381	0.6875
382	0.75
383	0.75
384	0.75
385	0.75
386	0.75
387	0.75
388	0.75
389	0.75
390	0.75
391	0.75
392	0.75
393	0.75
394	0.75
395	0.75
396	0.75
397	0.75
398	0.75
399	0.75
400	0.75
401	0.75
402	0.75
403	0.75
404	0.75
405	0.75
406	0.75
407	0.75
408	0.75
409	0.75
410	0.75
411	0.75
412	0.75
413	0.75
414	0.75
415	0.75
416	0.75
417	0.75
418	0.75
419	0.75
420	0.75
421	0.75
422	0.75
423	0.75
424	0.75
425	0.75
426	0.75
427	0.75
428	0.75
429	0.75
430	0.75
431	0.75
432	0.75
433	0.75
434	0.75
435	0.75
436	0.75
437	0.75
438	0.75
439	0.75
440	0.75
441	0.75
442	0.75
443	0.75
444	0.75
445	0.75
446	0.75
447	0.75
448	0.75
449	0.75
450	0.75
451	0.75
452	0.75
453	0.75
454	0.75
455	0.75
456	0.75
457	0.75
458	0.75
459	0.75
460	0.75
461	0.75
462	0.75
463	0.75
464	0.75
465	0.75
466	0.75
467	0.75
468	0.75
469	0.75
470	0.75
471	0.75
472	0.75
473	0.75
474	0.75
475	0.75
476	0.75
477	0.75
478	0.75
479	0.75
480	0.75
481	0.75
482	0.75
483	0.75
484	0.75
485	0.75
486	0.75
487	0.75
488	0.75
489	0.75
490	0.75
491	0.75
492	0.75
493	0.75
494	0.75
495	0.75
496	0.75
497	0.75
498	0.75
499	0.75
500	0.75
501	0.75
502	0.75
503	0.75
504	0.75
505	0.75
506	0.75
507	0.75
508	0.75
509	0.75
510	0.75
511	0.75
512	0.75
513	0.75
514	0.75
515	0.75
516	0.75
517	0.75
518	0.75
519	0.75
520	0.75
521	0.75
522	0.75
523	0.75
524	0.75
525	0.75
526	0.75
527	0.75
528	0.75
529	0.75
530	0.75
531	0.75
532	0.75
533	0.75
534	0.75
535	0.75
536	0.75
537	0.75
538	0.75
539	0.75
540	0.75
541	0.75
542	0.75
543	0.75
544	0.75
545	0.75
546	0.75
547	0.75
548	0.75
549	0.75
550	0.75
551	0.75
552	0.75
553	0.75
554	0.75
555	0.75
556	0.75
557	0.75
558	0.75
559	0.75
560	0.75
561	0.75
562	0.75
563	0.75
564	0.75
565	0.75
566	0.75
567	0.75
568	0.75
569	0.75
570	0.75
571	0.75
572	0.75
573	0.75
574	0.75
575	0.75
576	0.75
577	0.75
578	0.75
579	0.75
580	0.75
581	0.75
582	0.75
583	0.75
584	0.75
585	0.75
586	0.75
587	0.75
588	0.75
589	0.75
590	0.75
591	0.75
592	0.75
593	0.75
594	0.75
595	0.75
596	0.75
597	0.75
598	0.75
599	0.75
600	0.75
601	0.75
602	0.75
603	0.75
604	0.75
605	0.75
606	0.75
607	0.75
608	0.75
609	0.75
610	0.75
611	0.75
612	0.75
613	0.75
614	0.75
615	0.75
616	0.75
617	0.75
618	0.75
619	0.75
620	0.75
621	0.75
622	0.75
623	0.75
624	0.75
625	0.75
626	0.75
627	0.75
628	0.75
629	0.75
630	0.75
631	0.75
632	0.75
633	0.75
634	0.75
635	0.75
636	0.75
637	0.75
638	0.75
639	0.75
640	0.75
641	0.75
642	0.75
643	0.75
644	0.75
645	0.75
646	0.75
647	0.75
648	0.75
649	0.75
650	0.75
651	0.75
652	0.75
653	0.75
654	0.75
655	0.75
656	0.75
657	0.75
658	0.75
659	0.75
660	0.75
661	0.75
662	0.75
663	0.78125
664	0.78125
665	0.78125
666	0.78125
667	0.78125
668	0.78125
669	0.78125
670	0.78125
671	0.78125
672	0.78125
673	0.78125
674	0.78125
675	0.78125
676	0.78125
677	0.78125
678	0.78125
679	0.78125
680	0.78125
681	0.78125
682	0.78125
683	0.78125
684	0.78125
685	0.78125
686	0.78125
687	0.8125
688	0.8125
689	0.8125
690	0.8125
691	0.8125
692	0.8125
693	0.8125
694	0.8125
695	0.8125
696	0.8125
697	0.8125
698	0.8125
699	0.8125
700	0.8125
701	0.8125
702	0.8125
703	0.8125
704	0.8125
705	0.8125
706	0.8125
707	0.8125
708	0.8125
709	0.8125
710	0.8125
711	0.8125
712	0.8125
713	0.8125
714	0.8125
715	0.8125
716	0.8125
717	0.8125
718	0.8125
719	0.8125
720	0.8125
721	0.8125
722	0.8125
723	0.8125
724	0.8125
725	0.8125
726	0.8125
727	0.8125
728	0.8125
729	0.8125
730	0.8125
731	0.84375
732	0.84375
733	0.84375
734	0.84375
735	0.84375
736	0.84375
737	0.84375
738	0.84375
739	0.84375
740	0.84375
741	0.84375
742	0.84375
743	0.84375
744	0.84375
745	0.84375
746	0.84375
747	0.84375
748	0.84375
749	0.84375
750	0.84375
751	0.84375
752	0.84375
753	0.84375
754	0.84375
755	0.84375
756	0.84375
757	0.84375
758	0.84375
759	0.84375
760	0.84375
761	0.84375
762	0.84375
763	0.84375
764	0.84375
765	0.84375
766	0.84375
767	0.84375
768	0.84375
769	0.84375
770	0.84375
771	0.84375
772	0.84375
773	0.84375
774	0.875
775	0.875
776	0.875
777	0.875
778	0.875
779	0.875
780	0.875
781	0.90625
782	0.90625
783	0.90625
784	0.90625
785	0.90625
786	0.90625
787	0.90625
788	0.90625
789	0.90625
790	0.90625
791	0.90625
792	0.90625
793	0.90625
794	0.90625
795	0.90625
796	0.90625
797	0.90625
798	0.90625
799	0.90625
800	0.90625
801	0.90625
802	0.90625
803	0.90625
804	0.90625
805	0.90625
806	0.90625
807	0.90625
808	0.90625
809	0.90625
810	0.90625
811	0.90625
812	0.90625
813	0.90625
814	0.90625
815	0.90625
816	0.90625
817	0.90625
818	0.90625
819	0.90625
820	0.90625
821	0.90625
822	0.90625
823	0.90625
824	0.90625
825	0.90625
826	0.90625
827	0.90625
828	0.90625
829	0.90625
830	0.90625
831	0.90625
832	0.90625
833	0.90625
834	0.90625
835	0.90625
836	0.90625
837	0.90625
838	0.90625
839	0.90625
840	0.90625
841	0.90625
842	0.90625
843	0.90625
844	0.90625
845	0.90625
846	0.90625
847	0.90625
848	0.90625
849	0.90625
850	0.90625
851	0.90625
852	0.90625
853	0.90625
854	0.90625
855	0.90625
856	0.90625
857	0.90625
858	0.90625
859	0.90625
860	0.96875
861	0.96875
862	0.96875
863	0.96875
864	0.96875
865	0.96875
866	0.96875
867	0.96875
868	0.96875
869	0.96875
870	0.96875
871	0.96875
872	0.96875
873	0.96875
874	0.96875
875	0.96875
876	0.96875
877	0.96875
878	0.96875
879	0.96875
880	0.96875
881	0.96875
882	0.96875
883	0.96875
884	0.96875
885	0.96875
886	0.96875
887	0.96875
888	1
## No. organisms: 20
## Seeds        : 1502475804, 98195
## Runtime      : 0h 0m 33s.
## Started at   : Sun Aug 30 11:49:55 2020
## Ended at     : Sun Aug 30 11:50:28 2020
