1	0.5
2	0.5
3	0.5
4	0.5
5	0.5
6	0.5
7	0.5
8	0.5
9	0.5
10	0.5
11	0.5
12	0.5
13	0.5
14	0.5
15	0.5
16	0.5
17	0.5
18	0.5
19	0.5
20	0.5
21	0.5
22	0.5
23	0.5
24	0.5
25	0.5
26	0.515625
27	0.515625
28	0.515625
29	0.515625
30	0.515625
31	0.515625
32	0.515625
33	0.515625
34	0.515625
35	0.515625
36	0.515625
37	0.515625
38	0.515625
39	0.515625
40	0.515625
41	0.515625
42	0.515625
43	0.515625
44	0.515625
45	0.515625
46	0.515625
47	0.515625
48	0.515625
49	0.515625
50	0.515625
51	0.515625
52	0.515625
53	0.515625
54	0.515625
55	0.515625
56	0.515625
57	0.515625
58	0.515625
59	0.515625
60	0.515625
61	0.515625
62	0.515625
63	0.515625
64	0.515625
65	0.515625
66	0.515625
67	0.515625
68	0.515625
69	0.515625
70	0.515625
71	0.515625
72	0.515625
73	0.515625
74	0.515625
75	0.515625
76	0.515625
77	0.515625
78	0.515625
79	0.515625
80	0.515625
81	0.515625
82	0.515625
83	0.515625
84	0.515625
85	0.53125
86	0.53125
87	0.53125
88	0.53125
89	0.53125
90	0.53125
91	0.53125
92	0.53125
93	0.53125
94	0.5625
95	0.5625
96	0.5625
97	0.5625
98	0.5625
99	0.5625
100	0.59375
101	0.625
102	0.625
103	0.625
104	0.625
105	0.625
106	0.625
107	0.625
108	0.625
109	0.625
110	0.625
111	0.625
112	0.625
113	0.625
114	0.625
115	0.625
116	0.625
117	0.625
118	0.625
119	0.625
120	0.625
121	0.625
122	0.625
123	0.625
124	0.625
125	0.625
126	0.625
127	0.625
128	0.625
129	0.625
130	0.625
131	0.625
132	0.625
133	0.625
134	0.625
135	0.625
136	0.625
137	0.625
138	0.625
139	0.625
140	0.625
141	0.625
142	0.625
143	0.625
144	0.625
145	0.625
146	0.625
147	0.625
148	0.625
149	0.625
150	0.625
151	0.625
152	0.625
153	0.625
154	0.625
155	0.625
156	0.625
157	0.625
158	0.625
159	0.625
160	0.625
161	0.625
162	0.625
163	0.625
164	0.625
165	0.625
166	0.625
167	0.625
168	0.625
169	0.625
170	0.625
171	0.625
172	0.625
173	0.625
174	0.625
175	0.625
176	0.625
177	0.625
178	0.625
179	0.625
180	0.625
181	0.625
182	0.625
183	0.625
184	0.625
185	0.625
186	0.625
187	0.625
188	0.625
189	0.625
190	0.625
191	0.625
192	0.625
193	0.625
194	0.625
195	0.625
196	0.625
197	0.625
198	0.625
199	0.625
200	0.625
201	0.625
202	0.625
203	0.625
204	0.625
205	0.625
206	0.625
207	0.625
208	0.625
209	0.625
210	0.625
211	0.625
212	0.625
213	0.625
214	0.625
215	0.625
216	0.625
217	0.625
218	0.625
219	0.625
220	0.625
221	0.625
222	0.625
223	0.625
224	0.625
225	0.625
226	0.625
227	0.625
228	0.625
229	0.625
230	0.625
231	0.625
232	0.625
233	0.625
234	0.625
235	0.625
236	0.625
237	0.625
238	0.625
239	0.625
240	0.625
241	0.625
242	0.625
243	0.625
244	0.625
245	0.625
246	0.625
247	0.625
248	0.625
249	0.625
250	0.625
251	0.625
252	0.625
253	0.625
254	0.625
255	0.625
256	0.625
257	0.625
258	0.625
259	0.625
260	0.625
261	0.625
262	0.625
263	0.625
264	0.625
265	0.625
266	0.625
267	0.625
268	0.625
269	0.625
270	0.625
271	0.625
272	0.625
273	0.625
274	0.625
275	0.625
276	0.625
277	0.625
278	0.625
279	0.625
280	0.625
281	0.625
282	0.625
283	0.625
284	0.625
285	0.625
286	0.625
287	0.625
288	0.625
289	0.625
290	0.625
291	0.625
292	0.625
293	0.625
294	0.625
295	0.625
296	0.625
297	0.625
298	0.625
299	0.625
300	0.625
301	0.625
302	0.625
303	0.625
304	0.625
305	0.625
306	0.625
307	0.625
308	0.625
309	0.625
310	0.625
311	0.625
312	0.625
313	0.625
314	0.625
315	0.625
316	0.625
317	0.625
318	0.625
319	0.625
320	0.625
321	0.625
322	0.625
323	0.625
324	0.625
325	0.625
326	0.625
327	0.625
328	0.625
329	0.625
330	0.625
331	0.625
332	0.625
333	0.625
334	0.625
335	0.65625
336	0.65625
337	0.65625
338	0.65625
339	0.65625
340	0.65625
341	0.65625
342	0.65625
343	0.65625
344	0.65625
345	0.65625
346	0.65625
347	0.6875
348	0.6875
349	0.6875
350	0.6875
351	0.6875
352	0.6875
353	0.6875
354	0.6875
355	0.6875
356	0.6875
357	0.6875
358	0.6875
359	0.6875
360	0.6875
361	0.6875
362	0.6875
363	0.6875
364	0.6875
365	0.6875
366	0.6875
367	0.6875
368	0.6875
369	0.6875
370	0.6875
371	0.71875
372	0.71875
373	0.734375
374	0.734375
375	0.734375
376	0.734375
377	0.734375
378	0.734375
379	0.734375
380	0.734375
381	0.734375
382	0.734375
383	0.734375
384	0.734375
385	0.734375
386	0.734375
387	0.734375
388	0.734375
389	0.734375
390	0.734375
391	0.734375
392	0.734375
393	0.734375
394	0.734375
395	0.734375
396	0.734375
397	0.75
398	0.75
399	0.75
400	0.75
401	0.75
402	0.75
403	0.75
404	0.75
405	0.75
406	0.75
407	0.75
408	0.75
409	0.75
410	0.75
411	0.75
412	0.75
413	0.75
414	0.75
415	0.75
416	0.75
417	0.75
418	0.75
419	0.75
420	0.75
421	0.75
422	0.75
423	0.75
424	0.75
425	0.75
426	0.75
427	0.75
428	0.75
429	0.75
430	0.75
431	0.75
432	0.75
433	0.75
434	0.75
435	0.75
436	0.75
437	0.75
438	0.75
439	0.75
440	0.75
441	0.75
442	0.75
443	0.75
444	0.75
445	0.75
446	0.75
447	0.75
448	0.75
449	0.75
450	0.75
451	0.75
452	0.75
453	0.75
454	0.75
455	0.75
456	0.75
457	0.75
458	0.75
459	0.75
460	0.75
461	0.75
462	0.75
463	0.75
464	0.75
465	0.75
466	0.75
467	0.75
468	0.75
469	0.75
470	0.75
471	0.75
472	0.75
473	0.75
474	0.75
475	0.75
476	0.75
477	0.75
478	0.75
479	0.75
480	0.75
481	0.75
482	0.75
483	0.75
484	0.75
485	0.75
486	0.75
487	0.75
488	0.75
489	0.75
490	0.75
491	0.75
492	0.75
493	0.75
494	0.75
495	0.75
496	0.75
497	0.75
498	0.75
499	0.75
500	0.75
501	0.75
502	0.75
503	0.75
504	0.75
505	0.75
506	0.75
507	0.75
508	0.75
509	0.75
510	0.75
511	0.75
512	0.75
513	0.75
514	0.75
515	0.75
516	0.75
517	0.75
518	0.75
519	0.75
520	0.75
521	0.75
522	0.75
523	0.75
524	0.75
525	0.75
526	0.75
527	0.75
528	0.75
529	0.75
530	0.75
531	0.75
532	0.75
533	0.75
534	0.75
535	0.75
536	0.75
537	0.75
538	0.75
539	0.75
540	0.75
541	0.75
542	0.75
543	0.75
544	0.75
545	0.75
546	0.75
547	0.75
548	0.75
549	0.75
550	0.75
551	0.75
552	0.75
553	0.75
554	0.75
555	0.75
556	0.75
557	0.75
558	0.75
559	0.75
560	0.75
561	0.75
562	0.75
563	0.75
564	0.75
565	0.75
566	0.75
567	0.75
568	0.75
569	0.75
570	0.75
571	0.75
572	0.75
573	0.75
574	0.75
575	0.75
576	0.75
577	0.75
578	0.75
579	0.75
580	0.75
581	0.75
582	0.75
583	0.75
584	0.75
585	0.75
586	0.75
587	0.75
588	0.75
589	0.75
590	0.75
591	0.75
592	0.75
593	0.75
594	0.75
595	0.75
596	0.75
597	0.75
598	0.75
599	0.75
600	0.75
601	0.75
602	0.75
603	0.75
604	0.75
605	0.75
606	0.75
607	0.75
608	0.75
609	0.75
610	0.75
611	0.75
612	0.75
613	0.75
614	0.75
615	0.75
616	0.75
617	0.75
618	0.75
619	0.75
620	0.75
621	0.75
622	0.75
623	0.75
624	0.75
625	0.75
626	0.75
627	0.75
628	0.75
629	0.75
630	0.75
631	0.75
632	0.75
633	0.75
634	0.75
635	0.75
636	0.75
637	0.75
638	0.75
639	0.75
640	0.75
641	0.75
642	0.75
643	0.75
644	0.75
645	0.75
646	0.75
647	0.75
648	0.75
649	0.75
650	0.75
651	0.75
652	0.75
653	0.75
654	0.75
655	0.75
656	0.75
657	0.75
658	0.75
659	0.75
660	0.75
661	0.75
662	0.75
663	0.75
664	0.75
665	0.75
666	0.75
667	0.75
668	0.75
669	0.75
670	0.75
671	0.75
672	0.75
673	0.75
674	0.75
675	0.75
676	0.75
677	0.75
678	0.75
679	0.75
680	0.75
681	0.75
682	0.75
683	0.75
684	0.75
685	0.75
686	0.75
687	0.75
688	0.75
689	0.75
690	0.75
691	0.75
692	0.75
693	0.75
694	0.75
695	0.75
696	0.75
697	0.75
698	0.75
699	0.75
700	0.75
701	0.75
702	0.75
703	0.75
704	0.75
705	0.75
706	0.75
707	0.75
708	0.75
709	0.75
710	0.75
711	0.75
712	0.75
713	0.75
714	0.75
715	0.75
716	0.75
717	0.75
718	0.75
719	0.75
720	0.75
721	0.75
722	0.75
723	0.75
724	0.75
725	0.75
726	0.75
727	0.75
728	0.75
729	0.75
730	0.75
731	0.75
732	0.75
733	0.75
734	0.75
735	0.75
736	0.75
737	0.75
738	0.75
739	0.75
740	0.75
741	0.75
742	0.75
743	0.75
744	0.75
745	0.75
746	0.75
747	0.75
748	0.75
749	0.75
750	0.75
751	0.75
752	0.75
753	0.75
754	0.75
755	0.75
756	0.75
757	0.75
758	0.75
759	0.75
760	0.75
761	0.75
762	0.75
763	0.75
764	0.75
765	0.75
766	0.75
767	0.75
768	0.75
769	0.75
770	0.75
771	0.75
772	0.75
773	0.75
774	0.75
775	0.75
776	0.75
777	0.75
778	0.75
779	0.75
780	0.75
781	0.75
782	0.75
783	0.75
784	0.75
785	0.75
786	0.75
787	0.75
788	0.75
789	0.75
790	0.75
791	0.75
792	0.75
793	0.75
794	0.75
795	0.75
796	0.75
797	0.75
798	0.75
799	0.75
800	0.75
801	0.75
802	0.75
803	0.75
804	0.75
805	0.75
806	0.75
807	0.75
808	0.75
809	0.75
810	0.75
811	0.75
812	0.75
813	0.75
814	0.75
815	0.75
816	0.75
817	0.75
818	0.75
819	0.75
820	0.75
821	0.75
822	0.75
823	0.75
824	0.75
825	0.75
826	0.75
827	0.75
828	0.75
829	0.75
830	0.75
831	0.75
832	0.75
833	0.75
834	0.75
835	0.75
836	0.75
837	0.75
838	0.75
839	0.75
840	0.75
841	0.75
842	0.75
843	0.75
844	0.75
845	0.75
846	0.75
847	0.75
848	0.75
849	0.75
850	0.75
851	0.75
852	0.75
853	0.75
854	0.75
855	0.75
856	0.75
857	0.75
858	0.75
859	0.75
860	0.75
861	0.75
862	0.75
863	0.75
864	0.75
865	0.75
866	0.75
867	0.75
868	0.75
869	0.75
870	0.75
871	0.75
872	0.75
873	0.75
874	0.75
875	0.75
876	0.75
877	0.75
878	0.75
879	0.75
880	0.75
881	0.75
882	0.75
883	0.75
884	0.75
885	0.75
886	0.75
887	0.75
888	0.75
889	0.75
890	0.75
891	0.75
892	0.75
893	0.75
894	0.75
895	0.75
896	0.75
897	0.75
898	0.75
899	0.75
900	0.75
901	0.75
902	0.75
903	0.75
904	0.75
905	0.75
906	0.75
907	0.75
908	0.75
909	0.75
910	0.75
911	0.75
912	0.75
913	0.75
914	0.75
915	0.75
916	0.75
917	0.75
918	0.75
919	0.75
920	0.75
921	0.75
922	0.75
923	0.75
924	0.75
925	0.75
926	0.75
927	0.75
928	0.75
929	0.75
930	0.75
931	0.75
932	0.75
933	0.75
934	0.75
935	0.75
936	0.75
937	0.75
938	0.75
939	0.75
940	0.75
941	0.75
942	0.75
943	0.75
944	0.75
945	0.75
946	0.75
947	0.75
948	0.75
949	0.75
950	0.75
951	0.75
952	0.75
953	0.75
954	0.75
955	0.75
956	0.75
957	0.75
958	0.75
959	0.75
960	0.75
961	0.75
962	0.75
963	0.75
964	0.75
965	0.75
966	0.75
967	0.75
968	0.75
969	0.75
970	0.75
971	0.75
972	0.75
973	0.75
974	0.75
975	0.75
976	0.75
977	0.75
978	0.75
979	0.75
980	0.75
981	0.75
982	0.75
983	0.75
984	0.75
985	0.75
986	0.75
987	0.75
988	0.75
989	0.75
990	0.75
991	0.75
992	0.75
993	0.75
994	0.75
995	0.75
996	0.75
997	0.75
998	0.75
999	0.75
1000	0.75
1001	0.75
1002	0.75
1003	0.75
1004	0.75
1005	0.75
1006	0.75
1007	0.75
1008	0.75
1009	0.75
1010	0.75
1011	0.75
1012	0.75
1013	0.75
1014	0.75
1015	0.75
1016	0.75
1017	0.75
1018	0.75
1019	0.75
1020	0.75
1021	0.75
1022	0.75
1023	0.75
1024	0.75
1025	0.75
1026	0.75
1027	0.75
1028	0.75
1029	0.75
1030	0.75
1031	0.75
1032	0.75
1033	0.75
1034	0.75
1035	0.75
1036	0.75
1037	0.75
1038	0.75
1039	0.75
1040	0.75
1041	0.75
1042	0.75
1043	0.75
1044	0.75
1045	0.75
1046	0.75
1047	0.75
1048	0.75
1049	0.75
1050	0.75
1051	0.75
1052	0.75
1053	0.75
1054	0.75
1055	0.75
1056	0.75
1057	0.75
1058	0.75
1059	0.75
1060	0.75
1061	0.75
1062	0.75
1063	0.75
1064	0.75
1065	0.75
1066	0.75
1067	0.75
1068	0.75
1069	0.75
1070	0.75
1071	0.75
1072	0.75
1073	0.75
1074	0.75
1075	0.75
1076	0.75
1077	0.75
1078	0.75
1079	0.75
1080	0.75
1081	0.75
1082	0.75
1083	0.75
1084	0.75
1085	0.75
1086	0.75
1087	0.75
1088	0.75
1089	0.75
1090	0.75
1091	0.75
1092	0.75
1093	0.75
1094	0.75
1095	0.75
1096	0.75
1097	0.75
1098	0.75
1099	0.75
1100	0.75
1101	0.75
1102	0.75
1103	0.75
1104	0.75
1105	0.75
1106	0.75
1107	0.75
1108	0.75
1109	0.75
1110	0.75
1111	0.75
1112	0.75
1113	0.75
1114	0.75
1115	0.75
1116	0.75
1117	0.75
1118	0.75
1119	0.75
1120	0.75
1121	0.75
1122	0.75
1123	0.75
1124	0.8125
1125	0.8125
1126	0.8125
1127	0.828125
1128	0.859375
1129	0.859375
1130	0.859375
1131	0.859375
1132	0.875
1133	0.875
1134	0.875
1135	0.875
1136	0.875
1137	0.875
1138	0.875
1139	0.875
1140	0.875
1141	0.875
1142	0.875
1143	0.875
1144	0.875
1145	0.875
1146	0.875
1147	0.875
1148	0.875
1149	0.875
1150	0.875
1151	0.875
1152	0.875
1153	0.875
1154	0.875
1155	0.875
1156	0.875
1157	0.875
1158	0.875
1159	0.875
1160	0.875
1161	0.875
1162	0.875
1163	0.875
1164	0.875
1165	0.875
1166	0.875
1167	0.875
1168	0.875
1169	0.875
1170	0.875
1171	0.875
1172	0.875
1173	0.875
1174	0.875
1175	0.875
1176	0.875
1177	0.875
1178	0.875
1179	0.875
1180	0.875
1181	0.875
1182	0.875
1183	0.875
1184	0.875
1185	0.875
1186	0.875
1187	0.875
1188	0.875
1189	0.875
1190	0.875
1191	0.875
1192	0.875
1193	0.875
1194	0.875
1195	0.875
1196	0.875
1197	0.875
1198	0.875
1199	0.875
1200	0.875
1201	0.875
1202	0.875
1203	0.875
1204	0.875
1205	0.875
1206	0.875
1207	0.875
1208	0.875
1209	0.875
1210	0.875
1211	0.875
1212	0.875
1213	0.875
1214	0.875
1215	0.875
1216	0.875
1217	0.875
1218	0.875
1219	0.875
1220	0.875
1221	0.875
1222	0.875
1223	0.875
1224	0.875
1225	0.875
1226	0.875
1227	0.875
1228	0.875
1229	0.875
1230	0.875
1231	0.875
1232	0.875
1233	0.875
1234	0.875
1235	0.875
1236	0.875
1237	0.875
1238	0.875
1239	0.875
1240	0.875
1241	0.875
1242	0.875
1243	0.875
1244	0.875
1245	0.875
1246	0.875
1247	0.875
1248	0.875
1249	0.875
1250	0.875
1251	0.875
1252	0.875
1253	0.875
1254	0.875
1255	0.875
1256	0.875
1257	0.875
1258	0.875
1259	0.875
1260	0.875
1261	0.875
1262	0.875
1263	0.875
1264	0.875
1265	0.875
1266	0.875
1267	0.875
1268	0.875
1269	0.875
1270	0.875
1271	0.875
1272	0.875
1273	0.875
1274	0.875
1275	0.875
1276	0.875
1277	0.875
1278	0.875
1279	0.875
1280	0.875
1281	0.875
1282	0.875
1283	0.875
1284	0.875
1285	0.875
1286	0.875
1287	0.875
1288	0.875
1289	0.875
1290	0.875
1291	0.875
1292	0.875
1293	0.875
1294	0.875
1295	0.875
1296	0.875
1297	0.875
1298	0.875
1299	0.875
1300	0.875
1301	0.875
1302	0.875
1303	0.875
1304	0.875
1305	0.875
1306	0.875
1307	0.875
1308	0.875
1309	0.875
1310	0.875
1311	0.875
1312	0.875
1313	0.875
1314	0.875
1315	0.875
1316	0.875
1317	0.875
1318	0.875
1319	0.875
1320	0.875
1321	0.875
1322	0.875
1323	0.875
1324	0.875
1325	0.875
1326	0.875
1327	0.875
1328	0.875
1329	0.875
1330	0.875
1331	0.875
1332	0.875
1333	0.875
1334	0.875
1335	0.875
1336	0.875
1337	0.875
1338	0.875
1339	0.875
1340	0.875
1341	0.875
1342	0.875
1343	0.875
1344	0.875
1345	0.875
1346	0.875
1347	0.875
1348	0.875
1349	0.875
1350	0.875
1351	0.875
1352	0.875
1353	0.875
1354	0.875
1355	0.875
1356	0.875
1357	0.875
1358	0.875
1359	0.875
1360	0.875
1361	0.875
1362	0.875
1363	0.875
1364	0.875
1365	0.875
1366	0.875
1367	0.875
1368	0.875
1369	0.875
1370	0.875
1371	0.875
1372	0.875
1373	0.875
1374	0.875
1375	0.875
1376	0.875
1377	0.875
1378	0.875
1379	0.875
1380	0.875
1381	0.875
1382	0.875
1383	0.875
1384	0.875
1385	0.875
1386	0.875
1387	0.875
1388	0.875
1389	0.875
1390	0.875
1391	0.875
1392	0.875
1393	0.875
1394	0.875
1395	0.875
1396	0.875
1397	0.875
1398	0.875
1399	0.875
1400	0.875
1401	0.875
1402	0.875
1403	0.875
1404	0.875
1405	0.875
1406	0.875
1407	0.875
1408	0.875
1409	0.875
1410	0.875
1411	0.875
1412	0.875
1413	0.875
1414	0.875
1415	0.875
1416	0.875
1417	0.875
1418	0.875
1419	0.875
1420	0.875
1421	0.875
1422	0.875
1423	0.875
1424	0.875
1425	0.875
1426	0.875
1427	0.875
1428	0.875
1429	0.875
1430	0.875
1431	0.875
1432	0.875
1433	0.875
1434	0.875
1435	0.875
1436	0.875
1437	0.875
1438	0.875
1439	0.875
1440	0.875
1441	0.875
1442	0.875
1443	0.875
1444	0.875
1445	0.875
1446	0.875
1447	0.875
1448	0.875
1449	0.875
1450	0.875
1451	0.875
1452	0.875
1453	0.875
1454	0.875
1455	0.875
1456	0.875
1457	0.875
1458	0.875
1459	0.875
1460	0.875
1461	0.875
1462	0.875
1463	0.875
1464	0.875
1465	0.875
1466	0.875
1467	0.875
1468	0.875
1469	0.875
1470	0.875
1471	0.875
1472	0.875
1473	0.875
1474	0.875
1475	0.875
1476	0.875
1477	0.875
1478	0.875
1479	0.875
1480	0.875
1481	0.875
1482	0.875
1483	0.875
1484	0.875
1485	0.875
1486	0.875
1487	0.875
1488	0.875
1489	0.875
1490	0.875
1491	0.875
1492	0.875
1493	0.875
1494	0.875
1495	0.875
1496	0.875
1497	0.875
1498	0.875
1499	0.875
1500	0.875
1501	0.875
1502	0.875
1503	0.875
1504	0.875
1505	0.875
1506	0.875
1507	0.875
1508	0.875
1509	0.875
1510	0.875
1511	0.875
1512	0.875
1513	0.875
1514	0.875
1515	0.875
1516	0.875
1517	0.875
1518	0.875
1519	0.875
1520	0.875
1521	0.875
1522	0.875
1523	0.875
1524	0.875
1525	0.875
1526	0.875
1527	0.875
1528	0.875
1529	0.875
1530	0.875
1531	0.875
1532	0.875
1533	0.875
1534	0.875
1535	0.875
1536	0.875
1537	0.875
1538	0.875
1539	0.875
1540	0.875
1541	0.875
1542	0.875
1543	0.875
1544	0.875
1545	0.875
1546	0.875
1547	0.875
1548	0.875
1549	0.875
1550	0.875
1551	0.875
1552	0.875
1553	0.875
1554	0.875
1555	0.875
1556	0.875
1557	0.875
1558	0.875
1559	0.875
1560	0.875
1561	0.875
1562	0.875
1563	0.875
1564	0.875
1565	0.875
1566	0.875
1567	0.875
1568	0.875
1569	0.875
1570	0.875
1571	0.875
1572	0.875
1573	0.875
1574	0.875
1575	0.875
1576	0.875
1577	0.875
1578	0.875
1579	0.875
1580	0.875
1581	0.875
1582	0.875
1583	0.875
1584	0.875
1585	0.875
1586	0.875
1587	0.875
1588	0.875
1589	0.875
1590	0.875
1591	0.875
1592	0.875
1593	0.875
1594	0.875
1595	0.875
1596	0.875
1597	0.875
1598	0.875
1599	0.875
1600	0.875
1601	0.875
1602	0.875
1603	0.875
1604	0.875
1605	0.875
1606	0.875
1607	0.875
1608	0.875
1609	0.875
1610	0.875
1611	0.875
1612	0.875
1613	0.875
1614	0.875
1615	0.875
1616	0.875
1617	0.875
1618	0.875
1619	0.875
1620	0.875
1621	0.875
1622	0.875
1623	0.875
1624	0.875
1625	0.875
1626	0.875
1627	0.875
1628	0.875
1629	0.875
1630	0.875
1631	0.875
1632	0.875
1633	0.875
1634	0.875
1635	0.875
1636	0.875
1637	0.875
1638	0.875
1639	0.875
1640	0.875
1641	0.875
1642	0.875
1643	0.875
1644	0.875
1645	0.875
1646	0.875
1647	0.875
1648	0.875
1649	0.875
1650	0.875
1651	0.875
1652	0.875
1653	0.875
1654	0.875
1655	0.875
1656	0.875
1657	0.875
1658	0.875
1659	0.875
1660	0.875
1661	0.875
1662	0.875
1663	0.875
1664	0.875
1665	0.875
1666	0.875
1667	0.875
1668	0.875
1669	0.875
1670	0.875
1671	0.875
1672	0.875
1673	0.875
1674	0.875
1675	0.875
1676	0.875
1677	0.875
1678	0.875
1679	0.875
1680	0.875
1681	0.875
1682	0.875
1683	0.875
1684	0.875
1685	0.875
1686	0.875
1687	0.875
1688	0.875
1689	0.875
1690	0.875
1691	0.875
1692	0.875
1693	0.875
1694	0.875
1695	0.875
1696	0.875
1697	0.875
1698	0.875
1699	0.875
1700	0.875
1701	0.875
1702	0.875
1703	0.875
1704	0.875
1705	0.875
1706	0.875
1707	0.875
1708	0.875
1709	0.875
1710	0.875
1711	0.875
1712	0.875
1713	0.875
1714	0.875
1715	0.875
1716	0.875
1717	0.875
1718	0.875
1719	0.875
1720	0.875
1721	0.875
1722	0.875
1723	0.875
1724	0.875
1725	0.875
1726	0.875
1727	0.875
1728	0.875
1729	0.875
1730	0.875
1731	0.875
1732	0.875
1733	0.875
1734	0.875
1735	0.875
1736	0.875
1737	0.875
1738	0.875
1739	0.875
1740	0.875
1741	0.875
1742	0.875
1743	0.875
1744	0.875
1745	0.875
1746	0.875
1747	0.875
1748	0.875
1749	0.875
1750	0.875
1751	0.875
1752	0.875
1753	0.875
1754	0.875
1755	0.875
1756	0.875
1757	0.875
1758	0.875
1759	0.875
1760	0.875
1761	0.875
1762	0.875
1763	0.875
1764	0.875
1765	0.875
1766	0.875
1767	0.875
1768	0.875
1769	0.875
1770	0.875
1771	0.875
1772	0.875
1773	0.875
1774	0.875
1775	0.875
1776	0.875
1777	0.875
1778	0.875
1779	0.875
1780	0.875
1781	0.875
1782	0.875
1783	0.875
1784	0.875
1785	0.875
1786	0.875
1787	0.875
1788	0.875
1789	0.875
1790	0.875
1791	0.875
1792	0.875
1793	0.875
1794	0.875
1795	0.875
1796	0.875
1797	0.875
1798	0.875
1799	0.875
1800	0.875
1801	0.875
1802	0.875
1803	0.875
1804	0.875
1805	0.875
1806	0.875
1807	0.875
1808	0.875
1809	0.875
1810	0.875
1811	0.875
1812	0.875
1813	0.875
1814	0.875
1815	0.875
1816	0.875
1817	0.875
1818	0.875
1819	0.875
1820	0.875
1821	0.875
1822	0.875
1823	0.875
1824	0.875
1825	0.875
1826	0.875
1827	0.875
1828	0.875
1829	0.875
1830	0.875
1831	0.875
1832	0.875
1833	0.875
1834	0.875
1835	0.875
1836	0.875
1837	0.875
1838	0.875
1839	0.875
1840	0.875
1841	0.875
1842	0.875
1843	0.875
1844	0.875
1845	0.875
1846	0.875
1847	0.875
1848	0.875
1849	0.875
1850	0.875
1851	0.875
1852	0.875
1853	0.875
1854	0.875
1855	0.875
1856	0.875
1857	0.875
1858	0.875
1859	0.875
1860	0.875
1861	0.875
1862	0.875
1863	0.875
1864	0.875
1865	0.875
1866	0.875
1867	0.875
1868	0.875
1869	0.875
1870	0.875
1871	0.875
1872	0.875
1873	0.875
1874	0.875
1875	0.875
1876	0.875
1877	0.875
1878	0.875
1879	0.875
1880	0.875
1881	0.875
1882	0.875
1883	0.875
1884	0.875
1885	0.875
1886	0.875
1887	0.875
1888	0.875
1889	0.875
1890	0.875
1891	0.875
1892	0.875
1893	0.875
1894	0.875
1895	0.875
1896	0.875
1897	0.875
1898	0.875
1899	0.875
1900	0.875
1901	0.875
1902	0.875
1903	0.875
1904	0.875
1905	0.875
1906	0.875
1907	0.875
1908	0.875
1909	0.875
1910	0.875
1911	0.875
1912	0.875
1913	0.875
1914	0.875
1915	0.875
1916	0.875
1917	0.875
1918	0.875
1919	0.875
1920	0.875
1921	0.875
1922	0.875
1923	0.875
1924	0.875
1925	0.875
1926	0.875
1927	0.875
1928	0.875
1929	0.875
1930	0.875
1931	0.875
1932	0.875
1933	0.875
1934	0.875
1935	0.875
1936	0.875
1937	0.875
1938	0.875
1939	0.875
1940	0.875
1941	0.875
1942	0.875
1943	0.875
1944	0.875
1945	0.875
1946	0.875
1947	0.875
1948	0.875
1949	0.875
1950	0.875
1951	0.875
1952	0.875
1953	0.875
1954	0.875
1955	0.875
1956	0.875
1957	0.875
1958	0.875
1959	0.875
1960	0.875
1961	0.875
1962	0.875
1963	0.875
1964	0.875
1965	0.875
1966	0.875
1967	0.875
1968	0.875
1969	0.875
1970	0.875
1971	0.875
1972	0.875
1973	0.875
1974	0.875
1975	0.875
1976	0.875
1977	0.875
1978	0.875
1979	0.875
1980	0.875
1981	0.875
1982	0.875
1983	0.875
1984	0.875
1985	0.875
1986	0.875
1987	0.875
1988	0.875
1989	0.875
1990	0.875
1991	0.875
1992	0.875
1993	0.875
1994	0.875
1995	0.875
1996	0.875
1997	0.875
1998	0.875
1999	0.875
2000	0.875
2001	0.875
2002	0.875
2003	0.875
2004	0.875
2005	0.875
2006	0.875
2007	0.875
2008	0.875
2009	0.875
2010	0.875
2011	0.875
2012	0.875
2013	0.875
2014	0.875
2015	0.875
2016	0.875
2017	0.875
2018	0.875
2019	0.875
2020	0.875
2021	0.875
2022	0.875
2023	0.875
2024	0.875
2025	0.875
2026	0.875
2027	0.875
2028	0.875
2029	0.875
2030	0.875
2031	0.875
2032	0.875
2033	0.875
2034	0.875
2035	0.875
2036	0.875
2037	0.875
2038	0.875
2039	0.875
2040	0.875
2041	0.875
2042	0.875
2043	0.875
2044	0.875
2045	0.875
2046	0.875
2047	0.875
2048	0.875
2049	0.875
2050	0.875
2051	0.875
2052	0.875
2053	0.875
2054	0.875
2055	0.875
2056	0.875
2057	0.875
2058	0.875
2059	0.875
2060	0.875
2061	0.875
2062	0.875
2063	0.875
2064	0.875
2065	0.875
2066	0.875
2067	0.875
2068	0.875
2069	0.875
2070	0.875
2071	0.875
2072	0.875
2073	0.875
2074	0.875
2075	0.875
2076	0.875
2077	0.875
2078	0.875
2079	0.875
2080	0.875
2081	0.875
2082	0.875
2083	0.875
2084	0.875
2085	0.875
2086	0.875
2087	0.875
2088	0.875
2089	0.875
2090	0.875
2091	0.875
2092	0.875
2093	0.875
2094	0.875
2095	0.875
2096	0.875
2097	0.875
2098	0.875
2099	0.875
2100	0.875
2101	0.875
2102	0.875
2103	0.875
2104	0.875
2105	0.875
2106	0.875
2107	0.875
2108	0.875
2109	0.875
2110	0.875
2111	0.875
2112	0.875
2113	0.875
2114	0.875
2115	0.875
2116	0.875
2117	0.875
2118	0.875
2119	0.875
2120	0.875
2121	0.875
2122	0.875
2123	0.875
2124	0.875
2125	0.875
2126	0.875
2127	0.875
2128	0.875
2129	0.875
2130	0.875
2131	0.875
2132	0.875
2133	0.875
2134	0.875
2135	0.875
2136	0.875
2137	0.875
2138	0.875
2139	0.875
2140	0.875
2141	0.875
2142	0.875
2143	0.875
2144	0.875
2145	0.875
2146	0.875
2147	0.875
2148	0.875
2149	0.875
2150	0.875
2151	0.875
2152	0.875
2153	0.875
2154	0.875
2155	0.875
2156	0.875
2157	0.875
2158	0.875
2159	0.875
2160	0.875
2161	0.875
2162	0.875
2163	0.875
2164	0.875
2165	0.875
2166	0.875
2167	0.875
2168	0.875
2169	0.875
2170	0.875
2171	0.875
2172	0.875
2173	0.875
2174	0.875
2175	0.875
2176	0.875
2177	0.875
2178	0.875
2179	0.875
2180	0.875
2181	0.875
2182	0.875
2183	0.875
2184	0.875
2185	0.875
2186	0.875
2187	0.875
2188	0.875
2189	0.875
2190	0.875
2191	0.875
2192	0.875
2193	0.875
2194	0.875
2195	0.875
2196	0.875
2197	0.875
2198	0.875
2199	0.875
2200	0.875
2201	0.875
2202	0.875
2203	0.875
2204	0.875
2205	0.875
2206	0.875
2207	0.875
2208	0.875
2209	0.875
2210	0.875
2211	0.875
2212	0.875
2213	0.875
2214	0.875
2215	0.875
2216	0.875
2217	0.875
2218	0.875
2219	0.875
2220	0.875
2221	0.875
2222	0.875
2223	0.875
2224	0.875
2225	0.875
2226	0.875
2227	0.875
2228	0.875
2229	0.875
2230	0.875
2231	0.875
2232	0.875
2233	0.875
2234	0.875
2235	0.875
2236	0.875
2237	0.875
2238	0.875
2239	0.875
2240	0.875
2241	0.875
2242	0.875
2243	0.875
2244	0.875
2245	0.875
2246	0.875
2247	0.875
2248	0.875
2249	0.875
2250	0.875
2251	0.875
2252	0.875
2253	0.875
2254	0.875
2255	0.875
2256	0.875
2257	0.875
2258	0.875
2259	0.875
2260	0.875
2261	0.875
2262	0.875
2263	0.875
2264	0.875
2265	0.875
2266	0.875
2267	0.875
2268	0.875
2269	0.875
2270	0.875
2271	0.875
2272	0.875
2273	0.875
2274	0.875
2275	0.875
2276	0.875
2277	0.875
2278	0.875
2279	0.875
2280	0.875
2281	0.875
2282	0.875
2283	0.875
2284	0.875
2285	0.875
2286	0.875
2287	0.875
2288	0.875
2289	0.875
2290	0.875
2291	0.875
2292	0.875
2293	0.875
2294	0.875
2295	0.875
2296	0.875
2297	0.875
2298	0.875
2299	0.875
2300	0.875
2301	0.875
2302	0.875
2303	0.875
2304	0.875
2305	0.875
2306	0.875
2307	0.875
2308	0.875
2309	0.875
2310	0.875
2311	0.875
2312	0.875
2313	0.875
2314	0.875
2315	0.875
2316	0.875
2317	0.875
2318	0.875
2319	0.875
2320	0.875
2321	0.875
2322	0.875
2323	0.875
2324	0.875
2325	0.875
2326	0.875
2327	0.875
2328	0.875
2329	0.875
2330	0.875
2331	0.875
2332	0.875
2333	0.875
2334	0.875
2335	0.875
2336	0.875
2337	0.875
2338	0.875
2339	0.875
2340	0.875
2341	0.875
2342	0.875
2343	0.875
2344	0.875
2345	0.875
2346	0.875
2347	0.875
2348	0.875
2349	0.875
2350	0.875
2351	0.90625
2352	0.90625
2353	0.90625
2354	0.90625
2355	0.90625
2356	0.90625
2357	0.90625
2358	0.90625
2359	0.90625
2360	0.90625
2361	0.90625
2362	0.90625
2363	0.90625
2364	0.90625
2365	0.90625
2366	0.90625
2367	0.90625
2368	0.90625
2369	0.90625
2370	0.90625
2371	0.90625
2372	0.90625
2373	0.90625
2374	0.90625
2375	0.90625
2376	0.90625
2377	0.90625
2378	0.90625
2379	0.90625
2380	0.90625
2381	0.90625
2382	0.90625
2383	0.90625
2384	0.90625
2385	0.90625
2386	0.90625
2387	0.90625
2388	0.90625
2389	0.90625
2390	0.90625
2391	0.90625
2392	0.90625
2393	0.90625
2394	0.90625
2395	0.90625
2396	0.90625
2397	0.90625
2398	0.90625
2399	0.90625
2400	0.90625
2401	0.90625
2402	0.90625
2403	0.90625
2404	0.90625
2405	0.90625
2406	0.90625
2407	0.90625
2408	0.90625
2409	0.90625
2410	0.90625
2411	0.90625
2412	0.90625
2413	0.90625
2414	0.90625
2415	0.90625
2416	0.90625
2417	0.90625
2418	0.90625
2419	0.90625
2420	0.90625
2421	0.90625
2422	0.90625
2423	0.90625
2424	0.90625
2425	0.90625
2426	0.90625
2427	0.90625
2428	0.90625
2429	0.90625
2430	0.90625
2431	0.90625
2432	0.90625
2433	0.90625
2434	0.90625
2435	0.90625
2436	0.90625
2437	0.90625
2438	0.90625
2439	0.90625
2440	0.90625
2441	0.90625
2442	0.90625
2443	0.90625
2444	0.90625
2445	0.90625
2446	0.90625
2447	0.90625
2448	0.90625
2449	0.90625
2450	0.90625
2451	0.90625
2452	0.90625
2453	0.90625
2454	0.90625
2455	0.90625
2456	0.90625
2457	0.90625
2458	0.90625
2459	0.90625
2460	0.90625
2461	0.90625
2462	0.90625
2463	0.90625
2464	0.90625
2465	0.90625
2466	0.90625
2467	0.90625
2468	0.90625
2469	0.90625
2470	0.90625
2471	0.90625
2472	0.90625
2473	0.90625
2474	0.90625
2475	0.90625
2476	0.90625
2477	0.90625
2478	0.90625
2479	0.90625
2480	0.90625
2481	0.90625
2482	0.90625
2483	0.90625
2484	0.90625
2485	0.90625
2486	0.90625
2487	0.90625
2488	0.90625
2489	0.90625
2490	0.90625
2491	0.90625
2492	0.90625
2493	0.90625
2494	0.90625
2495	0.90625
2496	0.90625
2497	0.90625
2498	0.90625
2499	0.90625
2500	0.90625
2501	0.90625
2502	0.90625
2503	0.90625
2504	0.90625
2505	0.90625
2506	0.90625
2507	0.90625
2508	0.90625
2509	0.90625
2510	0.90625
2511	0.90625
2512	0.90625
2513	0.90625
2514	0.90625
2515	0.90625
2516	0.90625
2517	0.90625
2518	0.90625
2519	0.90625
2520	0.90625
2521	0.90625
2522	0.90625
2523	0.90625
2524	0.90625
2525	0.90625
2526	0.90625
2527	0.90625
2528	0.90625
2529	0.90625
2530	0.90625
2531	0.90625
2532	0.90625
2533	0.90625
2534	0.90625
2535	0.90625
2536	0.90625
2537	0.90625
2538	0.90625
2539	0.90625
2540	0.90625
2541	0.90625
2542	0.90625
2543	0.90625
2544	0.90625
2545	0.90625
2546	0.90625
2547	0.90625
2548	0.90625
2549	0.90625
2550	0.90625
2551	0.90625
2552	0.90625
2553	0.90625
2554	0.90625
2555	0.90625
2556	0.90625
2557	0.90625
2558	0.90625
2559	0.90625
2560	0.90625
2561	0.90625
2562	0.90625
2563	0.90625
2564	0.90625
2565	0.90625
2566	0.90625
2567	0.90625
2568	0.90625
2569	0.90625
2570	0.90625
2571	0.90625
2572	0.90625
2573	0.90625
2574	0.90625
2575	0.90625
2576	0.90625
2577	0.90625
2578	0.90625
2579	0.90625
2580	0.90625
2581	0.90625
2582	0.90625
2583	0.90625
2584	0.90625
2585	0.90625
2586	0.90625
2587	0.90625
2588	0.90625
2589	0.90625
2590	0.90625
2591	0.90625
2592	0.90625
2593	0.90625
2594	0.90625
2595	0.90625
2596	0.90625
2597	0.90625
2598	0.90625
2599	0.90625
2600	0.90625
2601	0.90625
2602	0.90625
2603	0.90625
2604	0.90625
2605	0.90625
2606	0.90625
2607	0.90625
2608	0.90625
2609	0.90625
2610	0.90625
2611	0.90625
2612	0.90625
2613	0.90625
2614	0.90625
2615	0.90625
2616	0.90625
2617	0.90625
2618	0.90625
2619	0.90625
2620	0.90625
2621	0.90625
2622	0.90625
2623	0.90625
2624	0.90625
2625	0.90625
2626	0.90625
2627	0.90625
2628	0.90625
2629	0.90625
2630	0.90625
2631	0.90625
2632	0.90625
2633	0.90625
2634	0.90625
2635	0.90625
2636	0.90625
2637	0.90625
2638	0.90625
2639	0.90625
2640	0.90625
2641	0.90625
2642	0.90625
2643	0.90625
2644	0.90625
2645	0.90625
2646	0.90625
2647	0.90625
2648	0.90625
2649	0.90625
2650	0.90625
2651	0.90625
2652	0.90625
2653	0.90625
2654	0.90625
2655	0.90625
2656	0.90625
2657	0.90625
2658	0.90625
2659	0.90625
2660	0.90625
2661	0.90625
2662	0.90625
2663	0.90625
2664	0.90625
2665	0.90625
2666	0.90625
2667	0.90625
2668	0.90625
2669	0.90625
2670	0.90625
2671	0.90625
2672	0.90625
2673	0.90625
2674	0.90625
2675	0.90625
2676	0.90625
2677	0.90625
2678	0.90625
2679	0.90625
2680	0.90625
2681	0.90625
2682	0.90625
2683	0.90625
2684	0.90625
2685	0.90625
2686	0.90625
2687	0.90625
2688	0.90625
2689	0.90625
2690	0.90625
2691	0.90625
2692	0.90625
2693	0.90625
2694	0.90625
2695	0.90625
2696	0.90625
2697	0.90625
2698	0.90625
2699	0.90625
2700	0.90625
2701	0.90625
2702	0.90625
2703	0.90625
2704	0.90625
2705	0.90625
2706	0.90625
2707	0.90625
2708	0.90625
2709	0.90625
2710	0.90625
2711	0.90625
2712	0.90625
2713	0.90625
2714	0.90625
2715	0.90625
2716	0.90625
2717	0.90625
2718	0.90625
2719	0.90625
2720	0.90625
2721	0.90625
2722	0.90625
2723	0.90625
2724	0.90625
2725	0.90625
2726	0.90625
2727	0.90625
2728	0.90625
2729	0.90625
2730	0.90625
2731	0.90625
2732	0.90625
2733	0.90625
2734	0.90625
2735	0.90625
2736	0.90625
2737	0.90625
2738	0.90625
2739	0.90625
2740	0.90625
2741	0.90625
2742	0.90625
2743	0.90625
2744	0.90625
2745	0.90625
2746	0.90625
2747	0.90625
2748	0.90625
2749	0.90625
2750	0.90625
2751	0.90625
2752	0.90625
2753	0.90625
2754	0.90625
2755	0.90625
2756	0.90625
2757	0.90625
2758	0.90625
2759	0.90625
2760	0.90625
2761	0.90625
2762	0.90625
2763	0.90625
2764	0.90625
2765	0.90625
2766	0.90625
2767	0.90625
2768	0.90625
2769	0.90625
2770	0.90625
2771	0.90625
2772	0.90625
2773	0.90625
2774	0.90625
2775	0.90625
2776	0.90625
2777	0.90625
2778	0.90625
2779	0.90625
2780	0.90625
2781	0.90625
2782	0.90625
2783	0.90625
2784	0.90625
2785	0.90625
2786	0.90625
2787	0.90625
2788	0.90625
2789	0.90625
2790	0.90625
2791	0.90625
2792	0.90625
2793	0.90625
2794	0.90625
2795	0.90625
2796	0.90625
2797	0.90625
2798	0.90625
2799	0.90625
2800	0.90625
2801	0.90625
2802	0.90625
2803	0.90625
2804	0.90625
2805	0.90625
2806	0.90625
2807	0.90625
2808	0.90625
2809	0.90625
2810	0.90625
2811	0.90625
2812	0.90625
2813	0.90625
2814	0.90625
2815	0.90625
2816	0.90625
2817	0.90625
2818	0.90625
2819	0.90625
2820	0.90625
2821	0.90625
2822	0.90625
2823	0.90625
2824	0.90625
2825	0.90625
2826	0.90625
2827	0.90625
2828	0.90625
2829	0.90625
2830	0.90625
2831	0.90625
2832	0.90625
2833	0.90625
2834	0.90625
2835	0.90625
2836	0.90625
2837	0.90625
2838	0.90625
2839	0.90625
2840	0.90625
2841	0.90625
2842	0.90625
2843	0.90625
2844	0.90625
2845	0.90625
2846	0.90625
2847	0.90625
2848	0.90625
2849	0.90625
2850	0.90625
2851	0.90625
2852	0.90625
2853	0.90625
2854	0.90625
2855	0.90625
2856	0.90625
2857	0.90625
2858	0.90625
2859	0.90625
2860	0.90625
2861	0.90625
2862	0.90625
2863	0.90625
2864	0.90625
2865	0.90625
2866	0.90625
2867	0.90625
2868	0.90625
2869	0.90625
2870	0.90625
2871	0.90625
2872	0.90625
2873	0.90625
2874	0.90625
2875	0.90625
2876	0.90625
2877	0.90625
2878	0.90625
2879	0.90625
2880	0.90625
2881	0.90625
2882	0.90625
2883	0.90625
2884	0.90625
2885	0.90625
2886	0.90625
2887	0.90625
2888	0.90625
2889	0.90625
2890	0.90625
2891	0.90625
2892	0.90625
2893	0.90625
2894	0.90625
2895	0.90625
2896	0.90625
2897	0.90625
2898	0.90625
2899	0.90625
2900	0.90625
2901	0.90625
2902	0.90625
2903	0.90625
2904	0.90625
2905	0.90625
2906	0.90625
2907	0.90625
2908	0.90625
2909	0.90625
2910	0.90625
2911	0.90625
2912	0.90625
2913	0.90625
2914	0.90625
2915	0.90625
2916	0.90625
2917	0.90625
2918	0.90625
2919	0.90625
2920	0.90625
2921	0.90625
2922	0.90625
2923	0.90625
2924	0.90625
2925	0.90625
2926	0.90625
2927	0.90625
2928	0.90625
2929	0.90625
2930	0.90625
2931	0.90625
2932	0.90625
2933	0.90625
2934	0.90625
2935	0.90625
2936	0.90625
2937	0.90625
2938	0.90625
2939	0.90625
2940	0.90625
2941	0.90625
2942	0.90625
2943	0.90625
2944	0.90625
2945	0.90625
2946	0.90625
2947	0.90625
2948	0.90625
2949	0.90625
2950	0.90625
2951	0.90625
2952	0.90625
2953	0.90625
2954	0.90625
2955	0.90625
2956	0.90625
2957	0.90625
2958	0.90625
2959	0.90625
2960	0.90625
2961	0.90625
2962	0.90625
2963	0.90625
2964	0.90625
2965	0.90625
2966	0.90625
2967	0.90625
2968	0.90625
2969	0.90625
2970	0.90625
2971	0.90625
2972	0.90625
2973	0.90625
2974	0.90625
2975	0.90625
2976	0.90625
2977	0.90625
2978	0.90625
2979	0.90625
2980	0.90625
2981	0.90625
2982	0.90625
2983	0.90625
2984	0.90625
2985	0.90625
2986	0.90625
2987	0.90625
2988	0.90625
2989	0.90625
2990	0.90625
2991	0.90625
2992	0.90625
2993	0.90625
2994	0.90625
2995	0.90625
2996	0.90625
2997	0.90625
2998	0.90625
2999	0.90625
3000	0.90625
3001	0.90625
3002	0.90625
3003	0.90625
3004	0.90625
3005	0.90625
3006	0.90625
3007	0.90625
3008	0.90625
3009	0.90625
3010	0.90625
3011	0.90625
3012	0.90625
3013	0.90625
3014	0.90625
3015	0.90625
3016	0.90625
3017	0.90625
3018	0.90625
3019	0.90625
3020	0.90625
3021	0.90625
3022	0.90625
3023	0.90625
3024	0.90625
3025	0.90625
3026	0.90625
3027	0.90625
3028	0.90625
3029	0.90625
3030	0.90625
3031	0.90625
3032	0.90625
3033	0.90625
3034	0.90625
3035	0.90625
3036	0.90625
3037	0.90625
3038	0.90625
3039	0.90625
3040	0.90625
3041	0.90625
3042	0.90625
3043	0.90625
3044	0.90625
3045	0.90625
3046	0.90625
3047	0.90625
3048	0.90625
3049	0.90625
3050	0.90625
3051	0.90625
3052	0.90625
3053	0.90625
3054	0.90625
3055	0.90625
3056	0.90625
3057	0.90625
3058	0.90625
3059	0.90625
3060	0.90625
3061	0.90625
3062	0.90625
3063	0.90625
3064	0.90625
3065	0.90625
3066	0.90625
3067	0.90625
3068	0.90625
3069	0.90625
3070	0.90625
3071	0.90625
3072	0.90625
3073	0.90625
3074	0.90625
3075	0.90625
3076	0.90625
3077	0.90625
3078	0.90625
3079	0.90625
3080	0.90625
3081	0.90625
3082	0.90625
3083	0.90625
3084	0.90625
3085	0.90625
3086	0.90625
3087	0.90625
3088	0.90625
3089	0.90625
3090	0.90625
3091	0.90625
3092	0.90625
3093	0.90625
3094	0.90625
3095	0.90625
3096	0.90625
3097	0.90625
3098	0.90625
3099	0.90625
3100	0.90625
3101	0.90625
3102	0.90625
3103	0.90625
3104	0.90625
3105	0.90625
3106	0.90625
3107	0.90625
3108	0.90625
3109	0.90625
3110	0.90625
3111	0.90625
3112	0.90625
3113	0.90625
3114	0.90625
3115	0.90625
3116	0.90625
3117	0.90625
3118	0.90625
3119	0.90625
3120	0.90625
3121	0.90625
3122	0.90625
3123	0.90625
3124	0.90625
3125	0.90625
3126	0.90625
3127	0.90625
3128	0.90625
3129	0.90625
3130	0.90625
3131	0.90625
3132	0.90625
3133	0.90625
3134	0.90625
3135	0.90625
3136	0.90625
3137	0.90625
3138	0.90625
3139	0.90625
3140	0.90625
3141	0.90625
3142	0.90625
3143	0.90625
3144	0.90625
3145	0.90625
3146	0.90625
3147	0.90625
3148	0.90625
3149	0.90625
3150	0.90625
3151	0.90625
3152	0.90625
3153	0.90625
3154	0.90625
3155	0.90625
3156	0.90625
3157	0.90625
3158	0.90625
3159	0.90625
3160	0.90625
3161	0.90625
3162	0.90625
3163	0.90625
3164	0.90625
3165	0.90625
3166	0.90625
3167	0.90625
3168	0.90625
3169	0.90625
3170	0.90625
3171	0.90625
3172	0.90625
3173	0.90625
3174	0.90625
3175	0.90625
3176	0.90625
3177	0.90625
3178	0.90625
3179	0.90625
3180	0.90625
3181	0.90625
3182	0.90625
3183	0.90625
3184	0.90625
3185	0.90625
3186	0.90625
3187	0.90625
3188	0.90625
3189	0.90625
3190	0.90625
3191	0.90625
3192	0.90625
3193	0.90625
3194	0.90625
3195	0.90625
3196	0.90625
3197	0.90625
3198	0.90625
3199	0.90625
3200	0.90625
3201	0.90625
3202	0.90625
3203	0.90625
3204	0.90625
3205	0.90625
3206	0.90625
3207	0.90625
3208	0.90625
3209	0.90625
3210	0.90625
3211	0.90625
3212	0.90625
3213	0.90625
3214	0.90625
3215	0.90625
3216	0.90625
3217	0.90625
3218	0.90625
3219	0.90625
3220	0.90625
3221	0.90625
3222	0.90625
3223	0.90625
3224	0.90625
3225	0.90625
3226	0.90625
3227	0.90625
3228	0.90625
3229	0.90625
3230	0.90625
3231	0.90625
3232	0.90625
3233	0.90625
3234	0.90625
3235	0.90625
3236	0.90625
3237	0.90625
3238	0.90625
3239	0.90625
3240	0.90625
3241	0.90625
3242	0.90625
3243	0.90625
3244	0.90625
3245	0.90625
3246	0.90625
3247	0.90625
3248	0.90625
3249	0.90625
3250	0.90625
3251	0.90625
3252	0.90625
3253	0.90625
3254	0.90625
3255	0.90625
3256	0.90625
3257	0.90625
3258	0.90625
3259	0.90625
3260	0.90625
3261	0.90625
3262	0.90625
3263	0.90625
3264	0.90625
3265	0.90625
3266	0.90625
3267	0.90625
3268	0.90625
3269	0.90625
3270	0.90625
3271	0.90625
3272	0.90625
3273	0.90625
3274	0.90625
3275	0.90625
3276	0.90625
3277	0.90625
3278	0.90625
3279	0.90625
3280	0.90625
3281	0.90625
3282	0.90625
3283	0.90625
3284	0.90625
3285	0.90625
3286	0.90625
3287	0.90625
3288	0.90625
3289	0.90625
3290	0.90625
3291	0.90625
3292	0.90625
3293	0.90625
3294	0.90625
3295	0.90625
3296	0.90625
3297	0.90625
3298	0.90625
3299	0.90625
3300	0.90625
3301	0.90625
3302	0.90625
3303	0.90625
3304	0.90625
3305	0.90625
3306	0.90625
3307	0.90625
3308	0.90625
3309	0.90625
3310	0.90625
3311	0.90625
3312	0.90625
3313	0.90625
3314	0.90625
3315	0.90625
3316	0.90625
3317	0.90625
3318	0.90625
3319	0.90625
3320	0.90625
3321	0.90625
3322	0.90625
3323	0.90625
3324	0.90625
3325	0.90625
3326	0.90625
3327	0.90625
3328	0.90625
3329	0.90625
3330	0.90625
3331	0.90625
3332	0.90625
3333	0.90625
3334	0.90625
3335	0.90625
3336	0.90625
3337	0.90625
3338	0.90625
3339	0.90625
3340	0.90625
3341	0.90625
3342	0.90625
3343	0.90625
3344	0.90625
3345	0.90625
3346	0.90625
3347	0.90625
3348	0.90625
3349	0.90625
3350	0.90625
3351	0.90625
3352	0.90625
3353	0.90625
3354	0.90625
3355	0.90625
3356	0.90625
3357	0.90625
3358	0.90625
3359	0.90625
3360	0.90625
3361	0.90625
3362	0.90625
3363	0.90625
3364	0.90625
3365	0.90625
3366	0.90625
3367	0.90625
3368	0.90625
3369	0.90625
3370	0.90625
3371	0.90625
3372	0.90625
3373	0.90625
3374	0.9375
3375	0.9375
3376	0.9375
3377	0.9375
3378	0.9375
3379	0.9375
3380	0.9375
3381	0.9375
3382	0.9375
3383	0.9375
3384	0.9375
3385	0.9375
3386	0.9375
3387	0.9375
3388	0.9375
3389	0.9375
3390	0.9375
3391	0.9375
3392	0.9375
3393	0.9375
3394	0.9375
3395	0.9375
3396	0.9375
3397	0.9375
3398	0.9375
3399	0.9375
3400	0.9375
3401	0.9375
3402	0.9375
3403	0.9375
3404	0.9375
3405	0.9375
3406	0.9375
3407	0.9375
3408	0.9375
3409	0.9375
3410	0.9375
3411	0.9375
3412	0.9375
3413	0.9375
3414	0.9375
3415	0.9375
3416	0.9375
3417	0.9375
3418	0.9375
3419	0.9375
3420	0.9375
3421	0.9375
3422	0.9375
3423	0.9375
3424	0.9375
3425	0.9375
3426	0.9375
3427	0.9375
3428	0.9375
3429	0.9375
3430	0.9375
3431	0.9375
3432	0.9375
3433	0.9375
3434	0.9375
3435	0.9375
3436	0.9375
3437	0.9375
3438	0.9375
3439	0.9375
3440	0.9375
3441	0.9375
3442	0.9375
3443	0.9375
3444	0.9375
3445	0.9375
3446	0.9375
3447	0.9375
3448	0.9375
3449	0.9375
3450	0.9375
3451	0.9375
3452	0.9375
3453	0.9375
3454	0.9375
3455	0.9375
3456	0.9375
3457	0.9375
3458	0.9375
3459	0.9375
3460	0.9375
3461	0.9375
3462	0.9375
3463	0.9375
3464	0.9375
3465	0.9375
3466	0.9375
3467	0.9375
3468	0.9375
3469	0.9375
3470	0.9375
3471	0.9375
3472	0.9375
3473	0.9375
3474	0.9375
3475	0.9375
3476	0.9375
3477	0.9375
3478	0.9375
3479	0.9375
3480	0.9375
3481	0.9375
3482	0.9375
3483	0.9375
3484	0.9375
3485	0.9375
3486	0.9375
3487	0.9375
3488	0.9375
3489	0.9375
3490	0.9375
3491	0.9375
3492	0.9375
3493	0.9375
3494	0.9375
3495	0.9375
3496	0.9375
3497	0.9375
3498	0.9375
3499	0.9375
3500	0.9375
3501	0.9375
3502	0.9375
3503	0.9375
3504	0.9375
3505	0.9375
3506	0.9375
3507	0.9375
3508	0.9375
3509	0.9375
3510	0.9375
3511	0.9375
3512	0.9375
3513	0.9375
3514	0.9375
3515	0.9375
3516	0.9375
3517	0.9375
3518	0.9375
3519	0.9375
3520	0.9375
3521	0.9375
3522	0.9375
3523	0.9375
3524	0.9375
3525	0.9375
3526	0.9375
3527	0.9375
3528	0.9375
3529	0.9375
3530	0.9375
3531	0.9375
3532	0.9375
3533	0.9375
3534	0.9375
3535	0.9375
3536	0.9375
3537	0.9375
3538	0.9375
3539	0.9375
3540	0.9375
3541	0.9375
3542	0.9375
3543	0.9375
3544	0.9375
3545	0.9375
3546	0.9375
3547	0.9375
3548	0.9375
3549	0.9375
3550	0.9375
3551	0.9375
3552	0.9375
3553	0.9375
3554	0.9375
3555	0.9375
3556	0.9375
3557	0.9375
3558	0.9375
3559	0.9375
3560	0.9375
3561	0.9375
3562	0.9375
3563	0.9375
3564	0.9375
3565	0.9375
3566	0.9375
3567	0.9375
3568	0.9375
3569	0.9375
3570	0.9375
3571	0.9375
3572	0.9375
3573	0.9375
3574	0.9375
3575	0.9375
3576	0.9375
3577	0.9375
3578	0.9375
3579	0.9375
3580	0.9375
3581	0.9375
3582	0.9375
3583	0.9375
3584	0.9375
3585	0.9375
3586	0.9375
3587	0.9375
3588	0.9375
3589	0.9375
3590	0.9375
3591	0.9375
3592	0.9375
3593	0.9375
3594	0.9375
3595	0.9375
3596	0.9375
3597	0.9375
3598	0.9375
3599	0.9375
3600	0.9375
3601	0.9375
3602	0.9375
3603	0.9375
3604	0.9375
3605	0.9375
3606	0.9375
3607	0.9375
3608	0.9375
3609	0.9375
3610	0.9375
3611	0.9375
3612	0.9375
3613	0.9375
3614	0.9375
3615	0.9375
3616	0.9375
3617	0.9375
3618	0.9375
3619	0.9375
3620	0.9375
3621	0.9375
3622	0.9375
3623	0.9375
3624	0.9375
3625	0.9375
3626	0.9375
3627	0.9375
3628	0.9375
3629	0.9375
3630	0.9375
3631	0.9375
3632	0.9375
3633	0.9375
3634	0.9375
3635	0.9375
3636	0.9375
3637	0.9375
3638	0.9375
3639	0.9375
3640	0.9375
3641	0.9375
3642	0.9375
3643	0.9375
3644	0.9375
3645	0.9375
3646	0.9375
3647	0.9375
3648	0.9375
3649	0.9375
3650	0.9375
3651	0.9375
3652	0.9375
3653	0.9375
3654	0.9375
3655	0.9375
3656	0.9375
3657	0.9375
3658	0.9375
3659	0.9375
3660	0.9375
3661	0.9375
3662	0.9375
3663	0.9375
3664	0.9375
3665	0.9375
3666	0.9375
3667	0.9375
3668	0.9375
3669	0.9375
3670	0.9375
3671	0.9375
3672	0.9375
3673	0.9375
3674	0.9375
3675	0.9375
3676	0.9375
3677	0.9375
3678	0.9375
3679	0.9375
3680	0.9375
3681	0.9375
3682	0.9375
3683	0.9375
3684	0.9375
3685	0.9375
3686	0.9375
3687	0.9375
3688	0.9375
3689	0.9375
3690	0.9375
3691	0.9375
3692	0.9375
3693	0.9375
3694	0.9375
3695	0.9375
3696	0.9375
3697	0.9375
3698	0.9375
3699	0.9375
3700	0.9375
3701	0.9375
3702	0.9375
3703	0.9375
3704	0.9375
3705	0.9375
3706	0.9375
3707	0.9375
3708	0.9375
3709	0.9375
3710	0.9375
3711	0.9375
3712	0.9375
3713	0.9375
3714	0.9375
3715	0.9375
3716	0.9375
3717	0.9375
3718	1
## No. organisms: 20
## Seeds        : 1502475804, 98195
## Runtime      : 0h 2m 39s.
## Started at   : Sun Aug 30 11:46:41 2020
## Ended at     : Sun Aug 30 11:49:20 2020
