1	0.5
2	0.5
3	0.5
4	0.5
5	0.5
6	0.515625
7	0.515625
8	0.515625
9	0.515625
10	0.515625
11	0.515625
12	0.515625
13	0.53125
14	0.53125
15	0.53125
16	0.53125
17	0.53125
18	0.53125
19	0.53125
20	0.53125
21	0.53125
22	0.53125
23	0.53125
24	0.53125
25	0.53125
26	0.53125
27	0.53125
28	0.53125
29	0.53125
30	0.53125
31	0.53125
32	0.53125
33	0.53125
34	0.53125
35	0.53125
36	0.53125
37	0.53125
38	0.5625
39	0.5625
40	0.5625
41	0.5625
42	0.5625
43	0.5625
44	0.5625
45	0.5625
46	0.5625
47	0.5625
48	0.5625
49	0.5625
50	0.5625
51	0.5625
52	0.5625
53	0.5625
54	0.5625
55	0.5625
56	0.5625
57	0.5625
58	0.5625
59	0.5625
60	0.5625
61	0.5625
62	0.5625
63	0.5625
64	0.5625
65	0.5625
66	0.5625
67	0.5625
68	0.578125
69	0.578125
70	0.625
71	0.625
72	0.625
73	0.625
74	0.625
75	0.625
76	0.625
77	0.625
78	0.625
79	0.625
80	0.625
81	0.625
82	0.625
83	0.625
84	0.625
85	0.625
86	0.625
87	0.625
88	0.625
89	0.625
90	0.625
91	0.625
92	0.625
93	0.625
94	0.625
95	0.625
96	0.625
97	0.625
98	0.625
99	0.625
100	0.625
101	0.625
102	0.625
103	0.625
104	0.625
105	0.625
106	0.625
107	0.625
108	0.625
109	0.625
110	0.625
111	0.625
112	0.625
113	0.625
114	0.625
115	0.625
116	0.625
117	0.625
118	0.625
119	0.625
120	0.625
121	0.625
122	0.625
123	0.625
124	0.625
125	0.625
126	0.625
127	0.625
128	0.625
129	0.625
130	0.625
131	0.625
132	0.625
133	0.625
134	0.625
135	0.625
136	0.625
137	0.625
138	0.625
139	0.625
140	0.625
141	0.625
142	0.625
143	0.625
144	0.625
145	0.625
146	0.625
147	0.625
148	0.625
149	0.625
150	0.625
151	0.625
152	0.625
153	0.625
154	0.625
155	0.625
156	0.625
157	0.625
158	0.625
159	0.625
160	0.625
161	0.625
162	0.625
163	0.625
164	0.625
165	0.625
166	0.625
167	0.625
168	0.625
169	0.625
170	0.625
171	0.625
172	0.625
173	0.625
174	0.625
175	0.625
176	0.625
177	0.625
178	0.625
179	0.625
180	0.625
181	0.625
182	0.625
183	0.625
184	0.625
185	0.625
186	0.625
187	0.625
188	0.625
189	0.625
190	0.625
191	0.625
192	0.625
193	0.625
194	0.625
195	0.625
196	0.625
197	0.625
198	0.625
199	0.625
200	0.625
201	0.625
202	0.625
203	0.625
204	0.625
205	0.625
206	0.625
207	0.625
208	0.625
209	0.625
210	0.625
211	0.625
212	0.625
213	0.625
214	0.625
215	0.625
216	0.625
217	0.625
218	0.625
219	0.625
220	0.625
221	0.625
222	0.625
223	0.625
224	0.625
225	0.625
226	0.625
227	0.625
228	0.625
229	0.625
230	0.625
231	0.625
232	0.625
233	0.625
234	0.625
235	0.625
236	0.625
237	0.625
238	0.625
239	0.625
240	0.625
241	0.625
242	0.625
243	0.625
244	0.625
245	0.625
246	0.625
247	0.625
248	0.625
249	0.625
250	0.625
251	0.625
252	0.625
253	0.625
254	0.625
255	0.625
256	0.625
257	0.625
258	0.625
259	0.625
260	0.625
261	0.625
262	0.625
263	0.625
264	0.625
265	0.625
266	0.625
267	0.625
268	0.625
269	0.625
270	0.625
271	0.625
272	0.625
273	0.625
274	0.625
275	0.625
276	0.625
277	0.625
278	0.625
279	0.625
280	0.625
281	0.625
282	0.625
283	0.625
284	0.625
285	0.625
286	0.625
287	0.625
288	0.625
289	0.625
290	0.625
291	0.625
292	0.625
293	0.625
294	0.625
295	0.625
296	0.625
297	0.625
298	0.625
299	0.625
300	0.625
301	0.625
302	0.625
303	0.625
304	0.625
305	0.625
306	0.6875
307	0.6875
308	0.6875
309	0.6875
310	0.6875
311	0.6875
312	0.6875
313	0.6875
314	0.6875
315	0.6875
316	0.6875
317	0.6875
318	0.6875
319	0.6875
320	0.6875
321	0.6875
322	0.6875
323	0.6875
324	0.6875
325	0.6875
326	0.6875
327	0.6875
328	0.6875
329	0.6875
330	0.6875
331	0.6875
332	0.6875
333	0.6875
334	0.6875
335	0.6875
336	0.6875
337	0.6875
338	0.6875
339	0.6875
340	0.6875
341	0.6875
342	0.6875
343	0.6875
344	0.6875
345	0.6875
346	0.6875
347	0.6875
348	0.6875
349	0.6875
350	0.6875
351	0.6875
352	0.6875
353	0.6875
354	0.6875
355	0.6875
356	0.6875
357	0.6875
358	0.6875
359	0.6875
360	0.6875
361	0.6875
362	0.6875
363	0.6875
364	0.6875
365	0.6875
366	0.6875
367	0.6875
368	0.6875
369	0.6875
370	0.6875
371	0.6875
372	0.6875
373	0.6875
374	0.6875
375	0.6875
376	0.6875
377	0.6875
378	0.6875
379	0.6875
380	0.6875
381	0.6875
382	0.6875
383	0.6875
384	0.6875
385	0.6875
386	0.6875
387	0.6875
388	0.6875
389	0.6875
390	0.6875
391	0.6875
392	0.6875
393	0.6875
394	0.6875
395	0.6875
396	0.6875
397	0.6875
398	0.6875
399	0.6875
400	0.6875
401	0.6875
402	0.6875
403	0.6875
404	0.6875
405	0.6875
406	0.6875
407	0.6875
408	0.6875
409	0.6875
410	0.6875
411	0.6875
412	0.6875
413	0.6875
414	0.6875
415	0.6875
416	0.6875
417	0.6875
418	0.6875
419	0.6875
420	0.6875
421	0.6875
422	0.6875
423	0.6875
424	0.6875
425	0.6875
426	0.6875
427	0.6875
428	0.6875
429	0.6875
430	0.6875
431	0.6875
432	0.6875
433	0.6875
434	0.6875
435	0.6875
436	0.6875
437	0.6875
438	0.6875
439	0.6875
440	0.6875
441	0.6875
442	0.6875
443	0.6875
444	0.6875
445	0.6875
446	0.6875
447	0.6875
448	0.6875
449	0.6875
450	0.6875
451	0.6875
452	0.6875
453	0.6875
454	0.6875
455	0.6875
456	0.6875
457	0.6875
458	0.6875
459	0.6875
460	0.6875
461	0.6875
462	0.6875
463	0.6875
464	0.6875
465	0.6875
466	0.6875
467	0.6875
468	0.6875
469	0.6875
470	0.6875
471	0.6875
472	0.6875
473	0.6875
474	0.6875
475	0.6875
476	0.6875
477	0.6875
478	0.6875
479	0.6875
480	0.6875
481	0.6875
482	0.6875
483	0.6875
484	0.6875
485	0.6875
486	0.6875
487	0.6875
488	0.6875
489	0.6875
490	0.6875
491	0.6875
492	0.6875
493	0.6875
494	0.6875
495	0.6875
496	0.6875
497	0.6875
498	0.6875
499	0.6875
500	0.6875
501	0.6875
502	0.6875
503	0.6875
504	0.6875
505	0.6875
506	0.6875
507	0.6875
508	0.6875
509	0.6875
510	0.6875
511	0.6875
512	0.6875
513	0.6875
514	0.6875
515	0.6875
516	0.6875
517	0.6875
518	0.6875
519	0.6875
520	0.6875
521	0.6875
522	0.6875
523	0.6875
524	0.6875
525	0.6875
526	0.6875
527	0.6875
528	0.6875
529	0.6875
530	0.6875
531	0.6875
532	0.6875
533	0.6875
534	0.6875
535	0.6875
536	0.6875
537	0.6875
538	0.6875
539	0.6875
540	0.6875
541	0.6875
542	0.6875
543	0.6875
544	0.6875
545	0.6875
546	0.6875
547	0.6875
548	0.6875
549	0.6875
550	0.6875
551	0.6875
552	0.6875
553	0.6875
554	0.6875
555	0.6875
556	0.6875
557	0.6875
558	0.6875
559	0.6875
560	0.6875
561	0.6875
562	0.6875
563	0.6875
564	0.6875
565	0.75
566	0.75
567	0.75
568	0.75
569	0.75
570	0.75
571	0.75
572	0.75
573	0.75
574	0.75
575	0.75
576	0.75
577	0.75
578	0.75
579	0.75
580	0.75
581	0.75
582	0.75
583	0.75
584	0.75
585	0.75
586	0.75
587	0.75
588	0.75
589	0.75
590	0.75
591	0.75
592	0.75
593	0.75
594	0.75
595	0.75
596	0.75
597	0.75
598	0.75
599	0.75
600	0.75
601	0.75
602	0.75
603	0.75
604	0.75
605	0.75
606	0.75
607	0.75
608	0.75
609	0.75
610	0.75
611	0.75
612	0.75
613	0.75
614	0.75
615	0.75
616	0.75
617	0.75
618	0.75
619	0.75
620	0.75
621	0.75
622	0.75
623	0.75
624	0.75
625	0.75
626	0.75
627	0.75
628	0.75
629	0.75
630	0.75
631	0.75
632	0.75
633	0.75
634	0.75
635	0.75
636	0.75
637	0.75
638	0.75
639	0.75
640	0.75
641	0.75
642	0.75
643	0.75
644	0.75
645	0.75
646	0.75
647	0.75
648	0.75
649	0.75
650	0.75
651	0.75
652	0.75
653	0.75
654	0.75
655	0.75
656	0.75
657	0.75
658	0.75
659	0.75
660	0.75
661	0.75
662	0.75
663	0.75
664	0.75
665	0.75
666	0.75
667	0.75
668	0.75
669	0.75
670	0.75
671	0.75
672	0.75
673	0.75
674	0.75
675	0.75
676	0.75
677	0.75
678	0.75
679	0.75
680	0.75
681	0.75
682	0.75
683	0.75
684	0.75
685	0.75
686	0.75
687	0.75
688	0.75
689	0.75
690	0.75
691	0.75
692	0.75
693	0.75
694	0.75
695	0.75
696	0.75
697	0.75
698	0.75
699	0.75
700	0.75
701	0.75
702	0.75
703	0.75
704	0.75
705	0.75
706	0.75
707	0.75
708	0.75
709	0.75
710	0.75
711	0.75
712	0.75
713	0.75
714	0.75
715	0.75
716	0.75
717	0.75
718	0.75
719	0.75
720	0.75
721	0.75
722	0.75
723	0.75
724	0.75
725	0.75
726	0.75
727	0.75
728	0.75
729	0.75
730	0.75
731	0.75
732	0.75
733	0.75
734	0.75
735	0.75
736	0.75
737	0.75
738	0.75
739	0.75
740	0.75
741	0.75
742	0.75
743	0.75
744	0.75
745	0.75
746	0.75
747	0.75
748	0.75
749	0.75
750	0.75
751	0.75
752	0.75
753	0.75
754	0.75
755	0.75
756	0.75
757	0.75
758	0.75
759	0.75
760	0.75
761	0.75
762	0.75
763	0.75
764	0.75
765	0.75
766	0.75
767	0.75
768	0.75
769	0.75
770	0.75
771	0.75
772	0.75
773	0.75
774	0.75
775	0.75
776	0.75
777	0.75
778	0.75
779	0.75
780	0.75
781	0.75
782	0.75
783	0.75
784	0.75
785	0.75
786	0.75
787	0.75
788	0.75
789	0.75
790	0.75
791	0.75
792	0.75
793	0.75
794	0.75
795	0.75
796	0.75
797	0.75
798	0.75
799	0.75
800	0.75
801	0.75
802	0.75
803	0.75
804	0.75
805	0.75
806	0.75
807	0.75
808	0.75
809	0.75
810	0.75
811	0.75
812	0.75
813	0.75
814	0.75
815	0.75
816	0.78125
817	0.78125
818	0.78125
819	0.78125
820	0.78125
821	0.78125
822	0.78125
823	0.78125
824	0.78125
825	0.78125
826	0.78125
827	0.78125
828	0.78125
829	0.78125
830	0.78125
831	0.78125
832	0.78125
833	0.78125
834	0.78125
835	0.78125
836	0.78125
837	0.78125
838	0.78125
839	0.78125
840	0.78125
841	0.78125
842	0.78125
843	0.78125
844	0.78125
845	0.78125
846	0.78125
847	0.78125
848	0.78125
849	0.78125
850	0.78125
851	0.78125
852	0.78125
853	0.78125
854	0.78125
855	0.78125
856	0.78125
857	0.78125
858	0.78125
859	0.78125
860	0.78125
861	0.78125
862	0.78125
863	0.78125
864	0.78125
865	0.78125
866	0.78125
867	0.78125
868	0.78125
869	0.78125
870	0.78125
871	0.78125
872	0.78125
873	0.78125
874	0.78125
875	0.78125
876	0.78125
877	0.78125
878	0.78125
879	0.78125
880	0.78125
881	0.78125
882	0.78125
883	0.78125
884	0.78125
885	0.78125
886	0.78125
887	0.78125
888	0.78125
889	0.78125
890	0.78125
891	0.78125
892	0.78125
893	0.78125
894	0.78125
895	0.78125
896	0.78125
897	0.78125
898	0.78125
899	0.78125
900	0.78125
901	0.78125
902	0.78125
903	0.78125
904	0.78125
905	0.78125
906	0.78125
907	0.78125
908	0.78125
909	0.78125
910	0.78125
911	0.78125
912	0.78125
913	0.78125
914	0.78125
915	0.78125
916	0.78125
917	0.78125
918	0.78125
919	0.78125
920	0.78125
921	0.78125
922	0.78125
923	0.78125
924	0.78125
925	0.78125
926	0.78125
927	0.78125
928	0.78125
929	0.78125
930	0.78125
931	0.78125
932	0.78125
933	0.78125
934	0.78125
935	0.78125
936	0.78125
937	0.78125
938	0.78125
939	0.78125
940	0.78125
941	0.78125
942	0.78125
943	0.78125
944	0.78125
945	0.78125
946	0.78125
947	0.78125
948	0.78125
949	0.78125
950	0.78125
951	0.78125
952	0.78125
953	0.78125
954	0.78125
955	0.78125
956	0.78125
957	0.78125
958	0.78125
959	0.78125
960	0.78125
961	0.78125
962	0.78125
963	0.78125
964	0.78125
965	0.78125
966	0.78125
967	0.78125
968	0.78125
969	0.78125
970	0.78125
971	0.78125
972	0.78125
973	0.78125
974	0.78125
975	0.78125
976	0.78125
977	0.78125
978	0.78125
979	0.78125
980	0.78125
981	0.78125
982	0.78125
983	0.78125
984	0.78125
985	0.78125
986	0.78125
987	0.78125
988	0.78125
989	0.78125
990	0.78125
991	0.78125
992	0.78125
993	0.78125
994	0.78125
995	0.78125
996	0.78125
997	0.78125
998	0.78125
999	0.78125
1000	0.78125
1001	0.78125
1002	0.78125
1003	0.78125
1004	0.78125
1005	0.78125
1006	0.78125
1007	0.78125
1008	0.78125
1009	0.78125
1010	0.78125
1011	0.78125
1012	0.78125
1013	0.78125
1014	0.78125
1015	0.78125
1016	0.78125
1017	0.78125
1018	0.78125
1019	0.78125
1020	0.78125
1021	0.78125
1022	0.78125
1023	0.78125
1024	0.78125
1025	0.78125
1026	0.78125
1027	0.78125
1028	0.78125
1029	0.78125
1030	0.78125
1031	0.78125
1032	0.78125
1033	0.78125
1034	0.78125
1035	0.78125
1036	0.78125
1037	0.78125
1038	0.78125
1039	0.78125
1040	0.78125
1041	0.78125
1042	0.78125
1043	0.78125
1044	0.78125
1045	0.78125
1046	0.78125
1047	0.78125
1048	0.78125
1049	0.78125
1050	0.78125
1051	0.78125
1052	0.78125
1053	0.78125
1054	0.78125
1055	0.78125
1056	0.78125
1057	0.78125
1058	0.78125
1059	0.78125
1060	0.78125
1061	0.78125
1062	0.78125
1063	0.78125
1064	0.78125
1065	0.78125
1066	0.78125
1067	0.78125
1068	0.78125
1069	0.78125
1070	0.78125
1071	0.78125
1072	0.78125
1073	0.78125
1074	0.78125
1075	0.78125
1076	0.78125
1077	0.78125
1078	0.78125
1079	0.78125
1080	0.78125
1081	0.78125
1082	0.78125
1083	0.78125
1084	0.78125
1085	0.78125
1086	0.78125
1087	0.78125
1088	0.78125
1089	0.78125
1090	0.78125
1091	0.78125
1092	0.78125
1093	0.78125
1094	0.78125
1095	0.78125
1096	0.78125
1097	0.78125
1098	0.78125
1099	0.78125
1100	0.78125
1101	0.78125
1102	0.78125
1103	0.78125
1104	0.78125
1105	0.78125
1106	0.78125
1107	0.78125
1108	0.78125
1109	0.78125
1110	0.78125
1111	0.78125
1112	0.78125
1113	0.78125
1114	0.78125
1115	0.8125
1116	0.8125
1117	0.8125
1118	0.8125
1119	0.8125
1120	0.8125
1121	0.8125
1122	0.8125
1123	0.8125
1124	0.8125
1125	0.8125
1126	0.8125
1127	0.8125
1128	0.8125
1129	0.8125
1130	0.8125
1131	0.8125
1132	0.875
1133	0.875
1134	0.875
1135	0.875
1136	0.875
1137	0.875
1138	0.875
1139	0.875
1140	0.875
1141	0.875
1142	0.875
1143	0.875
1144	0.875
1145	0.875
1146	0.875
1147	0.875
1148	0.875
1149	0.875
1150	0.875
1151	0.875
1152	0.875
1153	0.875
1154	0.875
1155	0.875
1156	0.875
1157	0.875
1158	0.875
1159	0.875
1160	0.875
1161	0.875
1162	0.875
1163	0.875
1164	0.875
1165	0.875
1166	0.875
1167	0.875
1168	0.875
1169	0.875
1170	0.875
1171	0.875
1172	0.875
1173	0.875
1174	0.875
1175	0.875
1176	0.875
1177	0.875
1178	0.875
1179	0.875
1180	0.875
1181	0.875
1182	0.875
1183	0.875
1184	0.875
1185	0.875
1186	0.875
1187	0.875
1188	0.875
1189	0.875
1190	0.875
1191	0.875
1192	0.875
1193	0.875
1194	0.875
1195	0.875
1196	0.875
1197	0.875
1198	0.875
1199	0.875
1200	0.875
1201	0.875
1202	0.875
1203	0.875
1204	0.875
1205	0.875
1206	0.875
1207	0.875
1208	0.875
1209	0.875
1210	0.875
1211	0.875
1212	0.875
1213	0.875
1214	0.875
1215	0.875
1216	0.875
1217	0.875
1218	0.875
1219	0.875
1220	0.875
1221	0.875
1222	0.875
1223	0.875
1224	0.875
1225	0.875
1226	0.875
1227	0.875
1228	0.875
1229	0.875
1230	0.875
1231	0.875
1232	0.875
1233	0.875
1234	0.875
1235	0.875
1236	0.875
1237	0.875
1238	0.875
1239	0.875
1240	0.875
1241	0.875
1242	0.875
1243	0.875
1244	0.875
1245	0.875
1246	0.875
1247	0.875
1248	0.875
1249	0.875
1250	0.875
1251	0.875
1252	0.875
1253	0.875
1254	0.875
1255	0.875
1256	0.875
1257	0.875
1258	0.875
1259	0.875
1260	0.875
1261	0.875
1262	0.875
1263	0.875
1264	0.875
1265	0.875
1266	0.875
1267	0.875
1268	0.875
1269	0.875
1270	0.875
1271	0.875
1272	0.875
1273	0.875
1274	0.875
1275	0.875
1276	0.875
1277	0.875
1278	0.875
1279	0.875
1280	0.875
1281	0.875
1282	0.875
1283	0.875
1284	0.875
1285	0.875
1286	0.875
1287	0.875
1288	0.875
1289	0.875
1290	0.875
1291	0.875
1292	0.875
1293	0.875
1294	0.875
1295	0.875
1296	0.875
1297	0.875
1298	0.875
1299	0.875
1300	0.875
1301	0.875
1302	0.875
1303	0.875
1304	0.875
1305	0.875
1306	0.875
1307	0.875
1308	0.875
1309	0.875
1310	0.875
1311	0.875
1312	0.875
1313	0.875
1314	0.875
1315	0.875
1316	0.875
1317	0.875
1318	0.875
1319	0.875
1320	0.875
1321	0.875
1322	0.875
1323	0.875
1324	0.875
1325	0.875
1326	0.875
1327	0.875
1328	0.875
1329	0.875
1330	0.875
1331	0.875
1332	0.875
1333	0.875
1334	0.875
1335	0.875
1336	0.875
1337	0.875
1338	0.875
1339	0.875
1340	0.875
1341	0.875
1342	0.875
1343	0.875
1344	0.875
1345	0.875
1346	0.875
1347	0.875
1348	0.875
1349	0.875
1350	0.875
1351	0.875
1352	0.875
1353	0.875
1354	0.875
1355	0.875
1356	0.875
1357	0.875
1358	0.875
1359	0.875
1360	0.875
1361	0.875
1362	0.875
1363	0.875
1364	0.875
1365	0.875
1366	0.875
1367	0.875
1368	0.875
1369	0.875
1370	0.875
1371	0.875
1372	0.875
1373	0.875
1374	0.875
1375	0.875
1376	0.875
1377	0.875
1378	0.875
1379	0.875
1380	0.875
1381	0.875
1382	0.875
1383	0.875
1384	0.875
1385	0.875
1386	0.875
1387	0.875
1388	0.875
1389	0.875
1390	0.875
1391	0.875
1392	0.875
1393	0.875
1394	0.875
1395	0.875
1396	0.875
1397	0.875
1398	0.875
1399	0.875
1400	0.875
1401	0.875
1402	0.875
1403	0.875
1404	0.875
1405	0.875
1406	0.875
1407	0.875
1408	0.875
1409	0.875
1410	0.875
1411	0.875
1412	0.875
1413	0.875
1414	0.875
1415	0.875
1416	0.875
1417	0.875
1418	0.875
1419	0.875
1420	0.875
1421	0.875
1422	0.875
1423	0.875
1424	0.875
1425	0.875
1426	0.875
1427	0.875
1428	0.875
1429	0.875
1430	0.875
1431	0.875
1432	0.875
1433	0.875
1434	0.875
1435	0.875
1436	0.875
1437	0.875
1438	0.875
1439	0.875
1440	0.875
1441	0.875
1442	0.875
1443	0.875
1444	0.875
1445	0.875
1446	0.875
1447	0.875
1448	0.875
1449	0.875
1450	0.875
1451	0.875
1452	0.875
1453	0.875
1454	0.875
1455	0.875
1456	0.875
1457	0.875
1458	0.875
1459	0.875
1460	0.875
1461	0.875
1462	0.875
1463	0.875
1464	0.875
1465	0.875
1466	0.875
1467	0.875
1468	0.875
1469	0.875
1470	0.875
1471	0.875
1472	0.875
1473	0.875
1474	0.875
1475	0.875
1476	0.875
1477	0.875
1478	0.875
1479	0.875
1480	0.875
1481	0.875
1482	0.875
1483	0.875
1484	0.875
1485	0.875
1486	0.875
1487	0.875
1488	0.875
1489	0.875
1490	0.875
1491	0.875
1492	0.875
1493	0.875
1494	0.875
1495	0.875
1496	0.875
1497	0.875
1498	0.875
1499	0.875
1500	0.875
1501	0.875
1502	0.875
1503	0.875
1504	0.875
1505	0.875
1506	0.875
1507	0.875
1508	0.875
1509	0.875
1510	0.875
1511	0.875
1512	0.875
1513	0.875
1514	0.875
1515	0.875
1516	0.875
1517	0.875
1518	0.875
1519	0.875
1520	0.875
1521	0.875
1522	0.875
1523	0.875
1524	0.875
1525	0.875
1526	0.875
1527	0.875
1528	0.875
1529	0.875
1530	0.875
1531	0.875
1532	0.875
1533	0.875
1534	0.875
1535	0.875
1536	0.875
1537	0.875
1538	0.875
1539	0.875
1540	0.875
1541	0.875
1542	0.875
1543	0.875
1544	0.875
1545	0.875
1546	0.875
1547	0.875
1548	0.875
1549	0.875
1550	0.875
1551	0.875
1552	0.875
1553	0.875
1554	0.875
1555	0.875
1556	0.875
1557	0.875
1558	0.875
1559	0.875
1560	0.875
1561	0.875
1562	0.875
1563	0.875
1564	0.875
1565	0.875
1566	0.875
1567	0.875
1568	0.875
1569	0.875
1570	0.875
1571	0.875
1572	0.875
1573	0.875
1574	0.875
1575	0.875
1576	0.875
1577	0.875
1578	0.875
1579	0.875
1580	0.875
1581	0.875
1582	0.875
1583	0.875
1584	0.875
1585	0.875
1586	0.875
1587	0.875
1588	0.875
1589	0.875
1590	0.875
1591	0.875
1592	0.875
1593	0.875
1594	0.875
1595	0.875
1596	0.875
1597	0.875
1598	0.875
1599	0.875
1600	0.875
1601	0.875
1602	0.875
1603	0.875
1604	0.875
1605	0.875
1606	0.875
1607	0.875
1608	0.875
1609	0.875
1610	0.875
1611	0.875
1612	0.875
1613	0.875
1614	0.875
1615	0.875
1616	0.875
1617	0.875
1618	0.875
1619	0.875
1620	0.875
1621	0.875
1622	0.875
1623	0.875
1624	0.875
1625	0.875
1626	0.875
1627	0.875
1628	0.875
1629	0.875
1630	0.875
1631	0.875
1632	0.875
1633	0.875
1634	0.875
1635	0.875
1636	0.875
1637	0.875
1638	0.875
1639	0.875
1640	0.875
1641	0.875
1642	0.875
1643	0.875
1644	0.875
1645	0.875
1646	0.875
1647	0.875
1648	0.875
1649	0.875
1650	0.875
1651	0.875
1652	0.875
1653	0.875
1654	0.875
1655	0.875
1656	0.875
1657	0.875
1658	0.875
1659	0.875
1660	0.875
1661	0.875
1662	0.875
1663	0.875
1664	0.875
1665	0.875
1666	0.875
1667	0.875
1668	0.875
1669	0.875
1670	0.875
1671	0.875
1672	0.875
1673	0.875
1674	0.875
1675	0.875
1676	0.875
1677	0.875
1678	0.875
1679	0.875
1680	0.875
1681	0.875
1682	0.875
1683	0.875
1684	0.875
1685	0.875
1686	0.875
1687	0.875
1688	0.875
1689	0.875
1690	0.875
1691	0.875
1692	0.875
1693	0.875
1694	0.875
1695	0.875
1696	0.875
1697	0.875
1698	0.875
1699	0.875
1700	0.875
1701	0.875
1702	0.875
1703	0.875
1704	0.875
1705	0.875
1706	0.875
1707	0.875
1708	0.875
1709	0.875
1710	0.875
1711	0.875
1712	0.875
1713	0.875
1714	0.875
1715	0.875
1716	0.875
1717	0.875
1718	0.875
1719	0.875
1720	0.875
1721	0.875
1722	0.875
1723	0.875
1724	0.875
1725	0.875
1726	0.875
1727	0.875
1728	0.875
1729	0.875
1730	0.875
1731	0.875
1732	0.875
1733	0.875
1734	0.875
1735	0.875
1736	0.875
1737	0.875
1738	0.875
1739	0.9375
1740	0.9375
1741	0.9375
1742	0.9375
1743	0.9375
1744	0.9375
1745	0.9375
1746	0.9375
1747	0.9375
1748	0.9375
1749	0.9375
1750	0.9375
1751	0.9375
1752	0.9375
1753	0.96875
1754	0.96875
1755	0.96875
1756	0.96875
1757	0.96875
1758	0.96875
1759	0.96875
1760	0.96875
1761	0.96875
1762	0.96875
1763	0.96875
1764	0.96875
1765	0.96875
1766	0.96875
1767	0.96875
1768	0.96875
1769	0.96875
1770	0.96875
1771	0.96875
1772	0.96875
1773	0.96875
1774	0.96875
1775	0.96875
1776	0.96875
1777	0.96875
1778	0.96875
1779	0.96875
1780	0.96875
1781	0.96875
1782	0.96875
1783	0.96875
1784	0.96875
1785	0.96875
1786	0.96875
1787	0.96875
1788	0.96875
1789	0.96875
1790	0.96875
1791	0.96875
1792	0.96875
1793	0.96875
1794	0.96875
1795	0.96875
1796	0.96875
1797	0.96875
1798	0.96875
1799	0.96875
1800	0.96875
1801	0.96875
1802	0.96875
1803	0.96875
1804	0.96875
1805	0.96875
1806	0.96875
1807	0.96875
1808	0.96875
1809	0.96875
1810	0.96875
1811	0.96875
1812	0.96875
1813	0.96875
1814	0.96875
1815	0.96875
1816	0.96875
1817	0.96875
1818	0.96875
1819	0.96875
1820	0.96875
1821	0.96875
1822	0.96875
1823	0.96875
1824	0.96875
1825	0.96875
1826	0.96875
1827	0.96875
1828	0.96875
1829	0.96875
1830	0.96875
1831	0.96875
1832	0.96875
1833	0.96875
1834	0.96875
1835	0.96875
1836	0.96875
1837	0.96875
1838	0.96875
1839	0.96875
1840	0.96875
1841	0.96875
1842	0.96875
1843	0.96875
1844	0.96875
1845	0.96875
1846	0.96875
1847	0.96875
1848	0.96875
1849	0.96875
1850	0.96875
1851	0.96875
1852	0.96875
1853	0.96875
1854	0.96875
1855	0.96875
1856	0.96875
1857	0.96875
1858	0.96875
1859	0.96875
1860	0.96875
1861	0.96875
1862	0.96875
1863	0.96875
1864	0.96875
1865	0.96875
1866	0.96875
1867	0.96875
1868	0.96875
1869	0.96875
1870	0.96875
1871	0.96875
1872	0.96875
1873	0.96875
1874	0.96875
1875	0.96875
1876	0.96875
1877	0.96875
1878	0.96875
1879	0.96875
1880	0.96875
1881	0.96875
1882	0.96875
1883	0.96875
1884	0.96875
1885	0.96875
1886	0.96875
1887	0.96875
1888	0.96875
1889	0.96875
1890	0.96875
1891	0.96875
1892	0.96875
1893	0.96875
1894	0.96875
1895	0.96875
1896	0.96875
1897	0.96875
1898	0.96875
1899	0.96875
1900	0.96875
1901	0.96875
1902	0.96875
1903	0.96875
1904	0.96875
1905	0.96875
1906	0.96875
1907	0.96875
1908	0.96875
1909	0.96875
1910	0.96875
1911	0.96875
1912	0.96875
1913	0.96875
1914	0.96875
1915	0.96875
1916	0.96875
1917	0.96875
1918	0.96875
1919	0.96875
1920	0.96875
1921	0.96875
1922	0.96875
1923	0.96875
1924	0.96875
1925	0.96875
1926	0.96875
1927	0.96875
1928	0.96875
1929	0.96875
1930	0.96875
1931	0.96875
1932	0.96875
1933	0.96875
1934	0.96875
1935	0.96875
1936	0.96875
1937	0.96875
1938	0.96875
1939	0.96875
1940	0.96875
1941	0.96875
1942	0.96875
1943	0.96875
1944	0.96875
1945	0.96875
1946	0.96875
1947	0.96875
1948	0.96875
1949	0.96875
1950	0.96875
1951	0.96875
1952	0.96875
1953	0.96875
1954	0.96875
1955	0.96875
1956	0.96875
1957	0.96875
1958	0.96875
1959	0.96875
1960	0.96875
1961	0.96875
1962	0.96875
1963	0.96875
1964	0.96875
1965	0.96875
1966	0.96875
1967	0.96875
1968	0.96875
1969	0.96875
1970	0.96875
1971	0.96875
1972	1
## No. organisms: 20
## Seeds        : 1502475804, 98195
## Runtime      : 0h 1m 7s.
## Started at   : Sun Aug 30 11:49:18 2020
## Ended at     : Sun Aug 30 11:50:25 2020
