1	0.375	0.375	1	60	3
2	0.375	0.375	1	60	2
3	0.5	0.5	1	60	2
4	0.5	0.5	1	60	1
5	0.5	0.5	1	60	3
6	0.5	0.5	1	60	2
7	0.5	0.5	1	60	4
8	0.5	0.5	1	60	3
9	0.5	0.5	1	60	1
10	0.5	0.5	1	60	3
11	0.5	0.5	1	60	3
12	0.5	0.5	1	60	2
13	0.4375	0.5	1	60	2
14	0.5	0.5	1	60	3
15	0.5	0.5	1	60	1
16	0.5	0.5	1	60	1
17	0.5	0.5	1	60	1
18	0.5	0.5	1	60	3
19	0.5	0.5	1	60	1
20	0.5	0.5	1	60	2
21	0.5	0.5	1	60	2
22	0.5	0.5	1	60	2
23	0.5	0.5	1	60	3
24	0.5	0.5	1	60	1
25	0.5	0.5	1	60	3
26	0.5	0.5	1	60	2
27	0.5	0.5	1	60	2
28	0.5	0.5	1	60	2
29	0.5	0.5	1	60	1
30	0.5	0.5	1	60	4
31	0.5	0.5	1	60	3
32	0.5	0.5	1	60	4
33	0.5	0.5	1	60	1
34	0.5	0.5	1	60	3
35	0.5	0.5	1	60	1
36	0.5	0.5	1	60	1
37	0.5	0.5	1	60	5
38	0.5	0.5	1	60	4
39	0.5	0.5	1	60	3
40	0.5	0.5	1	60	1
41	0.5	0.5	1	60	2
42	0.5	0.5	1	60	1
43	0.5	0.5	1	60	4
44	0.5	0.5	1	60	2
45	0.5	0.5	1	60	1
46	0.5	0.5	1	60	2
47	0.5	0.5	1	60	1
48	0.5	0.5	1	60	3
49	0.5	0.5	1	60	1
50	0.4375	0.5	1	60	2
51	0.5	0.5	1	60	2
52	0.5	0.5	1	60	3
53	0.5	0.5	1	60	1
54	0.5625	0.5625	1	60	1
55	0.5	0.5625	1	60	3
56	0.5625	0.5625	1	60	1
57	0.5625	0.5625	1	60	1
58	0.5625	0.5625	1	60	1
59	0.5625	0.5625	1	60	1
60	0.5625	0.5625	1	60	3
61	0.5625	0.5625	1	60	3
62	0.5625	0.5625	1	60	1
63	0.5	0.5625	1	60	1
64	0.5	0.5625	1	60	2
65	0.5625	0.5625	1	60	1
66	0.5	0.5625	1	60	2
67	0.5625	0.5625	1	60	2
68	0.5625	0.5625	1	60	1
69	0.5625	0.5625	1	60	2
70	0.5625	0.5625	1	60	1
71	0.5	0.5625	1	60	4
72	0.5625	0.5625	1	60	1
73	0.5625	0.5625	1	60	1
74	0.5625	0.5625	1	60	2
75	0.5625	0.5625	1	60	1
76	0.5625	0.5625	1	60	2
77	0.5625	0.5625	1	60	1
78	0.5625	0.5625	1	60	2
79	0.5	0.5625	1	60	2
80	0.5625	0.5625	1	60	2
81	0.5625	0.5625	1	60	4
82	0.5625	0.5625	1	60	1
83	0.5625	0.5625	1	60	3
84	0.625	0.625	1	60	5
85	0.5	0.625	1	60	3
86	0.625	0.625	1	60	2
87	0.625	0.625	1	60	3
88	0.625	0.625	1	60	2
89	0.625	0.625	1	60	4
90	0.5	0.625	1	60	1
91	0.625	0.625	1	60	2
92	0.5	0.625	1	60	4
93	0.625	0.625	1	60	3
94	0.625	0.625	1	60	1
95	0.625	0.625	1	60	3
96	0.5	0.625	1	60	2
97	0.625	0.625	1	60	1
98	0.625	0.625	1	60	1
99	0.625	0.625	1	60	2
100	0.5	0.625	1	60	2
101	0.625	0.625	1	60	2
102	0.625	0.625	1	60	3
103	0.625	0.625	1	60	3
104	0.625	0.625	1	60	1
105	0.625	0.625	1	60	1
106	0.625	0.625	1	60	1
107	0.625	0.625	1	60	3
108	0.625	0.625	1	60	2
109	0.625	0.625	1	60	3
110	0.625	0.625	1	60	4
111	0.625	0.625	1	60	3
112	0.625	0.625	1	60	1
113	0.5	0.625	1	60	4
114	0.625	0.625	1	60	1
115	0.625	0.625	1	60	1
116	0.625	0.625	1	60	1
117	0.625	0.625	1	60	3
118	0.625	0.625	1	60	2
119	0.625	0.625	1	60	1
120	0.625	0.625	1	60	1
121	0.625	0.625	1	60	3
122	0.625	0.625	1	60	1
123	0.625	0.625	1	60	1
124	0.625	0.625	1	60	2
125	0.625	0.625	1	60	2
126	0.625	0.625	1	60	4
127	0.625	0.625	1	60	1
128	0.625	0.625	1	60	2
129	0.625	0.625	1	60	2
130	0.5	0.625	1	60	2
131	0.625	0.625	1	60	2
132	0.625	0.625	1	60	4
133	0.625	0.625	1	60	1
134	0.625	0.625	1	60	2
135	0.625	0.625	1	60	1
136	0.625	0.625	1	60	5
137	0.5	0.625	1	60	4
138	0.625	0.625	1	60	2
139	0.5	0.625	1	60	5
140	0.625	0.625	1	60	1
141	0.625	0.625	1	60	3
142	0.625	0.625	1	60	1
143	0.5	0.625	1	60	2
144	0.5	0.625	1	60	1
145	0.625	0.625	1	60	1
146	0.5	0.625	1	60	3
147	0.625	0.625	1	60	2
148	0.625	0.625	1	60	3
149	0.625	0.625	1	60	1
150	0.625	0.625	1	60	1
151	0.625	0.625	1	60	4
152	0.625	0.625	1	60	1
153	0.625	0.625	1	60	1
154	0.625	0.625	1	60	1
155	0.625	0.625	1	60	5
156	0.625	0.625	1	60	3
157	0.625	0.625	1	60	2
158	0.625	0.625	1	60	3
159	0.625	0.625	1	60	1
160	0.625	0.625	1	60	1
161	0.5625	0.625	1	60	1
162	0.625	0.625	1	60	2
163	0.625	0.625	1	60	1
164	0.625	0.625	1	60	2
165	0.625	0.625	1	60	1
166	0.625	0.625	1	60	2
167	0.5	0.625	1	60	3
168	0.625	0.625	1	60	3
169	0.625	0.625	1	60	1
170	0.625	0.625	1	60	2
171	0.625	0.625	1	60	1
172	0.4375	0.625	1	60	1
173	0.625	0.625	1	60	1
174	0.5	0.625	1	60	3
175	0.625	0.625	1	60	1
176	0.625	0.625	1	60	2
177	0.625	0.625	1	60	3
178	0.625	0.625	1	60	2
179	0.625	0.625	1	60	1
180	0.625	0.625	1	60	2
181	0.625	0.625	1	60	4
182	0.625	0.625	1	60	2
183	0.625	0.625	1	60	2
184	0.5	0.625	1	60	3
185	0.625	0.625	1	60	3
186	0.625	0.625	1	60	2
187	0.625	0.625	1	60	2
188	0.625	0.625	1	60	2
189	0.625	0.625	1	60	1
190	0.625	0.625	1	60	1
191	0.5	0.625	1	60	1
192	0.5625	0.625	1	60	5
193	0.625	0.625	1	60	2
194	0.625	0.625	1	60	1
195	0.625	0.625	1	60	2
196	0.625	0.625	1	60	4
197	0.625	0.625	1	60	1
198	0.625	0.625	1	60	2
199	0.625	0.625	1	60	3
200	0.625	0.625	1	60	2
201	0.625	0.625	1	60	2
202	0.625	0.625	1	60	1
203	0.625	0.625	1	60	1
204	0.625	0.625	1	60	2
205	0.625	0.625	1	60	1
206	0.625	0.625	1	60	1
207	0.625	0.625	1	60	1
208	0.625	0.625	1	60	2
209	0.625	0.625	1	60	3
210	0.6875	0.6875	1	60	2
211	0.6875	0.6875	1	60	4
212	0.4375	0.6875	1	60	2
213	0.6875	0.6875	1	60	1
214	0.6875	0.6875	1	60	3
215	0.6875	0.6875	1	60	1
216	0.5	0.6875	1	60	5
217	0.6875	0.6875	1	60	2
218	0.6875	0.6875	1	60	3
219	0.6875	0.6875	1	60	1
220	0.5	0.6875	1	60	4
221	0.6875	0.6875	1	60	2
222	0.6875	0.6875	1	60	4
223	0.6875	0.6875	1	60	2
224	0.6875	0.6875	1	60	1
225	0.6875	0.6875	1	60	3
226	0.6875	0.6875	1	60	1
227	0.6875	0.6875	1	60	1
228	0.5	0.6875	1	60	4
229	0.6875	0.6875	1	60	1
230	0.6875	0.6875	1	60	3
231	0.6875	0.6875	1	60	3
232	0.6875	0.6875	1	60	1
233	0.625	0.6875	1	60	2
234	0.6875	0.6875	1	60	1
235	0.5625	0.6875	1	60	3
236	0.5	0.6875	1	60	2
237	0.6875	0.6875	1	60	3
238	0.6875	0.6875	1	60	2
239	0.6875	0.6875	1	60	4
240	0.6875	0.6875	1	60	2
241	0.6875	0.6875	1	60	2
242	0.6875	0.6875	1	60	2
243	0.5625	0.6875	1	60	2
244	0.5	0.6875	1	60	5
245	0.6875	0.6875	1	60	1
246	0.5	0.6875	1	60	3
247	0.6875	0.6875	1	60	4
248	0.6875	0.6875	1	60	3
249	0.625	0.6875	1	60	2
250	0.6875	0.6875	1	60	2
251	0.6875	0.6875	1	60	1
252	0.6875	0.6875	1	60	2
253	0.4375	0.6875	1	60	4
254	0.6875	0.6875	1	60	3
255	0.6875	0.6875	1	60	3
256	0.6875	0.6875	1	60	1
257	0.625	0.6875	1	60	5
258	0.6875	0.6875	1	60	2
259	0.6875	0.6875	1	60	2
260	0.5	0.6875	1	60	3
261	0.5625	0.6875	1	60	4
262	0.6875	0.6875	1	60	5
263	0.5	0.6875	1	60	1
264	0.6875	0.6875	1	60	1
265	0.6875	0.6875	1	60	5
266	0.6875	0.6875	1	60	1
267	0.6875	0.6875	1	60	2
268	0.5625	0.6875	1	60	1
269	0.6875	0.6875	1	60	2
270	0.6875	0.6875	1	60	2
271	0.6875	0.6875	1	60	1
272	0.5	0.6875	1	60	3
273	0.5625	0.6875	1	60	3
274	0.5	0.6875	1	60	2
275	0.6875	0.6875	1	60	1
276	0.6875	0.6875	1	60	4
277	0.6875	0.6875	1	60	1
278	0.6875	0.6875	1	60	2
279	0.6875	0.6875	1	60	3
280	0.6875	0.6875	1	60	3
281	0.4375	0.6875	1	60	3
282	0.625	0.6875	1	60	2
283	0.5	0.6875	1	60	6
284	0.6875	0.6875	1	60	1
285	0.6875	0.6875	1	60	1
286	0.6875	0.6875	1	60	2
287	0.6875	0.6875	1	60	1
288	0.6875	0.6875	1	60	3
289	0.6875	0.6875	1	60	1
290	0.6875	0.6875	1	60	2
291	0.6875	0.6875	1	60	1
292	0.6875	0.6875	1	60	1
293	0.6875	0.6875	1	60	1
294	0.6875	0.6875	1	60	2
295	0.6875	0.6875	1	60	1
296	0.6875	0.6875	1	60	2
297	0.6875	0.6875	1	60	4
298	0.5	0.6875	1	60	5
299	0.6875	0.6875	1	60	2
300	0.5625	0.6875	1	60	2
301	0.6875	0.6875	1	60	2
302	0.6875	0.6875	1	60	1
303	0.6875	0.6875	1	60	1
304	0.6875	0.6875	1	60	2
305	0.6875	0.6875	1	60	5
306	0.6875	0.6875	1	60	2
307	0.5	0.6875	1	60	1
308	0.6875	0.6875	1	60	3
309	0.6875	0.6875	1	60	5
310	0.3125	0.6875	1	60	2
311	0.6875	0.6875	1	60	3
312	0.6875	0.6875	1	60	2
313	0.6875	0.6875	1	60	2
314	0.6875	0.6875	1	60	2
315	0.6875	0.6875	1	60	2
316	0.6875	0.6875	1	60	3
317	0.6875	0.6875	1	60	1
318	0.6875	0.6875	1	60	2
319	0.6875	0.6875	1	60	2
320	0.6875	0.6875	1	60	2
321	0.6875	0.6875	1	60	1
322	0.6875	0.6875	1	60	1
323	0.6875	0.6875	1	60	1
324	0.6875	0.6875	1	60	3
325	0.6875	0.6875	1	60	1
326	0.6875	0.6875	1	60	1
327	0.6875	0.6875	1	60	1
328	0.5	0.6875	1	60	2
329	0.6875	0.6875	1	60	3
330	0.5	0.6875	1	60	2
331	0.6875	0.6875	1	60	4
332	0.6875	0.6875	1	60	2
333	0.6875	0.6875	1	60	2
334	0.6875	0.6875	1	60	2
335	0.6875	0.6875	1	60	2
336	0.5	0.6875	1	60	2
337	0.6875	0.6875	1	60	1
338	0.6875	0.6875	1	60	4
339	0.6875	0.6875	1	60	1
340	0.6875	0.6875	1	60	4
341	0.6875	0.6875	1	60	1
342	0.6875	0.6875	1	60	3
343	0.6875	0.6875	1	60	3
344	0.5	0.6875	1	60	3
345	0.6875	0.6875	1	60	2
346	0.6875	0.6875	1	60	4
347	0.6875	0.6875	1	60	2
348	0.6875	0.6875	1	60	3
349	0.6875	0.6875	1	60	1
350	0.6875	0.6875	1	60	1
351	0.6875	0.6875	1	60	1
352	0.6875	0.6875	1	60	3
353	0.6875	0.6875	1	60	1
354	0.6875	0.6875	1	60	1
355	0.6875	0.6875	1	60	3
356	0.6875	0.6875	1	60	3
357	0.6875	0.6875	1	60	1
358	0.6875	0.6875	1	60	2
359	0.5	0.6875	1	60	3
360	0.5	0.6875	1	60	2
361	0.6875	0.6875	1	60	1
362	0.5	0.6875	1	60	4
363	0.6875	0.6875	1	60	4
364	0.6875	0.6875	1	60	3
365	0.6875	0.6875	1	60	1
366	0.6875	0.6875	1	60	1
367	0.5	0.6875	1	60	4
368	0.6875	0.6875	1	60	1
369	0.6875	0.6875	1	60	3
370	0.6875	0.6875	1	60	2
371	0.6875	0.6875	1	60	1
372	0.6875	0.6875	1	60	1
373	0.6875	0.6875	1	60	5
374	0.6875	0.6875	1	60	4
375	0.6875	0.6875	1	60	2
376	0.6875	0.6875	1	60	1
377	0.6875	0.6875	1	60	4
378	0.6875	0.6875	1	60	4
379	0.6875	0.6875	1	60	4
380	0.6875	0.6875	1	60	2
381	0.6875	0.6875	1	60	2
382	0.6875	0.6875	1	60	2
383	0.6875	0.6875	1	60	1
384	0.6875	0.6875	1	60	2
385	0.6875	0.6875	1	60	1
386	0.6875	0.6875	1	60	2
387	0.6875	0.6875	1	60	1
388	0.5625	0.6875	1	60	1
389	0.6875	0.6875	1	60	2
390	0.6875	0.6875	1	60	1
391	0.6875	0.6875	1	60	4
392	0.6875	0.6875	1	60	1
393	0.625	0.6875	1	60	4
394	0.6875	0.6875	1	60	3
395	0.6875	0.6875	1	60	1
396	0.625	0.6875	1	60	1
397	0.6875	0.6875	1	60	2
398	0.5	0.6875	1	60	1
399	0.6875	0.6875	1	60	2
400	0.6875	0.6875	1	60	2
401	0.6875	0.6875	1	60	1
402	0.5	0.6875	1	60	5
403	0.5	0.6875	1	60	2
404	0.625	0.6875	1	60	3
405	0.6875	0.6875	1	60	2
406	0.6875	0.6875	1	60	1
407	0.6875	0.6875	1	60	1
408	0.6875	0.6875	1	60	2
409	0.6875	0.6875	1	60	1
410	0.6875	0.6875	1	60	3
411	0.6875	0.6875	1	60	2
412	0.6875	0.6875	1	60	1
413	0.6875	0.6875	1	60	2
414	0.6875	0.6875	1	60	1
415	0.6875	0.6875	1	60	2
416	0.6875	0.6875	1	60	1
417	0.6875	0.6875	1	60	3
418	0.5	0.6875	1	60	2
419	0.6875	0.6875	1	60	3
420	0.6875	0.6875	1	60	1
421	0.625	0.6875	1	60	1
422	0.6875	0.6875	1	60	2
423	0.6875	0.6875	1	60	4
424	0.6875	0.6875	1	60	2
425	0.6875	0.6875	1	60	1
426	0.6875	0.6875	1	60	1
427	0.6875	0.6875	1	60	4
428	0.6875	0.6875	1	60	2
429	0.6875	0.6875	1	60	1
430	0.6875	0.6875	1	60	3
431	0.6875	0.6875	1	60	2
432	0.6875	0.6875	1	60	2
433	0.6875	0.6875	1	60	3
434	0.6875	0.6875	1	60	5
435	0.5	0.6875	1	60	3
436	0.6875	0.6875	1	60	2
437	0.6875	0.6875	1	60	2
438	0.6875	0.6875	1	60	4
439	0.6875	0.6875	1	60	2
440	0.6875	0.6875	1	60	1
441	0.5	0.6875	1	60	6
442	0.6875	0.6875	1	60	1
443	0.6875	0.6875	1	60	5
444	0.6875	0.6875	1	60	2
445	0.6875	0.6875	1	60	1
446	0.6875	0.6875	1	60	1
447	0.6875	0.6875	1	60	3
448	0.6875	0.6875	1	60	1
449	0.6875	0.6875	1	60	2
450	0.5	0.6875	1	60	3
451	0.6875	0.6875	1	60	2
452	0.5	0.6875	1	60	5
453	0.6875	0.6875	1	60	2
454	0.6875	0.6875	1	60	2
455	0.6875	0.6875	1	60	2
456	0.6875	0.6875	1	60	2
457	0.6875	0.6875	1	60	1
458	0.6875	0.6875	1	60	1
459	0.6875	0.6875	1	60	1
460	0.6875	0.6875	1	60	2
461	0.6875	0.6875	1	60	1
462	0.6875	0.6875	1	60	1
463	0.6875	0.6875	1	60	4
464	0.6875	0.6875	1	60	4
465	0.6875	0.6875	1	60	2
466	0.6875	0.6875	1	60	2
467	0.6875	0.6875	1	60	4
468	0.6875	0.6875	1	60	2
469	0.6875	0.6875	1	60	1
470	0.75	0.75	1	60	8
471	0.75	0.75	1	60	1
472	0.75	0.75	1	60	2
473	0.75	0.75	1	60	1
474	0.75	0.75	1	60	4
475	0.625	0.75	1	60	2
476	0.75	0.75	1	60	2
477	0.75	0.75	1	60	2
478	0.625	0.75	1	60	3
479	0.75	0.75	1	60	3
480	0.75	0.75	1	60	1
481	0.75	0.75	1	60	2
482	0.625	0.75	1	60	2
483	0.75	0.75	1	60	2
484	0.75	0.75	1	60	3
485	0.75	0.75	1	60	1
486	0.75	0.75	1	60	5
487	0.75	0.75	1	60	3
488	0.75	0.75	1	60	3
489	0.75	0.75	1	60	1
490	0.75	0.75	1	60	3
491	0.75	0.75	1	60	3
492	0.75	0.75	1	60	3
493	0.75	0.75	1	60	1
494	0.75	0.75	1	60	1
495	0.75	0.75	1	60	3
496	0.75	0.75	1	60	2
497	0.75	0.75	1	60	2
498	0.5	0.75	1	60	1
499	0.625	0.75	1	60	1
500	0.5	0.75	1	60	2
501	0.75	0.75	1	60	1
502	0.625	0.75	1	60	2
503	0.75	0.75	1	60	2
504	0.75	0.75	1	60	1
505	0.75	0.75	1	60	2
506	0.75	0.75	1	60	3
507	0.5	0.75	1	60	4
508	0.5	0.75	1	60	2
509	0.75	0.75	1	60	3
510	0.5	0.75	1	60	3
511	0.75	0.75	1	60	1
512	0.75	0.75	1	60	4
513	0.75	0.75	1	60	1
514	0.75	0.75	1	60	3
515	0.75	0.75	1	60	1
516	0.75	0.75	1	60	1
517	0.75	0.75	1	60	3
518	0.75	0.75	1	60	1
519	0.75	0.75	1	60	1
520	0.75	0.75	1	60	1
521	0.75	0.75	1	60	1
522	0.375	0.75	1	60	4
523	0.75	0.75	1	60	3
524	0.75	0.75	1	60	1
525	0.75	0.75	1	60	5
526	0.375	0.75	1	60	3
527	0.75	0.75	1	60	1
528	0.5	0.75	1	60	5
529	0.75	0.75	1	60	1
530	0.75	0.75	1	60	5
531	0.75	0.75	1	60	1
532	0.75	0.75	1	60	1
533	0.75	0.75	1	60	3
534	0.5625	0.75	1	60	3
535	0.75	0.75	1	60	4
536	0.75	0.75	1	60	2
537	0.75	0.75	1	60	1
538	0.6875	0.75	1	60	3
539	0.75	0.75	1	60	1
540	0.75	0.75	1	60	1
541	0.75	0.75	1	60	2
542	0.75	0.75	1	60	1
543	0.75	0.75	1	60	1
544	0.75	0.75	1	60	1
545	0.75	0.75	1	60	2
546	0.75	0.75	1	60	1
547	0.75	0.75	1	60	1
548	0.75	0.75	1	60	1
549	0.75	0.75	1	60	3
550	0.75	0.75	1	60	1
551	0.75	0.75	1	60	3
552	0.75	0.75	1	60	3
553	0.75	0.75	1	60	2
554	0.75	0.75	1	60	4
555	0.75	0.75	1	60	2
556	0.75	0.75	1	60	1
557	0.75	0.75	1	60	4
558	0.75	0.75	1	60	2
559	0.75	0.75	1	60	1
560	0.75	0.75	1	60	1
561	0.75	0.75	1	60	2
562	0.75	0.75	1	60	3
563	0.75	0.75	1	60	1
564	0.75	0.75	1	60	1
565	0.75	0.75	1	60	1
566	0.75	0.75	1	60	2
567	0.75	0.75	1	60	1
568	0.625	0.75	1	60	2
569	0.75	0.75	1	60	4
570	0.75	0.75	1	60	2
571	0.75	0.75	1	60	2
572	0.75	0.75	1	60	1
573	0.75	0.75	1	60	2
574	0.6875	0.75	1	60	3
575	0.75	0.75	1	60	1
576	0.75	0.75	1	60	1
577	0.5	0.75	1	60	3
578	0.75	0.75	1	60	1
579	0.6875	0.75	1	60	2
580	0.75	0.75	1	60	3
581	0.75	0.75	1	60	3
582	0.75	0.75	1	60	1
583	0.75	0.75	1	60	2
584	0.75	0.75	1	60	2
585	0.75	0.75	1	60	2
586	0.75	0.75	1	60	2
587	0.75	0.75	1	60	2
588	0.5	0.75	1	60	5
589	0.75	0.75	1	60	2
590	0.75	0.75	1	60	1
591	0.75	0.75	1	60	1
592	0.75	0.75	1	60	2
593	0.75	0.75	1	60	3
594	0.75	0.75	1	60	1
595	0.75	0.75	1	60	5
596	0.75	0.75	1	60	2
597	0.75	0.75	1	60	5
598	0.75	0.75	1	60	2
599	0.75	0.75	1	60	1
600	0.75	0.75	1	60	2
601	0.5	0.75	1	60	3
602	0.75	0.75	1	60	1
603	0.75	0.75	1	60	1
604	0.75	0.75	1	60	1
605	0.75	0.75	1	60	1
606	0.75	0.75	1	60	1
607	0.75	0.75	1	60	1
608	0.75	0.75	1	60	2
609	0.75	0.75	1	60	2
610	0.75	0.75	1	60	1
611	0.75	0.75	1	60	1
612	0.75	0.75	1	60	4
613	0.75	0.75	1	60	1
614	0.75	0.75	1	60	3
615	0.75	0.75	1	60	4
616	0.75	0.75	1	60	1
617	0.625	0.75	1	60	1
618	0.75	0.75	1	60	5
619	0.75	0.75	1	60	3
620	0.75	0.75	1	60	1
621	0.75	0.75	1	60	3
622	0.5	0.75	1	60	4
623	0.5	0.75	1	60	1
624	0.6875	0.75	1	60	4
625	0.75	0.75	1	60	2
626	0.75	0.75	1	60	3
627	0.75	0.75	1	60	3
628	0.75	0.75	1	60	2
629	0.75	0.75	1	60	3
630	0.75	0.75	1	60	5
631	0.75	0.75	1	60	1
632	0.75	0.75	1	60	3
633	0.75	0.75	1	60	2
634	0.75	0.75	1	60	4
635	0.75	0.75	1	60	1
636	0.6875	0.75	1	60	1
637	0.75	0.75	1	60	3
638	0.5625	0.75	1	60	4
639	0.75	0.75	1	60	3
640	0.75	0.75	1	60	3
641	0.75	0.75	1	60	3
642	0.5	0.75	1	60	4
643	0.75	0.75	1	60	4
644	0.75	0.75	1	60	3
645	0.5	0.75	1	60	3
646	0.75	0.75	1	60	2
647	0.625	0.75	1	60	1
648	0.75	0.75	1	60	1
649	0.75	0.75	1	60	4
650	0.75	0.75	1	60	2
651	0.75	0.75	1	60	1
652	0.75	0.75	1	60	1
653	0.75	0.75	1	60	2
654	0.5	0.75	1	60	1
655	0.6875	0.75	1	60	3
656	0.75	0.75	1	60	5
657	0.625	0.75	1	60	2
658	0.75	0.75	1	60	2
659	0.5	0.75	1	60	5
660	0.75	0.75	1	60	1
661	0.5625	0.75	1	60	2
662	0.75	0.75	1	60	3
663	0.75	0.75	1	60	1
664	0.75	0.75	1	60	2
665	0.75	0.75	1	60	1
666	0.75	0.75	1	60	1
667	0.5	0.75	1	60	4
668	0.75	0.75	1	60	1
669	0.75	0.75	1	60	1
670	0.625	0.75	1	60	1
671	0.75	0.75	1	60	3
672	0.5	0.75	1	60	5
673	0.75	0.75	1	60	1
674	0.75	0.75	1	60	3
675	0.6875	0.75	1	60	2
676	0.75	0.75	1	60	2
677	0.75	0.75	1	60	2
678	0.75	0.75	1	60	1
679	0.75	0.75	1	60	3
680	0.4375	0.75	1	60	5
681	0.625	0.75	1	60	2
682	0.75	0.75	1	60	2
683	0.75	0.75	1	60	3
684	0.75	0.75	1	60	1
685	0.75	0.75	1	60	2
686	0.75	0.75	1	60	2
687	0.75	0.75	1	60	1
688	0.75	0.75	1	60	2
689	0.75	0.75	1	60	6
690	0.75	0.75	1	60	1
691	0.5	0.75	1	60	1
692	0.375	0.75	1	60	3
693	0.5	0.75	1	60	2
694	0.75	0.75	1	60	1
695	0.75	0.75	1	60	1
696	0.75	0.75	1	60	1
697	0.75	0.75	1	60	2
698	0.75	0.75	1	60	1
699	0.75	0.75	1	60	2
700	0.75	0.75	1	60	3
701	0.75	0.75	1	60	3
702	0.75	0.75	1	60	2
703	0.75	0.75	1	60	1
704	0.75	0.75	1	60	2
705	0.625	0.75	1	60	3
706	0.6875	0.75	1	60	1
707	0.75	0.75	1	60	2
708	0.625	0.75	1	60	4
709	0.75	0.75	1	60	2
710	0.75	0.75	1	60	3
711	0.5625	0.75	1	60	2
712	0.75	0.75	1	60	1
713	0.75	0.75	1	60	2
714	0.75	0.75	1	60	6
715	0.75	0.75	1	60	2
716	0.75	0.75	1	60	2
717	0.75	0.75	1	60	2
718	0.75	0.75	1	60	2
719	0.75	0.75	1	60	1
720	0.75	0.75	1	60	1
721	0.5	0.75	1	60	2
722	0.75	0.75	1	60	3
723	0.75	0.75	1	60	1
724	0.75	0.75	1	60	3
725	0.75	0.75	1	60	1
726	0.75	0.75	1	60	3
727	0.75	0.75	1	60	2
728	0.75	0.75	1	60	1
729	0.75	0.75	1	60	3
730	0.6875	0.75	1	60	5
731	0.75	0.75	1	60	1
732	0.75	0.75	1	60	2
733	0.75	0.75	1	60	2
734	0.5	0.75	1	60	1
735	0.75	0.75	1	60	1
736	0.75	0.75	1	60	3
737	0.75	0.75	1	60	2
738	0.5	0.75	1	60	2
739	0.75	0.75	1	60	1
740	0.75	0.75	1	60	1
741	0.75	0.75	1	60	1
742	0.75	0.75	1	60	3
743	0.75	0.75	1	60	1
744	0.75	0.75	1	60	4
745	0.625	0.75	1	60	2
746	0.75	0.75	1	60	2
747	0.75	0.75	1	60	1
748	0.5	0.75	1	60	3
749	0.625	0.75	1	60	2
750	0.75	0.75	1	60	2
751	0.75	0.75	1	60	1
752	0.75	0.75	1	60	1
753	0.75	0.75	1	60	2
754	0.75	0.75	1	60	2
755	0.75	0.75	1	60	2
756	0.75	0.75	1	60	1
757	0.75	0.75	1	60	4
758	0.75	0.75	1	60	3
759	0.75	0.75	1	60	1
760	0.75	0.75	1	60	1
761	0.75	0.75	1	60	2
762	0.75	0.75	1	60	1
763	0.75	0.75	1	60	2
764	0.75	0.75	1	60	1
765	0.75	0.75	1	60	6
766	0.75	0.75	1	60	1
767	0.75	0.75	1	60	5
768	0.75	0.75	1	60	3
769	0.75	0.75	1	60	3
770	0.75	0.75	1	60	2
771	0.75	0.75	1	60	4
772	0.75	0.75	1	60	1
773	0.75	0.75	1	60	1
774	0.75	0.75	1	60	2
775	0.75	0.75	1	60	4
776	0.75	0.75	1	60	4
777	0.5	0.75	1	60	3
778	0.75	0.75	1	60	4
779	0.75	0.75	1	60	2
780	0.5	0.75	1	60	3
781	0.75	0.75	1	60	2
782	0.75	0.75	1	60	2
783	0.5	0.75	1	60	2
784	0.75	0.75	1	60	3
785	0.75	0.75	1	60	2
786	0.75	0.75	1	60	1
787	0.75	0.75	1	60	1
788	0.75	0.75	1	60	1
789	0.75	0.75	1	60	2
790	0.75	0.75	1	60	3
791	0.625	0.75	1	60	1
792	0.75	0.75	1	60	3
793	0.75	0.75	1	60	1
794	0.75	0.75	1	60	1
795	0.75	0.75	1	60	1
796	0.75	0.75	1	60	1
797	0.75	0.75	1	60	2
798	0.75	0.75	1	60	4
799	0.75	0.75	1	60	2
800	0.75	0.75	1	60	3
801	0.75	0.75	1	60	3
802	0.75	0.75	1	60	1
803	0.75	0.75	1	60	6
804	0.75	0.75	1	60	1
805	0.75	0.75	1	60	1
806	0.75	0.75	1	60	1
807	0.75	0.75	1	60	3
808	0.75	0.75	1	60	3
809	0.5	0.75	1	60	8
810	0.75	0.75	1	60	1
811	0.75	0.75	1	60	5
812	0.75	0.75	1	60	1
813	0.625	0.75	1	60	4
814	0.75	0.75	1	60	1
815	0.75	0.75	1	60	1
816	0.6875	0.75	1	60	4
817	0.5	0.75	1	60	2
818	0.75	0.75	1	60	2
819	0.75	0.75	1	60	2
820	0.75	0.75	1	60	2
821	0.75	0.75	1	60	1
822	0.75	0.75	1	60	1
823	0.625	0.75	1	60	3
824	0.75	0.75	1	60	2
825	0.75	0.75	1	60	1
826	0.75	0.75	1	60	1
827	0.75	0.75	1	60	2
828	0.75	0.75	1	60	2
829	0.75	0.75	1	60	2
830	0.75	0.75	1	60	3
831	0.5625	0.75	1	60	4
832	0.75	0.75	1	60	1
833	0.75	0.75	1	60	2
834	0.75	0.75	1	60	2
835	0.75	0.75	1	60	2
836	0.75	0.75	1	60	4
837	0.75	0.75	1	60	1
838	0.75	0.75	1	60	6
839	0.75	0.75	1	60	2
840	0.75	0.75	1	60	3
841	0.75	0.75	1	60	2
842	0.75	0.75	1	60	2
843	0.6875	0.75	1	60	1
844	0.75	0.75	1	60	2
845	0.75	0.75	1	60	2
846	0.75	0.75	1	60	4
847	0.75	0.75	1	60	1
848	0.75	0.75	1	60	2
849	0.75	0.75	1	60	1
850	0.75	0.75	1	60	3
851	0.75	0.75	1	60	5
852	0.5	0.75	1	60	1
853	0.75	0.75	1	60	3
854	0.75	0.75	1	60	1
855	0.75	0.75	1	60	2
856	0.5	0.75	1	60	3
857	0.5	0.75	1	60	4
858	0.5	0.75	1	60	5
859	0.75	0.75	1	60	2
860	0.75	0.75	1	60	2
861	0.75	0.75	1	60	2
862	0.75	0.75	1	60	3
863	0.75	0.75	1	60	2
864	0.75	0.75	1	60	3
865	0.75	0.75	1	60	1
866	0.75	0.75	1	60	1
867	0.75	0.75	1	60	5
868	0.75	0.75	1	60	2
869	0.5625	0.75	1	60	2
870	0.75	0.75	1	60	1
871	0.75	0.75	1	60	2
872	0.75	0.75	1	60	3
873	0.75	0.75	1	60	2
874	0.75	0.75	1	60	2
875	0.75	0.75	1	60	1
876	0.75	0.75	1	60	3
877	0.625	0.75	1	60	1
878	0.75	0.75	1	60	1
879	0.75	0.75	1	60	1
880	0.75	0.75	1	60	1
881	0.75	0.75	1	60	1
882	0.75	0.75	1	60	1
883	0.75	0.75	1	60	2
884	0.5	0.75	1	60	3
885	0.75	0.75	1	60	3
886	0.75	0.75	1	60	1
887	0.5	0.75	1	60	3
888	0.625	0.75	1	60	3
889	0.75	0.75	1	60	2
890	0.75	0.75	1	60	2
891	0.75	0.75	1	60	2
892	0.75	0.75	1	60	1
893	0.75	0.75	1	60	4
894	0.75	0.75	1	60	1
895	0.75	0.75	1	60	2
896	0.75	0.75	1	60	1
897	0.75	0.75	1	60	2
898	0.75	0.75	1	60	1
899	0.625	0.75	1	60	4
900	0.75	0.75	1	60	3
901	0.75	0.75	1	60	1
902	0.5625	0.75	1	60	4
903	0.75	0.75	1	60	4
904	0.5	0.75	1	60	2
905	0.75	0.75	1	60	4
906	0.75	0.75	1	60	3
907	0.75	0.75	1	60	2
908	0.75	0.75	1	60	2
909	0.75	0.75	1	60	1
910	0.75	0.75	1	60	2
911	0.75	0.75	1	60	1
912	0.75	0.75	1	60	1
913	0.5	0.75	1	60	2
914	0.75	0.75	1	60	1
915	0.75	0.75	1	60	4
916	0.75	0.75	1	60	3
917	0.75	0.75	1	60	3
918	0.75	0.75	1	60	2
919	0.5	0.75	1	60	2
920	0.5	0.75	1	60	4
921	0.6875	0.75	1	60	2
922	0.75	0.75	1	60	2
923	0.75	0.75	1	60	1
924	0.75	0.75	1	60	1
925	0.75	0.75	1	60	2
926	0.75	0.75	1	60	1
927	0.75	0.75	1	60	1
928	0.75	0.75	1	60	3
929	0.625	0.75	1	60	2
930	0.75	0.75	1	60	1
931	0.75	0.75	1	60	3
932	0.75	0.75	1	60	4
933	0.75	0.75	1	60	2
934	0.75	0.75	1	60	3
935	0.75	0.75	1	60	1
936	0.5	0.75	1	60	1
937	0.75	0.75	1	60	3
938	0.75	0.75	1	60	3
939	0.75	0.75	1	60	3
940	0.75	0.75	1	60	1
941	0.5	0.75	1	60	2
942	0.75	0.75	1	60	4
943	0.75	0.75	1	60	2
944	0.6875	0.75	1	60	2
945	0.75	0.75	1	60	5
946	0.75	0.75	1	60	2
947	0.75	0.75	1	60	3
948	0.75	0.75	1	60	4
949	0.75	0.75	1	60	1
950	0.75	0.75	1	60	1
951	0.75	0.75	1	60	2
952	0.75	0.75	1	60	1
953	0.75	0.75	1	60	3
954	0.75	0.75	1	60	1
955	0.5	0.75	1	60	3
956	0.75	0.75	1	60	4
957	0.75	0.75	1	60	1
958	0.75	0.75	1	60	1
959	0.625	0.75	1	60	4
960	0.75	0.75	1	60	2
961	0.625	0.75	1	60	3
962	0.75	0.75	1	60	2
963	0.75	0.75	1	60	1
964	0.75	0.75	1	60	2
965	0.75	0.75	1	60	3
966	0.75	0.75	1	60	2
967	0.75	0.75	1	60	4
968	0.75	0.75	1	60	2
969	0.75	0.75	1	60	2
970	0.75	0.75	1	60	1
971	0.75	0.75	1	60	1
972	0.75	0.75	1	60	2
973	0.75	0.75	1	60	1
974	0.75	0.75	1	60	1
975	0.75	0.75	1	60	2
976	0.75	0.75	1	60	2
977	0.75	0.75	1	60	1
978	0.75	0.75	1	60	1
979	0.75	0.75	1	60	1
980	0.75	0.75	1	60	1
981	0.625	0.75	1	60	4
982	0.625	0.75	1	60	5
983	0.75	0.75	1	60	2
984	0.75	0.75	1	60	2
985	0.75	0.75	1	60	2
986	0.75	0.75	1	60	3
987	0.5	0.75	1	60	2
988	0.5	0.75	1	60	5
989	0.75	0.75	1	60	3
990	0.75	0.75	1	60	2
991	0.75	0.75	1	60	5
992	0.75	0.75	1	60	2
993	0.75	0.75	1	60	1
994	0.75	0.75	1	60	4
995	0.75	0.75	1	60	4
996	0.75	0.75	1	60	1
997	0.75	0.75	1	60	3
998	0.75	0.75	1	60	3
999	0.75	0.75	1	60	1
1000	0.75	0.75	1	60	2
1001	0.75	0.75	1	60	1
1002	0.75	0.75	1	60	2
1003	0.75	0.75	1	60	2
1004	0.75	0.75	1	60	1
1005	0.75	0.75	1	60	1
1006	0.75	0.75	1	60	1
1007	0.625	0.75	1	60	2
1008	0.75	0.75	1	60	2
1009	0.75	0.75	1	60	4
1010	0.75	0.75	1	60	1
1011	0.75	0.75	1	60	3
1012	0.75	0.75	1	60	1
1013	0.5	0.75	1	60	4
1014	0.75	0.75	1	60	1
1015	0.75	0.75	1	60	1
1016	0.625	0.75	1	60	3
1017	0.75	0.75	1	60	2
1018	0.625	0.75	1	60	4
1019	0.75	0.75	1	60	2
1020	0.625	0.75	1	60	2
1021	0.75	0.75	1	60	3
1022	0.75	0.75	1	60	2
1023	0.75	0.75	1	60	3
1024	0.75	0.75	1	60	3
1025	0.75	0.75	1	60	2
1026	0.75	0.75	1	60	3
1027	0.5	0.75	1	60	3
1028	0.625	0.75	1	60	1
1029	0.75	0.75	1	60	1
1030	0.625	0.75	1	60	2
1031	0.625	0.75	1	60	4
1032	0.75	0.75	1	60	2
1033	0.75	0.75	1	60	1
1034	0.625	0.75	1	60	3
1035	0.75	0.75	1	60	2
1036	0.75	0.75	1	60	1
1037	0.75	0.75	1	60	3
1038	0.75	0.75	1	60	2
1039	0.75	0.75	1	60	1
1040	0.625	0.75	1	60	4
1041	0.75	0.75	1	60	1
1042	0.75	0.75	1	60	2
1043	0.75	0.75	1	60	3
1044	0.75	0.75	1	60	2
1045	0.5	0.75	1	60	2
1046	0.75	0.75	1	60	1
1047	0.6875	0.75	1	60	3
1048	0.75	0.75	1	60	1
1049	0.6875	0.75	1	60	4
1050	0.75	0.75	1	60	1
1051	0.75	0.75	1	60	2
1052	0.75	0.75	1	60	1
1053	0.75	0.75	1	60	1
1054	0.625	0.75	1	60	4
1055	0.75	0.75	1	60	3
1056	0.75	0.75	1	60	4
1057	0.75	0.75	1	60	2
1058	0.625	0.75	1	60	1
1059	0.75	0.75	1	60	1
1060	0.5	0.75	1	60	6
1061	0.75	0.75	1	60	1
1062	0.5	0.75	1	60	3
1063	0.75	0.75	1	60	1
1064	0.75	0.75	1	60	2
1065	0.75	0.75	1	60	1
1066	0.75	0.75	1	60	1
1067	0.75	0.75	1	60	1
1068	0.75	0.75	1	60	1
1069	0.75	0.75	1	60	1
1070	0.75	0.75	1	60	3
1071	0.75	0.75	1	60	3
1072	0.75	0.75	1	60	3
1073	0.75	0.75	1	60	3
1074	0.75	0.75	1	60	3
1075	0.75	0.75	1	60	1
1076	0.75	0.75	1	60	2
1077	0.75	0.75	1	60	2
1078	0.625	0.75	1	60	3
1079	0.625	0.75	1	60	4
1080	0.625	0.75	1	60	3
1081	0.5	0.75	1	60	3
1082	0.75	0.75	1	60	2
1083	0.625	0.75	1	60	3
1084	0.625	0.75	1	60	2
1085	0.75	0.75	1	60	1
1086	0.75	0.75	1	60	1
1087	0.75	0.75	1	60	3
1088	0.625	0.75	1	60	2
1089	0.75	0.75	1	60	2
1090	0.75	0.75	1	60	1
1091	0.75	0.75	1	60	1
1092	0.625	0.75	1	60	3
1093	0.75	0.75	1	60	1
1094	0.75	0.75	1	60	2
1095	0.625	0.75	1	60	3
1096	0.75	0.75	1	60	2
1097	0.75	0.75	1	60	2
1098	0.5	0.75	1	60	5
1099	0.75	0.75	1	60	3
1100	0.75	0.75	1	60	1
1101	0.75	0.75	1	60	2
1102	0.75	0.75	1	60	2
1103	0.75	0.75	1	60	2
1104	0.6875	0.75	1	60	5
1105	0.625	0.75	1	60	2
1106	0.75	0.75	1	60	1
1107	0.5	0.75	1	60	3
1108	0.6875	0.75	1	60	3
1109	0.75	0.75	1	60	2
1110	0.75	0.75	1	60	1
1111	0.75	0.75	1	60	2
1112	0.625	0.75	1	60	2
1113	0.75	0.75	1	60	3
1114	0.625	0.75	1	60	2
1115	0.75	0.75	1	60	2
1116	0.75	0.75	1	60	2
1117	0.75	0.75	1	60	2
1118	0.625	0.75	1	60	3
1119	0.75	0.75	1	60	1
1120	0.75	0.75	1	60	5
1121	0.75	0.75	1	60	2
1122	0.75	0.75	1	60	1
1123	0.75	0.75	1	60	1
1124	0.75	0.75	1	60	2
1125	0.75	0.75	1	60	2
1126	0.625	0.75	1	60	4
1127	0.75	0.75	1	60	4
1128	0.75	0.75	1	60	3
1129	0.75	0.75	1	60	1
1130	0.75	0.75	1	60	1
1131	0.75	0.75	1	60	3
1132	0.75	0.75	1	60	2
1133	0.75	0.75	1	60	1
1134	0.625	0.75	1	60	2
1135	0.75	0.75	1	60	3
1136	0.75	0.75	1	60	1
1137	0.5	0.75	1	60	2
1138	0.75	0.75	1	60	1
1139	0.75	0.75	1	60	2
1140	0.75	0.75	1	60	1
1141	0.75	0.75	1	60	2
1142	0.75	0.75	1	60	2
1143	0.75	0.75	1	60	5
1144	0.75	0.75	1	60	1
1145	0.75	0.75	1	60	2
1146	0.75	0.75	1	60	3
1147	0.75	0.75	1	60	1
1148	0.75	0.75	1	60	2
1149	0.75	0.75	1	60	1
1150	0.5	0.75	1	60	5
1151	0.75	0.75	1	60	4
1152	0.75	0.75	1	60	1
1153	0.75	0.75	1	60	4
1154	0.75	0.75	1	60	2
1155	0.75	0.75	1	60	2
1156	0.75	0.75	1	60	1
1157	0.75	0.75	1	60	2
1158	0.75	0.75	1	60	2
1159	0.75	0.75	1	60	1
1160	0.75	0.75	1	60	1
1161	0.75	0.75	1	60	3
1162	0.75	0.75	1	60	2
1163	0.75	0.75	1	60	2
1164	0.75	0.75	1	60	1
1165	0.75	0.75	1	60	2
1166	0.5	0.75	1	60	1
1167	0.75	0.75	1	60	2
1168	0.5	0.75	1	60	4
1169	0.75	0.75	1	60	4
1170	0.75	0.75	1	60	2
1171	0.75	0.75	1	60	2
1172	0.75	0.75	1	60	4
1173	0.75	0.75	1	60	3
1174	0.75	0.75	1	60	2
1175	0.75	0.75	1	60	3
1176	0.75	0.75	1	60	1
1177	0.75	0.75	1	60	2
1178	0.75	0.75	1	60	2
1179	0.75	0.75	1	60	2
1180	0.5	0.75	1	60	2
1181	0.75	0.75	1	60	2
1182	0.75	0.75	1	60	1
1183	0.75	0.75	1	60	2
1184	0.75	0.75	1	60	4
1185	0.75	0.75	1	60	2
1186	0.75	0.75	1	60	5
1187	0.75	0.75	1	60	1
1188	0.75	0.75	1	60	2
1189	0.75	0.75	1	60	2
1190	0.5625	0.75	1	60	4
1191	0.5	0.75	1	60	2
1192	0.75	0.75	1	60	2
1193	0.75	0.75	1	60	3
1194	0.75	0.75	1	60	2
1195	0.625	0.75	1	60	2
1196	0.75	0.75	1	60	1
1197	0.75	0.75	1	60	1
1198	0.625	0.75	1	60	3
1199	0.75	0.75	1	60	1
1200	0.75	0.75	1	60	4
1201	0.75	0.75	1	60	2
1202	0.75	0.75	1	60	2
1203	0.75	0.75	1	60	1
1204	0.75	0.75	1	60	1
1205	0.75	0.75	1	60	4
1206	0.75	0.75	1	60	1
1207	0.75	0.75	1	60	6
1208	0.625	0.75	1	60	4
1209	0.75	0.75	1	60	1
1210	0.625	0.75	1	60	1
1211	0.75	0.75	1	60	4
1212	0.75	0.75	1	60	2
1213	0.75	0.75	1	60	1
1214	0.75	0.75	1	60	1
1215	0.75	0.75	1	60	4
1216	0.625	0.75	1	60	4
1217	0.75	0.75	1	60	3
1218	0.75	0.75	1	60	2
1219	0.625	0.75	1	60	2
1220	0.75	0.75	1	60	5
1221	0.75	0.75	1	60	1
1222	0.75	0.75	1	60	2
1223	0.75	0.75	1	60	2
1224	0.75	0.75	1	60	2
1225	0.75	0.75	1	60	1
1226	0.75	0.75	1	60	1
1227	0.75	0.75	1	60	1
1228	0.75	0.75	1	60	2
1229	0.75	0.75	1	60	1
1230	0.75	0.75	1	60	4
1231	0.75	0.75	1	60	1
1232	0.5	0.75	1	60	4
1233	0.625	0.75	1	60	5
1234	0.75	0.75	1	60	2
1235	0.75	0.75	1	60	3
1236	0.75	0.75	1	60	1
1237	0.625	0.75	1	60	1
1238	0.5	0.75	1	60	3
1239	0.5	0.75	1	60	2
1240	0.75	0.75	1	60	3
1241	0.625	0.75	1	60	2
1242	0.75	0.75	1	60	1
1243	0.75	0.75	1	60	1
1244	0.75	0.75	1	60	3
1245	0.75	0.75	1	60	1
1246	0.75	0.75	1	60	2
1247	0.75	0.75	1	60	2
1248	0.75	0.75	1	60	5
1249	0.75	0.75	1	60	1
1250	0.75	0.75	1	60	2
1251	0.75	0.75	1	60	1
1252	0.75	0.75	1	60	4
1253	0.5	0.75	1	60	4
1254	0.75	0.75	1	60	2
1255	0.75	0.75	1	60	4
1256	0.75	0.75	1	60	1
1257	0.75	0.75	1	60	4
1258	0.75	0.75	1	60	4
1259	0.5	0.75	1	60	1
1260	0.75	0.75	1	60	2
1261	0.75	0.75	1	60	2
1262	0.75	0.75	1	60	1
1263	0.75	0.75	1	60	3
1264	0.75	0.75	1	60	1
1265	0.75	0.75	1	60	2
1266	0.75	0.75	1	60	1
1267	0.75	0.75	1	60	2
1268	0.75	0.75	1	60	1
1269	0.75	0.75	1	60	2
1270	0.75	0.75	1	60	2
1271	0.625	0.75	1	60	1
1272	0.75	0.75	1	60	1
1273	0.75	0.75	1	60	2
1274	0.75	0.75	1	60	2
1275	0.75	0.75	1	60	2
1276	0.75	0.75	1	60	2
1277	0.625	0.75	1	60	3
1278	0.75	0.75	1	60	3
1279	0.75	0.75	1	60	4
1280	0.75	0.75	1	60	1
1281	0.75	0.75	1	60	4
1282	0.75	0.75	1	60	1
1283	0.75	0.75	1	60	1
1284	0.75	0.75	1	60	2
1285	0.75	0.75	1	60	2
1286	0.75	0.75	1	60	2
1287	0.75	0.75	1	60	3
1288	0.75	0.75	1	60	1
1289	0.75	0.75	1	60	1
1290	0.75	0.75	1	60	2
1291	0.75	0.75	1	60	1
1292	0.75	0.75	1	60	3
1293	0.75	0.75	1	60	1
1294	0.75	0.75	1	60	4
1295	0.75	0.75	1	60	3
1296	0.625	0.75	1	60	3
1297	0.5	0.75	1	60	3
1298	0.75	0.75	1	60	4
1299	0.75	0.75	1	60	1
1300	0.75	0.75	1	60	1
1301	0.625	0.75	1	60	5
1302	0.75	0.75	1	60	2
1303	0.5	0.75	1	60	2
1304	0.75	0.75	1	60	1
1305	0.75	0.75	1	60	4
1306	0.75	0.75	1	60	1
1307	0.75	0.75	1	60	2
1308	0.5	0.75	1	60	5
1309	0.75	0.75	1	60	3
1310	0.75	0.75	1	60	1
1311	0.5625	0.75	1	60	2
1312	0.75	0.75	1	60	5
1313	0.5	0.75	1	60	1
1314	0.75	0.75	1	60	4
1315	0.75	0.75	1	60	3
1316	0.75	0.75	1	60	1
1317	0.75	0.75	1	60	3
1318	0.75	0.75	1	60	2
1319	0.75	0.75	1	60	2
1320	0.75	0.75	1	60	2
1321	0.75	0.75	1	60	1
1322	0.75	0.75	1	60	1
1323	0.75	0.75	1	60	2
1324	0.75	0.75	1	60	2
1325	0.75	0.75	1	60	3
1326	0.75	0.75	1	60	2
1327	0.75	0.75	1	60	2
1328	0.625	0.75	1	60	3
1329	0.75	0.75	1	60	2
1330	0.75	0.75	1	60	1
1331	0.75	0.75	1	60	3
1332	0.75	0.75	1	60	3
1333	0.75	0.75	1	60	1
1334	0.75	0.75	1	60	2
1335	0.75	0.75	1	60	2
1336	0.75	0.75	1	60	1
1337	0.75	0.75	1	60	2
1338	0.75	0.75	1	60	3
1339	0.75	0.75	1	60	1
1340	0.75	0.75	1	60	1
1341	0.75	0.75	1	60	3
1342	0.75	0.75	1	60	2
1343	0.75	0.75	1	60	1
1344	0.75	0.75	1	60	1
1345	0.75	0.75	1	60	2
1346	0.75	0.75	1	60	1
1347	0.75	0.75	1	60	1
1348	0.75	0.75	1	60	2
1349	0.75	0.75	1	60	2
1350	0.75	0.75	1	60	5
1351	0.75	0.75	1	60	3
1352	0.75	0.75	1	60	3
1353	0.75	0.75	1	60	1
1354	0.75	0.75	1	60	4
1355	0.75	0.75	1	60	3
1356	0.75	0.75	1	60	1
1357	0.75	0.75	1	60	4
1358	0.75	0.75	1	60	2
1359	0.5	0.75	1	60	3
1360	0.75	0.75	1	60	1
1361	0.75	0.75	1	60	2
1362	0.75	0.75	1	60	2
1363	0.75	0.75	1	60	2
1364	0.75	0.75	1	60	3
1365	0.75	0.75	1	60	1
1366	0.75	0.75	1	60	4
1367	0.75	0.75	1	60	2
1368	0.75	0.75	1	60	4
1369	0.75	0.75	1	60	1
1370	0.75	0.75	1	60	1
1371	0.75	0.75	1	60	2
1372	0.75	0.75	1	60	1
1373	0.75	0.75	1	60	1
1374	0.75	0.75	1	60	3
1375	0.75	0.75	1	60	1
1376	0.75	0.75	1	60	3
1377	0.75	0.75	1	60	2
1378	0.75	0.75	1	60	2
1379	0.75	0.75	1	60	4
1380	0.75	0.75	1	60	2
1381	0.75	0.75	1	60	1
1382	0.75	0.75	1	60	1
1383	0.75	0.75	1	60	2
1384	0.75	0.75	1	60	1
1385	0.75	0.75	1	60	2
1386	0.75	0.75	1	60	1
1387	0.75	0.75	1	60	2
1388	0.75	0.75	1	60	3
1389	0.75	0.75	1	60	3
1390	0.75	0.75	1	60	2
1391	0.75	0.75	1	60	2
1392	0.75	0.75	1	60	1
1393	0.75	0.75	1	60	1
1394	0.625	0.75	1	60	2
1395	0.75	0.75	1	60	1
1396	0.75	0.75	1	60	3
1397	0.75	0.75	1	60	2
1398	0.75	0.75	1	60	4
1399	0.625	0.75	1	60	2
1400	0.75	0.75	1	60	4
1401	0.625	0.75	1	60	3
1402	0.75	0.75	1	60	4
1403	0.75	0.75	1	60	4
1404	0.75	0.75	1	60	3
1405	0.75	0.75	1	60	1
1406	0.75	0.75	1	60	2
1407	0.75	0.75	1	60	2
1408	0.5625	0.75	1	60	2
1409	0.75	0.75	1	60	1
1410	0.625	0.75	1	60	6
1411	0.75	0.75	1	60	2
1412	0.75	0.75	1	60	3
1413	0.625	0.75	1	60	2
1414	0.75	0.75	1	60	4
1415	0.75	0.75	1	60	1
1416	0.625	0.75	1	60	3
1417	0.75	0.75	1	60	4
1418	0.75	0.75	1	60	1
1419	0.75	0.75	1	60	2
1420	0.75	0.75	1	60	1
1421	0.75	0.75	1	60	2
1422	0.75	0.75	1	60	2
1423	0.75	0.75	1	60	2
1424	0.75	0.75	1	60	1
1425	0.75	0.75	1	60	3
1426	0.75	0.75	1	60	2
1427	0.75	0.75	1	60	2
1428	0.75	0.75	1	60	2
1429	0.6875	0.75	1	60	2
1430	0.75	0.75	1	60	2
1431	0.625	0.75	1	60	4
1432	0.75	0.75	1	60	2
1433	0.625	0.75	1	60	1
1434	0.75	0.75	1	60	1
1435	0.75	0.75	1	60	2
1436	0.75	0.75	1	60	1
1437	0.75	0.75	1	60	1
1438	0.75	0.75	1	60	2
1439	0.6875	0.75	1	60	2
1440	0.75	0.75	1	60	4
1441	0.75	0.75	1	60	1
1442	0.75	0.75	1	60	1
1443	0.625	0.75	1	60	2
1444	0.75	0.75	1	60	3
1445	0.625	0.75	1	60	2
1446	0.75	0.75	1	60	2
1447	0.75	0.75	1	60	1
1448	0.75	0.75	1	60	3
1449	0.6875	0.75	1	60	2
1450	0.75	0.75	1	60	2
1451	0.625	0.75	1	60	3
1452	0.75	0.75	1	60	1
1453	0.625	0.75	1	60	3
1454	0.75	0.75	1	60	3
1455	0.75	0.75	1	60	2
1456	0.75	0.75	1	60	3
1457	0.625	0.75	1	60	5
1458	0.6875	0.75	1	60	3
1459	0.75	0.75	1	60	3
1460	0.4375	0.75	1	60	4
1461	0.75	0.75	1	60	3
1462	0.6875	0.75	1	60	3
1463	0.75	0.75	1	60	1
1464	0.75	0.75	1	60	1
1465	0.75	0.75	1	60	1
1466	0.75	0.75	1	60	1
1467	0.75	0.75	1	60	2
1468	0.75	0.75	1	60	2
1469	0.75	0.75	1	60	4
1470	0.75	0.75	1	60	1
1471	0.625	0.75	1	60	2
1472	0.75	0.75	1	60	1
1473	0.75	0.75	1	60	1
1474	0.75	0.75	1	60	1
1475	0.75	0.75	1	60	1
1476	0.75	0.75	1	60	8
1477	0.75	0.75	1	60	3
1478	0.75	0.75	1	60	2
1479	0.75	0.75	1	60	2
1480	0.75	0.75	1	60	1
1481	0.75	0.75	1	60	3
1482	0.75	0.75	1	60	2
1483	0.75	0.75	1	60	4
1484	0.625	0.75	1	60	4
1485	0.75	0.75	1	60	2
1486	0.5	0.75	1	60	3
1487	0.75	0.75	1	60	3
1488	0.75	0.75	1	60	2
1489	0.75	0.75	1	60	2
1490	0.75	0.75	1	60	1
1491	0.5	0.75	1	60	3
1492	0.75	0.75	1	60	1
1493	0.75	0.75	1	60	3
1494	0.625	0.75	1	60	4
1495	0.75	0.75	1	60	1
1496	0.75	0.75	1	60	1
1497	0.75	0.75	1	60	2
1498	0.625	0.75	1	60	1
1499	0.75	0.75	1	60	3
1500	0.75	0.75	1	60	3
1501	0.75	0.75	1	60	2
1502	0.75	0.75	1	60	1
1503	0.5	0.75	1	60	2
1504	0.75	0.75	1	60	1
1505	0.75	0.75	1	60	2
1506	0.625	0.75	1	60	2
1507	0.6875	0.75	1	60	2
1508	0.75	0.75	1	60	3
1509	0.75	0.75	1	60	2
1510	0.5	0.75	1	60	2
1511	0.625	0.75	1	60	2
1512	0.75	0.75	1	60	2
1513	0.5625	0.75	1	60	5
1514	0.75	0.75	1	60	2
1515	0.75	0.75	1	60	3
1516	0.75	0.75	1	60	3
1517	0.75	0.75	1	60	1
1518	0.75	0.75	1	60	2
1519	0.75	0.75	1	60	1
1520	0.5	0.75	1	60	4
1521	0.75	0.75	1	60	2
1522	0.6875	0.75	1	60	3
1523	0.75	0.75	1	60	2
1524	0.75	0.75	1	60	3
1525	0.5	0.75	1	60	3
1526	0.75	0.75	1	60	1
1527	0.75	0.75	1	60	2
1528	0.6875	0.75	1	60	1
1529	0.75	0.75	1	60	3
1530	0.75	0.75	1	60	4
1531	0.625	0.75	1	60	3
1532	0.75	0.75	1	60	1
1533	0.75	0.75	1	60	2
1534	0.75	0.75	1	60	2
1535	0.75	0.75	1	60	3
1536	0.6875	0.75	1	60	4
1537	0.5	0.75	1	60	1
1538	0.75	0.75	1	60	1
1539	0.75	0.75	1	60	1
1540	0.75	0.75	1	60	1
1541	0.625	0.75	1	60	2
1542	0.625	0.75	1	60	5
1543	0.75	0.75	1	60	2
1544	0.75	0.75	1	60	1
1545	0.75	0.75	1	60	2
1546	0.75	0.75	1	60	1
1547	0.75	0.75	1	60	3
1548	0.75	0.75	1	60	3
1549	0.75	0.75	1	60	3
1550	0.75	0.75	1	60	3
1551	0.75	0.75	1	60	1
1552	0.6875	0.75	1	60	1
1553	0.75	0.75	1	60	2
1554	0.75	0.75	1	60	3
1555	0.75	0.75	1	60	2
1556	0.75	0.75	1	60	1
1557	0.75	0.75	1	60	5
1558	0.75	0.75	1	60	2
1559	0.625	0.75	1	60	3
1560	0.75	0.75	1	60	1
1561	0.625	0.75	1	60	2
1562	0.625	0.75	1	60	1
1563	0.5	0.75	1	60	3
1564	0.75	0.75	1	60	3
1565	0.6875	0.75	1	60	1
1566	0.75	0.75	1	60	2
1567	0.75	0.75	1	60	1
1568	0.75	0.75	1	60	3
1569	0.75	0.75	1	60	1
1570	0.75	0.75	1	60	2
1571	0.75	0.75	1	60	1
1572	0.6875	0.75	1	60	1
1573	0.75	0.75	1	60	1
1574	0.75	0.75	1	60	2
1575	0.75	0.75	1	60	3
1576	0.75	0.75	1	60	3
1577	0.75	0.75	1	60	3
1578	0.75	0.75	1	60	1
1579	0.75	0.75	1	60	1
1580	0.75	0.75	1	60	2
1581	0.75	0.75	1	60	1
1582	0.75	0.75	1	60	3
1583	0.75	0.75	1	60	1
1584	0.75	0.75	1	60	1
1585	0.75	0.75	1	60	3
1586	0.75	0.75	1	60	2
1587	0.75	0.75	1	60	2
1588	0.75	0.75	1	60	2
1589	0.625	0.75	1	60	2
1590	0.75	0.75	1	60	4
1591	0.75	0.75	1	60	1
1592	0.75	0.75	1	60	1
1593	0.75	0.75	1	60	2
1594	0.75	0.75	1	60	4
1595	0.75	0.75	1	60	1
1596	0.75	0.75	1	60	1
1597	0.6875	0.75	1	60	3
1598	0.75	0.75	1	60	2
1599	0.75	0.75	1	60	2
1600	0.75	0.75	1	60	3
1601	0.75	0.75	1	60	3
1602	0.75	0.75	1	60	3
1603	0.75	0.75	1	60	4
1604	0.75	0.75	1	60	1
1605	0.75	0.75	1	60	3
1606	0.75	0.75	1	60	3
1607	0.75	0.75	1	60	1
1608	0.75	0.75	1	60	2
1609	0.75	0.75	1	60	1
1610	0.75	0.75	1	60	3
1611	0.75	0.75	1	60	2
1612	0.75	0.75	1	60	3
1613	0.75	0.75	1	60	2
1614	0.75	0.75	1	60	1
1615	0.75	0.75	1	60	2
1616	0.75	0.75	1	60	1
1617	0.625	0.75	1	60	2
1618	0.75	0.75	1	60	2
1619	0.75	0.75	1	60	3
1620	0.75	0.75	1	60	2
1621	0.75	0.75	1	60	2
1622	0.75	0.75	1	60	1
1623	0.75	0.75	1	60	4
1624	0.75	0.75	1	60	1
1625	0.75	0.75	1	60	1
1626	0.75	0.75	1	60	1
1627	0.625	0.75	1	60	1
1628	0.75	0.75	1	60	2
1629	0.75	0.75	1	60	1
1630	0.75	0.75	1	60	1
1631	0.75	0.75	1	60	2
1632	0.75	0.75	1	60	4
1633	0.75	0.75	1	60	4
1634	0.75	0.75	1	60	1
1635	0.75	0.75	1	60	1
1636	0.75	0.75	1	60	1
1637	0.75	0.75	1	60	2
1638	0.5	0.75	1	60	3
1639	0.75	0.75	1	60	4
1640	0.75	0.75	1	60	1
1641	0.75	0.75	1	60	3
1642	0.75	0.75	1	60	4
1643	0.75	0.75	1	60	3
1644	0.75	0.75	1	60	1
1645	0.75	0.75	1	60	2
1646	0.75	0.75	1	60	1
1647	0.75	0.75	1	60	4
1648	0.75	0.75	1	60	3
1649	0.75	0.75	1	60	4
1650	0.75	0.75	1	60	3
1651	0.75	0.75	1	60	1
1652	0.75	0.75	1	60	3
1653	0.75	0.75	1	60	2
1654	0.75	0.75	1	60	3
1655	0.625	0.75	1	60	4
1656	0.75	0.75	1	60	2
1657	0.75	0.75	1	60	3
1658	0.75	0.75	1	60	2
1659	0.75	0.75	1	60	4
1660	0.625	0.75	1	60	1
1661	0.75	0.75	1	60	1
1662	0.5	0.75	1	60	4
1663	0.625	0.75	1	60	2
1664	0.75	0.75	1	60	1
1665	0.75	0.75	1	60	1
1666	0.75	0.75	1	60	1
1667	0.8125	0.8125	1	60	4
1668	0.8125	0.8125	1	60	2
1669	0.75	0.8125	1	60	4
1670	0.75	0.8125	1	60	2
1671	0.8125	0.8125	1	60	1
1672	0.8125	0.8125	1	60	4
1673	0.875	0.875	1	60	1
1674	0.875	0.875	1	60	2
1675	0.875	0.875	1	60	2
1676	0.875	0.875	1	60	1
1677	0.875	0.875	1	60	1
1678	0.875	0.875	1	60	4
1679	0.5	0.875	1	60	3
1680	0.875	0.875	1	60	2
1681	0.875	0.875	1	60	2
1682	0.875	0.875	1	60	1
1683	0.8125	0.875	1	60	2
1684	0.875	0.875	1	60	1
1685	0.875	0.875	1	60	2
1686	0.625	0.875	1	60	1
1687	0.75	0.875	1	60	2
1688	0.875	0.875	1	60	2
1689	0.6875	0.875	1	60	3
1690	0.875	0.875	1	60	1
1691	0.8125	0.875	1	60	4
1692	0.6875	0.875	1	60	2
1693	0.625	0.875	1	60	2
1694	0.75	0.875	1	60	3
1695	0.875	0.875	1	60	2
1696	0.875	0.875	1	60	1
1697	0.875	0.875	1	60	3
1698	0.875	0.875	1	60	1
1699	0.875	0.875	1	60	1
1700	0.875	0.875	1	60	1
1701	0.875	0.875	1	60	1
1702	0.875	0.875	1	60	4
1703	0.875	0.875	1	60	2
1704	0.875	0.875	1	60	1
1705	0.875	0.875	1	60	1
1706	0.875	0.875	1	60	3
1707	0.875	0.875	1	60	3
1708	0.875	0.875	1	60	1
1709	0.875	0.875	1	60	1
1710	0.8125	0.875	1	60	5
1711	0.875	0.875	1	60	3
1712	0.625	0.875	1	60	1
1713	0.875	0.875	1	60	2
1714	0.875	0.875	1	60	2
1715	0.875	0.875	1	60	2
1716	0.875	0.875	1	60	3
1717	0.875	0.875	1	60	1
1718	0.875	0.875	1	60	1
1719	0.875	0.875	1	60	1
1720	0.875	0.875	1	60	4
1721	0.875	0.875	1	60	2
1722	0.625	0.875	1	60	5
1723	0.875	0.875	1	60	1
1724	0.875	0.875	1	60	2
1725	0.875	0.875	1	60	3
1726	0.875	0.875	1	60	1
1727	0.875	0.875	1	60	2
1728	0.625	0.875	1	60	4
1729	0.625	0.875	1	60	2
1730	0.875	0.875	1	60	2
1731	0.625	0.875	1	60	4
1732	0.875	0.875	1	60	1
1733	0.875	0.875	1	60	1
1734	0.75	0.875	1	60	3
1735	0.875	0.875	1	60	1
1736	0.625	0.875	1	60	6
1737	0.875	0.875	1	60	2
1738	0.875	0.875	1	60	5
1739	0.875	0.875	1	60	1
1740	0.875	0.875	1	60	3
1741	0.875	0.875	1	60	2
1742	0.875	0.875	1	60	2
1743	0.875	0.875	1	60	2
1744	0.875	0.875	1	60	1
1745	0.875	0.875	1	60	2
1746	0.875	0.875	1	60	1
1747	0.875	0.875	1	60	1
1748	0.875	0.875	1	60	1
1749	0.625	0.875	1	60	5
1750	0.875	0.875	1	60	3
1751	0.75	0.875	1	60	4
1752	0.875	0.875	1	60	3
1753	0.875	0.875	1	60	3
1754	0.875	0.875	1	60	1
1755	0.875	0.875	1	60	3
1756	0.875	0.875	1	60	3
1757	0.875	0.875	1	60	2
1758	0.75	0.875	1	60	4
1759	0.875	0.875	1	60	1
1760	0.875	0.875	1	60	3
1761	0.625	0.875	1	60	2
1762	0.875	0.875	1	60	1
1763	0.875	0.875	1	60	1
1764	0.625	0.875	1	60	1
1765	0.875	0.875	1	60	1
1766	0.875	0.875	1	60	2
1767	0.875	0.875	1	60	1
1768	0.875	0.875	1	60	4
1769	0.875	0.875	1	60	3
1770	0.3125	0.875	1	60	2
1771	0.875	0.875	1	60	2
1772	0.875	0.875	1	60	1
1773	0.75	0.875	1	60	4
1774	0.875	0.875	1	60	1
1775	0.875	0.875	1	60	3
1776	0.875	0.875	1	60	1
1777	0.625	0.875	1	60	4
1778	0.875	0.875	1	60	2
1779	0.875	0.875	1	60	3
1780	0.875	0.875	1	60	3
1781	0.875	0.875	1	60	3
1782	0.875	0.875	1	60	4
1783	0.75	0.875	1	60	1
1784	0.5625	0.875	1	60	4
1785	0.625	0.875	1	60	1
1786	0.875	0.875	1	60	1
1787	0.875	0.875	1	60	3
1788	0.875	0.875	1	60	1
1789	0.875	0.875	1	60	2
1790	0.875	0.875	1	60	5
1791	0.75	0.875	1	60	1
1792	0.875	0.875	1	60	1
1793	0.875	0.875	1	60	1
1794	0.875	0.875	1	60	4
1795	0.875	0.875	1	60	3
1796	0.625	0.875	1	60	4
1797	0.75	0.875	1	60	5
1798	0.75	0.875	1	60	1
1799	0.75	0.875	1	60	3
1800	0.875	0.875	1	60	2
1801	0.75	0.875	1	60	2
1802	0.875	0.875	1	60	1
1803	0.875	0.875	1	60	1
1804	0.625	0.875	1	60	3
1805	0.875	0.875	1	60	1
1806	0.875	0.875	1	60	1
1807	0.875	0.875	1	60	1
1808	0.875	0.875	1	60	2
1809	0.875	0.875	1	60	1
1810	0.875	0.875	1	60	2
1811	0.875	0.875	1	60	2
1812	0.875	0.875	1	60	2
1813	0.875	0.875	1	60	3
1814	0.875	0.875	1	60	2
1815	0.875	0.875	1	60	3
1816	0.875	0.875	1	60	1
1817	0.875	0.875	1	60	1
1818	0.875	0.875	1	60	2
1819	0.875	0.875	1	60	1
1820	0.625	0.875	1	60	1
1821	0.875	0.875	1	60	1
1822	0.875	0.875	1	60	6
1823	0.875	0.875	1	60	2
1824	0.875	0.875	1	60	4
1825	0.75	0.875	1	60	1
1826	0.625	0.875	1	60	3
1827	0.875	0.875	1	60	2
1828	0.875	0.875	1	60	1
1829	0.875	0.875	1	60	2
1830	0.75	0.875	1	60	5
1831	0.875	0.875	1	60	2
1832	0.875	0.875	1	60	3
1833	0.5	0.875	1	60	4
1834	0.875	0.875	1	60	2
1835	0.875	0.875	1	60	1
1836	0.875	0.875	1	60	2
1837	0.875	0.875	1	60	4
1838	0.875	0.875	1	60	2
1839	0.875	0.875	1	60	3
1840	0.5	0.875	1	60	5
1841	0.875	0.875	1	60	1
1842	0.875	0.875	1	60	1
1843	0.875	0.875	1	60	1
1844	0.625	0.875	1	60	3
1845	0.625	0.875	1	60	8
1846	0.875	0.875	1	60	2
1847	0.875	0.875	1	60	2
1848	0.5	0.875	1	60	3
1849	0.875	0.875	1	60	2
1850	0.875	0.875	1	60	1
1851	0.6875	0.875	1	60	2
1852	0.875	0.875	1	60	1
1853	0.625	0.875	1	60	2
1854	0.875	0.875	1	60	2
1855	0.875	0.875	1	60	1
1856	0.875	0.875	1	60	1
1857	0.875	0.875	1	60	2
1858	0.75	0.875	1	60	3
1859	0.875	0.875	1	60	2
1860	0.875	0.875	1	60	3
1861	0.875	0.875	1	60	2
1862	0.625	0.875	1	60	3
1863	0.875	0.875	1	60	3
1864	0.875	0.875	1	60	2
1865	0.875	0.875	1	60	4
1866	0.875	0.875	1	60	3
1867	0.875	0.875	1	60	1
1868	0.875	0.875	1	60	3
1869	0.875	0.875	1	60	1
1870	0.875	0.875	1	60	1
1871	0.875	0.875	1	60	4
1872	0.75	0.875	1	60	1
1873	0.875	0.875	1	60	1
1874	0.875	0.875	1	60	1
1875	0.875	0.875	1	60	6
1876	0.875	0.875	1	60	1
1877	0.75	0.875	1	60	2
1878	0.875	0.875	1	60	2
1879	0.875	0.875	1	60	3
1880	0.875	0.875	1	60	1
1881	0.75	0.875	1	60	1
1882	0.5	0.875	1	60	2
1883	0.875	0.875	1	60	2
1884	0.875	0.875	1	60	4
1885	0.875	0.875	1	60	1
1886	0.875	0.875	1	60	1
1887	0.875	0.875	1	60	2
1888	0.75	0.875	1	60	2
1889	0.875	0.875	1	60	2
1890	0.875	0.875	1	60	1
1891	0.875	0.875	1	60	2
1892	0.875	0.875	1	60	1
1893	0.5	0.875	1	60	1
1894	0.875	0.875	1	60	2
1895	0.875	0.875	1	60	1
1896	0.75	0.875	1	60	4
1897	0.875	0.875	1	60	3
1898	0.75	0.875	1	60	5
1899	0.875	0.875	1	60	2
1900	0.875	0.875	1	60	1
1901	0.875	0.875	1	60	5
1902	0.625	0.875	1	60	4
1903	0.875	0.875	1	60	1
1904	0.875	0.875	1	60	1
1905	0.875	0.875	1	60	2
1906	0.875	0.875	1	60	1
1907	0.875	0.875	1	60	3
1908	0.875	0.875	1	60	1
1909	0.875	0.875	1	60	2
1910	0.875	0.875	1	60	1
1911	0.875	0.875	1	60	3
1912	0.625	0.875	1	60	2
1913	0.875	0.875	1	60	3
1914	0.875	0.875	1	60	2
1915	0.5	0.875	1	60	3
1916	0.375	0.875	1	60	5
1917	0.875	0.875	1	60	1
1918	0.875	0.875	1	60	2
1919	0.875	0.875	1	60	1
1920	0.375	0.875	1	60	6
1921	0.625	0.875	1	60	2
1922	0.875	0.875	1	60	1
1923	0.375	0.875	1	60	2
1924	0.875	0.875	1	60	2
1925	0.875	0.875	1	60	1
1926	0.875	0.875	1	60	3
1927	0.875	0.875	1	60	1
1928	0.875	0.875	1	60	3
1929	0.875	0.875	1	60	3
1930	0.875	0.875	1	60	1
1931	0.5	0.875	1	60	2
1932	0.75	0.875	1	60	3
1933	0.875	0.875	1	60	1
1934	0.875	0.875	1	60	1
1935	0.875	0.875	1	60	2
1936	0.75	0.875	1	60	2
1937	0.625	0.875	1	60	1
1938	0.875	0.875	1	60	1
1939	0.875	0.875	1	60	2
1940	0.875	0.875	1	60	1
1941	0.875	0.875	1	60	2
1942	0.875	0.875	1	60	3
1943	0.875	0.875	1	60	1
1944	0.625	0.875	1	60	2
1945	0.875	0.875	1	60	2
1946	0.875	0.875	1	60	3
1947	0.75	0.875	1	60	3
1948	0.75	0.875	1	60	2
1949	0.875	0.875	1	60	3
1950	0.875	0.875	1	60	1
1951	0.875	0.875	1	60	7
1952	0.875	0.875	1	60	2
1953	0.875	0.875	1	60	2
1954	0.875	0.875	1	60	2
1955	0.75	0.875	1	60	1
1956	0.875	0.875	1	60	2
1957	0.5	0.875	1	60	4
1958	0.875	0.875	1	60	2
1959	0.875	0.875	1	60	3
1960	0.5	0.875	1	60	4
1961	0.375	0.875	1	60	2
1962	0.875	0.875	1	60	2
1963	0.625	0.875	1	60	1
1964	0.625	0.875	1	60	2
1965	0.75	0.875	1	60	2
1966	0.6875	0.875	1	60	1
1967	0.875	0.875	1	60	2
1968	0.875	0.875	1	60	1
1969	0.625	0.875	1	60	3
1970	0.875	0.875	1	60	4
1971	0.875	0.875	1	60	5
1972	0.875	0.875	1	60	2
1973	0.75	0.875	1	60	2
1974	0.875	0.875	1	60	2
1975	0.875	0.875	1	60	2
1976	0.875	0.875	1	60	1
1977	0.875	0.875	1	60	2
1978	0.875	0.875	1	60	1
1979	0.875	0.875	1	60	2
1980	0.875	0.875	1	60	1
1981	0.875	0.875	1	60	1
1982	0.6875	0.875	1	60	3
1983	0.875	0.875	1	60	1
1984	0.875	0.875	1	60	4
1985	0.875	0.875	1	60	2
1986	0.875	0.875	1	60	1
1987	0.875	0.875	1	60	2
1988	0.875	0.875	1	60	2
1989	0.6875	0.875	1	60	2
1990	0.75	0.875	1	60	2
1991	0.875	0.875	1	60	2
1992	0.875	0.875	1	60	1
1993	0.375	0.875	1	60	3
1994	0.75	0.875	1	60	2
1995	0.75	0.875	1	60	4
1996	0.875	0.875	1	60	1
1997	0.875	0.875	1	60	1
1998	0.875	0.875	1	60	1
1999	0.875	0.875	1	60	4
2000	0.875	0.875	1	60	1
2001	0.875	0.875	1	60	1
2002	0.875	0.875	1	60	3
2003	0.875	0.875	1	60	4
2004	0.875	0.875	1	60	1
2005	0.25	0.875	1	60	1
2006	0.75	0.875	1	60	2
2007	0.625	0.875	1	60	3
2008	0.75	0.875	1	60	3
2009	0.875	0.875	1	60	2
2010	0.875	0.875	1	60	2
2011	0.875	0.875	1	60	1
2012	0.875	0.875	1	60	4
2013	0.875	0.875	1	60	2
2014	0.5	0.875	1	60	2
2015	0.875	0.875	1	60	1
2016	0.75	0.875	1	60	2
2017	0.875	0.875	1	60	2
2018	0.875	0.875	1	60	2
2019	0.875	0.875	1	60	1
2020	0.875	0.875	1	60	1
2021	0.875	0.875	1	60	2
2022	0.875	0.875	1	60	1
2023	0.875	0.875	1	60	2
2024	0.875	0.875	1	60	2
2025	0.875	0.875	1	60	1
2026	0.875	0.875	1	60	3
2027	0.6875	0.875	1	60	2
2028	0.75	0.875	1	60	3
2029	0.875	0.875	1	60	2
2030	0.875	0.875	1	60	3
2031	0.875	0.875	1	60	2
2032	0.25	0.875	1	60	2
2033	0.875	0.875	1	60	1
2034	0.875	0.875	1	60	2
2035	0.875	0.875	1	60	2
2036	0.8125	0.875	1	60	3
2037	0.5625	0.875	1	60	4
2038	0.875	0.875	1	60	2
2039	0.875	0.875	1	60	3
2040	0.8125	0.875	1	60	1
2041	0.625	0.875	1	60	6
2042	0.875	0.875	1	60	3
2043	0.875	0.875	1	60	1
2044	0.625	0.875	1	60	2
2045	0.875	0.875	1	60	1
2046	0.875	0.875	1	60	3
2047	0.875	0.875	1	60	1
2048	0.875	0.875	1	60	1
2049	0.875	0.875	1	60	2
2050	0.625	0.875	1	60	2
2051	0.75	0.875	1	60	1
2052	0.6875	0.875	1	60	4
2053	0.875	0.875	1	60	1
2054	0.875	0.875	1	60	2
2055	0.625	0.875	1	60	3
2056	0.875	0.875	1	60	5
2057	0.75	0.875	1	60	1
2058	0.875	0.875	1	60	3
2059	0.5	0.875	1	60	5
2060	0.875	0.875	1	60	1
2061	0.875	0.875	1	60	1
2062	0.875	0.875	1	60	1
2063	0.875	0.875	1	60	1
2064	0.875	0.875	1	60	2
2065	0.875	0.875	1	60	1
2066	0.875	0.875	1	60	1
2067	0.625	0.875	1	60	1
2068	0.875	0.875	1	60	1
2069	0.6875	0.875	1	60	3
2070	0.875	0.875	1	60	5
2071	0.875	0.875	1	60	3
2072	0.875	0.875	1	60	2
2073	0.875	0.875	1	60	1
2074	0.875	0.875	1	60	2
2075	0.875	0.875	1	60	2
2076	0.875	0.875	1	60	1
2077	0.5625	0.875	1	60	5
2078	0.875	0.875	1	60	1
2079	0.875	0.875	1	60	1
2080	0.875	0.875	1	60	2
2081	0.875	0.875	1	60	2
2082	0.875	0.875	1	60	2
2083	0.875	0.875	1	60	2
2084	0.875	0.875	1	60	1
2085	0.875	0.875	1	60	2
2086	0.625	0.875	1	60	1
2087	0.875	0.875	1	60	1
2088	0.875	0.875	1	60	2
2089	0.875	0.875	1	60	2
2090	0.625	0.875	1	60	2
2091	0.75	0.875	1	60	2
2092	0.8125	0.875	1	60	2
2093	0.875	0.875	1	60	1
2094	0.875	0.875	1	60	1
2095	0.75	0.875	1	60	1
2096	0.875	0.875	1	60	2
2097	0.875	0.875	1	60	1
2098	0.875	0.875	1	60	2
2099	0.5	0.875	1	60	2
2100	0.875	0.875	1	60	4
2101	0.625	0.875	1	60	2
2102	0.875	0.875	1	60	1
2103	0.875	0.875	1	60	2
2104	0.875	0.875	1	60	2
2105	0.875	0.875	1	60	1
2106	0.875	0.875	1	60	5
2107	0.875	0.875	1	60	1
2108	0.875	0.875	1	60	2
2109	0.8125	0.875	1	60	2
2110	0.5	0.875	1	60	3
2111	0.875	0.875	1	60	3
2112	0.875	0.875	1	60	2
2113	0.75	0.875	1	60	2
2114	0.5	0.875	1	60	2
2115	0.875	0.875	1	60	1
2116	0.5	0.875	1	60	6
2117	0.875	0.875	1	60	2
2118	0.75	0.875	1	60	2
2119	0.75	0.875	1	60	3
2120	0.875	0.875	1	60	1
2121	0.875	0.875	1	60	2
2122	0.875	0.875	1	60	1
2123	0.875	0.875	1	60	2
2124	0.5	0.875	1	60	3
2125	0.875	0.875	1	60	6
2126	0.875	0.875	1	60	2
2127	0.875	0.875	1	60	1
2128	0.875	0.875	1	60	2
2129	0.875	0.875	1	60	1
2130	0.875	0.875	1	60	2
2131	0.875	0.875	1	60	1
2132	0.875	0.875	1	60	2
2133	0.875	0.875	1	60	2
2134	0.8125	0.875	1	60	1
2135	0.875	0.875	1	60	4
2136	0.875	0.875	1	60	1
2137	0.625	0.875	1	60	4
2138	0.625	0.875	1	60	2
2139	0.875	0.875	1	60	1
2140	0.75	0.875	1	60	1
2141	0.75	0.875	1	60	4
2142	0.875	0.875	1	60	3
2143	0.875	0.875	1	60	4
2144	0.875	0.875	1	60	3
2145	0.875	0.875	1	60	1
2146	0.875	0.875	1	60	4
2147	0.875	0.875	1	60	5
2148	0.5	0.875	1	60	2
2149	0.875	0.875	1	60	2
2150	0.875	0.875	1	60	2
2151	0.875	0.875	1	60	2
2152	0.875	0.875	1	60	2
2153	0.6875	0.875	1	60	2
2154	0.5	0.875	1	60	3
2155	0.875	0.875	1	60	2
2156	0.875	0.875	1	60	2
2157	0.875	0.875	1	60	1
2158	0.875	0.875	1	60	1
2159	0.875	0.875	1	60	3
2160	0.875	0.875	1	60	2
2161	0.75	0.875	1	60	4
2162	0.875	0.875	1	60	2
2163	0.6875	0.875	1	60	2
2164	0.875	0.875	1	60	3
2165	0.875	0.875	1	60	2
2166	0.875	0.875	1	60	1
2167	0.875	0.875	1	60	2
2168	0.875	0.875	1	60	4
2169	0.875	0.875	1	60	3
2170	0.625	0.875	1	60	4
2171	0.875	0.875	1	60	4
2172	0.875	0.875	1	60	3
2173	0.875	0.875	1	60	1
2174	0.875	0.875	1	60	1
2175	0.875	0.875	1	60	2
2176	0.875	0.875	1	60	4
2177	0.5625	0.875	1	60	2
2178	0.875	0.875	1	60	4
2179	0.875	0.875	1	60	3
2180	0.875	0.875	1	60	1
2181	0.875	0.875	1	60	3
2182	0.875	0.875	1	60	1
2183	0.875	0.875	1	60	1
2184	0.875	0.875	1	60	1
2185	0.625	0.875	1	60	1
2186	0.75	0.875	1	60	1
2187	0.8125	0.875	1	60	7
2188	0.875	0.875	1	60	1
2189	0.875	0.875	1	60	4
2190	0.5	0.875	1	60	2
2191	0.625	0.875	1	60	5
2192	0.875	0.875	1	60	3
2193	0.5	0.875	1	60	3
2194	0.875	0.875	1	60	2
2195	0.625	0.875	1	60	3
2196	0.875	0.875	1	60	2
2197	0.875	0.875	1	60	3
2198	0.6875	0.875	1	60	2
2199	0.875	0.875	1	60	2
2200	0.875	0.875	1	60	1
2201	0.875	0.875	1	60	2
2202	0.875	0.875	1	60	1
2203	0.5	0.875	1	60	1
2204	0.875	0.875	1	60	2
2205	0.875	0.875	1	60	2
2206	0.875	0.875	1	60	2
2207	0.875	0.875	1	60	4
2208	0.875	0.875	1	60	2
2209	0.875	0.875	1	60	1
2210	0.875	0.875	1	60	2
2211	0.875	0.875	1	60	1
2212	0.875	0.875	1	60	3
2213	0.875	0.875	1	60	7
2214	0.875	0.875	1	60	2
2215	0.875	0.875	1	60	2
2216	0.75	0.875	1	60	2
2217	0.75	0.875	1	60	2
2218	0.875	0.875	1	60	2
2219	0.875	0.875	1	60	1
2220	0.875	0.875	1	60	3
2221	0.875	0.875	1	60	3
2222	0.875	0.875	1	60	1
2223	0.875	0.875	1	60	1
2224	0.75	0.875	1	60	2
2225	0.875	0.875	1	60	1
2226	0.875	0.875	1	60	2
2227	0.875	0.875	1	60	2
2228	0.75	0.875	1	60	4
2229	0.625	0.875	1	60	3
2230	0.625	0.875	1	60	1
2231	0.875	0.875	1	60	2
2232	0.875	0.875	1	60	2
2233	0.875	0.875	1	60	2
2234	0.875	0.875	1	60	1
2235	0.75	0.875	1	60	2
2236	0.875	0.875	1	60	1
2237	0.875	0.875	1	60	1
2238	0.875	0.875	1	60	1
2239	0.5625	0.875	1	60	2
2240	0.625	0.875	1	60	3
2241	0.875	0.875	1	60	5
2242	0.875	0.875	1	60	1
2243	0.875	0.875	1	60	1
2244	0.875	0.875	1	60	1
2245	0.875	0.875	1	60	1
2246	0.875	0.875	1	60	1
2247	0.875	0.875	1	60	3
2248	0.875	0.875	1	60	3
2249	0.875	0.875	1	60	3
2250	0.875	0.875	1	60	1
2251	0.875	0.875	1	60	3
2252	0.6875	0.875	1	60	2
2253	0.875	0.875	1	60	1
2254	0.875	0.875	1	60	5
2255	0.75	0.875	1	60	4
2256	0.75	0.875	1	60	3
2257	0.75	0.875	1	60	1
2258	0.875	0.875	1	60	1
2259	0.875	0.875	1	60	4
2260	0.875	0.875	1	60	3
2261	0.5	0.875	1	60	2
2262	0.6875	0.875	1	60	2
2263	0.875	0.875	1	60	1
2264	0.875	0.875	1	60	1
2265	0.875	0.875	1	60	1
2266	0.875	0.875	1	60	1
2267	0.375	0.875	1	60	3
2268	0.875	0.875	1	60	1
2269	0.5	0.875	1	60	3
2270	0.875	0.875	1	60	1
2271	0.875	0.875	1	60	3
2272	0.875	0.875	1	60	2
2273	0.875	0.875	1	60	1
2274	0.875	0.875	1	60	1
2275	0.875	0.875	1	60	1
2276	0.875	0.875	1	60	2
2277	0.875	0.875	1	60	3
2278	0.875	0.875	1	60	1
2279	0.875	0.875	1	60	2
2280	0.5	0.875	1	60	4
2281	0.875	0.875	1	60	1
2282	0.875	0.875	1	60	2
2283	0.875	0.875	1	60	2
2284	0.875	0.875	1	60	1
2285	0.875	0.875	1	60	2
2286	0.875	0.875	1	60	2
2287	0.875	0.875	1	60	2
2288	0.875	0.875	1	60	1
2289	0.75	0.875	1	60	3
2290	0.75	0.875	1	60	5
2291	0.875	0.875	1	60	2
2292	0.5	0.875	1	60	1
2293	0.875	0.875	1	60	2
2294	0.875	0.875	1	60	4
2295	0.75	0.875	1	60	4
2296	0.875	0.875	1	60	3
2297	0.875	0.875	1	60	1
2298	0.875	0.875	1	60	3
2299	0.5	0.875	1	60	3
2300	0.875	0.875	1	60	1
2301	0.75	0.875	1	60	3
2302	0.875	0.875	1	60	1
2303	0.875	0.875	1	60	2
2304	0.875	0.875	1	60	1
2305	0.875	0.875	1	60	1
2306	0.875	0.875	1	60	2
2307	0.625	0.875	1	60	4
2308	0.875	0.875	1	60	2
2309	0.625	0.875	1	60	2
2310	0.875	0.875	1	60	4
2311	0.875	0.875	1	60	2
2312	0.875	0.875	1	60	1
2313	0.75	0.875	1	60	3
2314	0.75	0.875	1	60	3
2315	0.875	0.875	1	60	1
2316	0.875	0.875	1	60	2
2317	0.6875	0.875	1	60	1
2318	0.875	0.875	1	60	4
2319	0.5	0.875	1	60	3
2320	0.875	0.875	1	60	1
2321	0.875	0.875	1	60	4
2322	0.875	0.875	1	60	1
2323	0.75	0.875	1	60	3
2324	0.875	0.875	1	60	1
2325	0.5	0.875	1	60	2
2326	0.875	0.875	1	60	3
2327	0.875	0.875	1	60	4
2328	0.875	0.875	1	60	1
2329	0.75	0.875	1	60	3
2330	0.875	0.875	1	60	2
2331	0.75	0.875	1	60	1
2332	0.625	0.875	1	60	2
2333	0.5	0.875	1	60	2
2334	0.875	0.875	1	60	4
2335	0.6875	0.875	1	60	2
2336	0.6875	0.875	1	60	4
2337	0.875	0.875	1	60	6
2338	0.875	0.875	1	60	2
2339	0.625	0.875	1	60	1
2340	0.5	0.875	1	60	5
2341	0.875	0.875	1	60	4
2342	0.875	0.875	1	60	3
2343	0.875	0.875	1	60	1
2344	0.75	0.875	1	60	2
2345	0.875	0.875	1	60	1
2346	0.875	0.875	1	60	1
2347	0.875	0.875	1	60	3
2348	0.75	0.875	1	60	2
2349	0.875	0.875	1	60	1
2350	0.75	0.875	1	60	1
2351	0.875	0.875	1	60	3
2352	0.875	0.875	1	60	3
2353	0.5	0.875	1	60	2
2354	0.875	0.875	1	60	3
2355	0.875	0.875	1	60	1
2356	0.875	0.875	1	60	3
2357	0.875	0.875	1	60	2
2358	0.875	0.875	1	60	1
2359	0.875	0.875	1	60	1
2360	0.875	0.875	1	60	3
2361	0.25	0.875	1	60	2
2362	0.875	0.875	1	60	1
2363	0.5	0.875	1	60	1
2364	0.875	0.875	1	60	1
2365	0.75	0.875	1	60	1
2366	0.625	0.875	1	60	1
2367	0.875	0.875	1	60	1
2368	0.875	0.875	1	60	1
2369	0.875	0.875	1	60	2
2370	0.75	0.875	1	60	1
2371	0.625	0.875	1	60	1
2372	0.875	0.875	1	60	1
2373	0.875	0.875	1	60	1
2374	0.875	0.875	1	60	1
2375	0.875	0.875	1	60	1
2376	0.875	0.875	1	60	2
2377	0.875	0.875	1	60	2
2378	0.5625	0.875	1	60	4
2379	0.625	0.875	1	60	1
2380	0.875	0.875	1	60	4
2381	0.875	0.875	1	60	4
2382	0.875	0.875	1	60	3
2383	0.6875	0.875	1	60	1
2384	0.875	0.875	1	60	1
2385	0.875	0.875	1	60	1
2386	0.875	0.875	1	60	3
2387	0.5	0.875	1	60	2
2388	0.875	0.875	1	60	1
2389	0.5	0.875	1	60	1
2390	0.625	0.875	1	60	5
2391	0.5	0.875	1	60	3
2392	0.6875	0.875	1	60	4
2393	0.875	0.875	1	60	3
2394	0.875	0.875	1	60	1
2395	0.875	0.875	1	60	1
2396	0.875	0.875	1	60	1
2397	0.75	0.875	1	60	3
2398	0.875	0.875	1	60	2
2399	0.875	0.875	1	60	1
2400	0.875	0.875	1	60	1
2401	0.875	0.875	1	60	5
2402	0.875	0.875	1	60	2
2403	0.875	0.875	1	60	1
2404	0.5	0.875	1	60	7
2405	0.875	0.875	1	60	3
2406	0.875	0.875	1	60	2
2407	0.875	0.875	1	60	2
2408	0.875	0.875	1	60	1
2409	0.6875	0.875	1	60	1
2410	0.75	0.875	1	60	4
2411	0.875	0.875	1	60	3
2412	0.75	0.875	1	60	3
2413	0.625	0.875	1	60	2
2414	0.875	0.875	1	60	3
2415	0.625	0.875	1	60	1
2416	0.625	0.875	1	60	2
2417	0.875	0.875	1	60	4
2418	0.875	0.875	1	60	1
2419	0.875	0.875	1	60	1
2420	0.875	0.875	1	60	1
2421	0.875	0.875	1	60	3
2422	0.875	0.875	1	60	1
2423	0.75	0.875	1	60	2
2424	0.875	0.875	1	60	2
2425	0.875	0.875	1	60	2
2426	0.875	0.875	1	60	3
2427	0.625	0.875	1	60	5
2428	0.875	0.875	1	60	1
2429	0.875	0.875	1	60	1
2430	0.875	0.875	1	60	3
2431	0.5	0.875	1	60	1
2432	0.875	0.875	1	60	4
2433	0.875	0.875	1	60	1
2434	0.875	0.875	1	60	3
2435	0.875	0.875	1	60	1
2436	0.875	0.875	1	60	2
2437	0.5	0.875	1	60	3
2438	0.875	0.875	1	60	2
2439	0.875	0.875	1	60	3
2440	0.625	0.875	1	60	4
2441	0.875	0.875	1	60	3
2442	0.875	0.875	1	60	4
2443	0.875	0.875	1	60	2
2444	0.875	0.875	1	60	1
2445	0.875	0.875	1	60	1
2446	0.875	0.875	1	60	4
2447	0.875	0.875	1	60	4
2448	0.875	0.875	1	60	2
2449	0.875	0.875	1	60	1
2450	0.875	0.875	1	60	2
2451	0.875	0.875	1	60	3
2452	0.875	0.875	1	60	2
2453	0.75	0.875	1	60	2
2454	0.875	0.875	1	60	3
2455	0.875	0.875	1	60	1
2456	0.875	0.875	1	60	2
2457	0.875	0.875	1	60	1
2458	0.875	0.875	1	60	2
2459	0.75	0.875	1	60	3
2460	0.875	0.875	1	60	3
2461	0.875	0.875	1	60	1
2462	0.875	0.875	1	60	3
2463	0.875	0.875	1	60	1
2464	0.875	0.875	1	60	3
2465	0.875	0.875	1	60	1
2466	0.875	0.875	1	60	3
2467	0.75	0.875	1	60	2
2468	0.75	0.875	1	60	5
2469	0.875	0.875	1	60	4
2470	0.5	0.875	1	60	3
2471	0.875	0.875	1	60	2
2472	0.875	0.875	1	60	1
2473	0.875	0.875	1	60	1
2474	0.875	0.875	1	60	1
2475	0.75	0.875	1	60	1
2476	0.875	0.875	1	60	3
2477	0.75	0.875	1	60	2
2478	0.875	0.875	1	60	1
2479	0.875	0.875	1	60	3
2480	0.75	0.875	1	60	3
2481	0.875	0.875	1	60	3
2482	0.875	0.875	1	60	1
2483	0.875	0.875	1	60	3
2484	0.875	0.875	1	60	2
2485	0.875	0.875	1	60	2
2486	0.5	0.875	1	60	2
2487	0.875	0.875	1	60	3
2488	0.75	0.875	1	60	3
2489	0.875	0.875	1	60	1
2490	0.875	0.875	1	60	1
2491	0.75	0.875	1	60	2
2492	0.875	0.875	1	60	1
2493	0.875	0.875	1	60	3
2494	0.875	0.875	1	60	2
2495	0.875	0.875	1	60	1
2496	0.5	0.875	1	60	1
2497	0.875	0.875	1	60	2
2498	0.875	0.875	1	60	3
2499	0.875	0.875	1	60	1
2500	0.875	0.875	1	60	2
2501	0.875	0.875	1	60	1
2502	0.875	0.875	1	60	1
2503	0.875	0.875	1	60	1
2504	0.625	0.875	1	60	5
2505	0.875	0.875	1	60	1
2506	0.875	0.875	1	60	1
2507	0.875	0.875	1	60	1
2508	0.875	0.875	1	60	2
2509	0.875	0.875	1	60	1
2510	0.875	0.875	1	60	4
2511	0.875	0.875	1	60	3
2512	0.875	0.875	1	60	1
2513	0.875	0.875	1	60	1
2514	0.875	0.875	1	60	3
2515	0.8125	0.875	1	60	4
2516	0.625	0.875	1	60	3
2517	0.875	0.875	1	60	2
2518	0.875	0.875	1	60	1
2519	0.625	0.875	1	60	3
2520	0.75	0.875	1	60	2
2521	0.875	0.875	1	60	2
2522	0.5625	0.875	1	60	4
2523	0.5	0.875	1	60	3
2524	0.875	0.875	1	60	1
2525	0.875	0.875	1	60	4
2526	0.875	0.875	1	60	1
2527	0.625	0.875	1	60	2
2528	0.875	0.875	1	60	1
2529	0.875	0.875	1	60	1
2530	0.5625	0.875	1	60	4
2531	0.5	0.875	1	60	6
2532	0.4375	0.875	1	60	3
2533	0.875	0.875	1	60	2
2534	0.625	0.875	1	60	4
2535	0.625	0.875	1	60	1
2536	0.875	0.875	1	60	2
2537	0.875	0.875	1	60	3
2538	0.875	0.875	1	60	2
2539	0.875	0.875	1	60	5
2540	0.875	0.875	1	60	1
2541	0.875	0.875	1	60	1
2542	0.8125	0.875	1	60	3
2543	0.875	0.875	1	60	2
2544	0.875	0.875	1	60	3
2545	0.5	0.875	1	60	2
2546	0.875	0.875	1	60	1
2547	0.875	0.875	1	60	2
2548	0.625	0.875	1	60	4
2549	0.5	0.875	1	60	4
2550	0.875	0.875	1	60	1
2551	0.875	0.875	1	60	1
2552	0.875	0.875	1	60	1
2553	0.875	0.875	1	60	1
2554	0.5625	0.875	1	60	3
2555	0.875	0.875	1	60	1
2556	0.4375	0.875	1	60	3
2557	0.875	0.875	1	60	2
2558	0.875	0.875	1	60	4
2559	0.875	0.875	1	60	1
2560	0.875	0.875	1	60	2
2561	0.5	0.875	1	60	2
2562	0.875	0.875	1	60	2
2563	0.875	0.875	1	60	2
2564	0.875	0.875	1	60	2
2565	0.5	0.875	1	60	2
2566	0.5	0.875	1	60	3
2567	0.875	0.875	1	60	2
2568	0.625	0.875	1	60	5
2569	0.8125	0.875	1	60	4
2570	0.875	0.875	1	60	2
2571	0.875	0.875	1	60	5
2572	0.6875	0.875	1	60	2
2573	0.875	0.875	1	60	2
2574	0.875	0.875	1	60	1
2575	0.875	0.875	1	60	2
2576	0.25	0.875	1	60	6
2577	0.875	0.875	1	60	1
2578	0.875	0.875	1	60	1
2579	0.875	0.875	1	60	1
2580	0.875	0.875	1	60	1
2581	0.875	0.875	1	60	2
2582	0.875	0.875	1	60	1
2583	0.875	0.875	1	60	1
2584	0.875	0.875	1	60	1
2585	0.875	0.875	1	60	2
2586	0.875	0.875	1	60	1
2587	0.875	0.875	1	60	1
2588	0.875	0.875	1	60	1
2589	0.875	0.875	1	60	1
2590	0.5	0.875	1	60	6
2591	0.75	0.875	1	60	4
2592	0.625	0.875	1	60	1
2593	0.875	0.875	1	60	4
2594	0.5	0.875	1	60	3
2595	0.875	0.875	1	60	3
2596	0.875	0.875	1	60	1
2597	0.875	0.875	1	60	5
2598	0.875	0.875	1	60	2
2599	0.875	0.875	1	60	1
2600	0.6875	0.875	1	60	2
2601	0.875	0.875	1	60	2
2602	0.875	0.875	1	60	4
2603	0.875	0.875	1	60	2
2604	0.875	0.875	1	60	1
2605	0.875	0.875	1	60	1
2606	0.875	0.875	1	60	2
2607	0.875	0.875	1	60	1
2608	0.75	0.875	1	60	2
2609	0.75	0.875	1	60	2
2610	0.875	0.875	1	60	1
2611	0.875	0.875	1	60	1
2612	0.875	0.875	1	60	2
2613	0.875	0.875	1	60	2
2614	0.875	0.875	1	60	3
2615	0.75	0.875	1	60	4
2616	0.875	0.875	1	60	1
2617	0.875	0.875	1	60	2
2618	0.875	0.875	1	60	1
2619	0.875	0.875	1	60	1
2620	0.625	0.875	1	60	4
2621	0.875	0.875	1	60	3
2622	0.875	0.875	1	60	2
2623	0.875	0.875	1	60	3
2624	0.5	0.875	1	60	2
2625	0.875	0.875	1	60	1
2626	0.875	0.875	1	60	1
2627	0.375	0.875	1	60	2
2628	0.6875	0.875	1	60	3
2629	0.875	0.875	1	60	1
2630	0.875	0.875	1	60	2
2631	0.875	0.875	1	60	1
2632	0.875	0.875	1	60	1
2633	0.875	0.875	1	60	1
2634	0.625	0.875	1	60	1
2635	0.625	0.875	1	60	1
2636	0.875	0.875	1	60	1
2637	0.875	0.875	1	60	2
2638	0.75	0.875	1	60	2
2639	0.875	0.875	1	60	3
2640	0.875	0.875	1	60	1
2641	0.875	0.875	1	60	1
2642	0.875	0.875	1	60	3
2643	0.75	0.875	1	60	3
2644	0.875	0.875	1	60	3
2645	0.875	0.875	1	60	1
2646	0.75	0.875	1	60	1
2647	0.75	0.875	1	60	4
2648	0.5625	0.875	1	60	3
2649	0.875	0.875	1	60	1
2650	0.875	0.875	1	60	2
2651	0.75	0.875	1	60	2
2652	0.875	0.875	1	60	3
2653	0.875	0.875	1	60	2
2654	0.875	0.875	1	60	4
2655	0.875	0.875	1	60	2
2656	0.875	0.875	1	60	2
2657	0.875	0.875	1	60	2
2658	0.875	0.875	1	60	1
2659	0.75	0.875	1	60	3
2660	0.875	0.875	1	60	3
2661	0.875	0.875	1	60	3
2662	0.625	0.875	1	60	2
2663	0.875	0.875	1	60	1
2664	0.5	0.875	1	60	2
2665	0.625	0.875	1	60	1
2666	0.875	0.875	1	60	2
2667	0.875	0.875	1	60	2
2668	0.875	0.875	1	60	2
2669	0.5	0.875	1	60	2
2670	0.875	0.875	1	60	1
2671	0.875	0.875	1	60	2
2672	0.6875	0.875	1	60	4
2673	0.875	0.875	1	60	1
2674	0.875	0.875	1	60	5
2675	0.875	0.875	1	60	7
2676	0.875	0.875	1	60	2
2677	0.75	0.875	1	60	3
2678	0.875	0.875	1	60	1
2679	0.875	0.875	1	60	1
2680	0.875	0.875	1	60	2
2681	0.75	0.875	1	60	4
2682	0.875	0.875	1	60	6
2683	0.875	0.875	1	60	3
2684	0.875	0.875	1	60	2
2685	0.875	0.875	1	60	1
2686	0.875	0.875	1	60	1
2687	0.875	0.875	1	60	4
2688	0.875	0.875	1	60	4
2689	0.875	0.875	1	60	1
2690	0.9375	0.9375	1	60	2
2691	0.9375	0.9375	1	60	1
2692	0.9375	0.9375	1	60	3
2693	0.9375	0.9375	1	60	2
2694	0.9375	0.9375	1	60	3
2695	0.8125	0.9375	1	60	4
2696	0.9375	0.9375	1	60	1
2697	0.9375	0.9375	1	60	4
2698	0.9375	0.9375	1	60	4
2699	0.75	0.9375	1	60	3
2700	0.6875	0.9375	1	60	3
2701	0.6875	0.9375	1	60	1
2702	0.9375	0.9375	1	60	3
2703	0.5625	0.9375	1	60	3
2704	0.9375	0.9375	1	60	1
2705	0.8125	0.9375	1	60	1
2706	0.9375	0.9375	1	60	2
2707	0.9375	0.9375	1	60	2
2708	0.9375	0.9375	1	60	3
2709	0.9375	0.9375	1	60	2
2710	0.875	0.9375	1	60	1
2711	0.9375	0.9375	1	60	1
2712	0.9375	0.9375	1	60	2
2713	0.9375	0.9375	1	60	4
2714	0.9375	0.9375	1	60	2
2715	0.875	0.9375	1	60	3
2716	0.5	0.9375	1	60	3
2717	0.9375	0.9375	1	60	2
2718	0.75	0.9375	1	60	2
2719	0.625	0.9375	1	60	3
2720	0.9375	0.9375	1	60	2
2721	0.9375	0.9375	1	60	3
2722	0.5625	0.9375	1	60	2
2723	0.9375	0.9375	1	60	1
2724	0.9375	0.9375	1	60	1
2725	0.9375	0.9375	1	60	4
2726	0.9375	0.9375	1	60	1
2727	0.9375	0.9375	1	60	1
2728	0.6875	0.9375	1	60	1
2729	0.9375	0.9375	1	60	2
2730	0.9375	0.9375	1	60	2
2731	0.9375	0.9375	1	60	1
2732	0.9375	0.9375	1	60	2
2733	0.9375	0.9375	1	60	2
2734	0.9375	0.9375	1	60	1
2735	0.9375	0.9375	1	60	3
2736	0.9375	0.9375	1	60	2
2737	0.9375	0.9375	1	60	1
2738	0.9375	0.9375	1	60	3
2739	0.9375	0.9375	1	60	4
2740	0.9375	0.9375	1	60	6
2741	0.625	0.9375	1	60	3
2742	0.6875	0.9375	1	60	2
2743	0.75	0.9375	1	60	1
2744	0.9375	0.9375	1	60	2
2745	0.5625	0.9375	1	60	3
2746	0.6875	0.9375	1	60	7
2747	0.5	0.9375	1	60	3
2748	0.9375	0.9375	1	60	1
2749	0.8125	0.9375	1	60	2
2750	0.9375	0.9375	1	60	2
2751	0.875	0.9375	1	60	1
2752	0.9375	0.9375	1	60	1
2753	0.9375	0.9375	1	60	1
2754	0.9375	0.9375	1	60	3
2755	0.75	0.9375	1	60	1
2756	0.9375	0.9375	1	60	2
2757	0.9375	0.9375	1	60	2
2758	0.9375	0.9375	1	60	2
2759	0.9375	0.9375	1	60	1
2760	0.9375	0.9375	1	60	4
2761	0.9375	0.9375	1	60	4
2762	0.9375	0.9375	1	60	2
2763	0.9375	0.9375	1	60	2
2764	0.9375	0.9375	1	60	2
2765	0.9375	0.9375	1	60	3
2766	0.9375	0.9375	1	60	1
2767	0.9375	0.9375	1	60	1
2768	0.625	0.9375	1	60	3
2769	0.9375	0.9375	1	60	2
2770	0.5	0.9375	1	60	1
2771	0.9375	0.9375	1	60	1
2772	0.625	0.9375	1	60	2
2773	0.9375	0.9375	1	60	1
2774	0.9375	0.9375	1	60	3
2775	0.75	0.9375	1	60	5
2776	0.9375	0.9375	1	60	1
2777	0.9375	0.9375	1	60	2
2778	0.9375	0.9375	1	60	1
2779	0.9375	0.9375	1	60	2
2780	0.9375	0.9375	1	60	2
2781	0.9375	0.9375	1	60	4
2782	0.5	0.9375	1	60	3
2783	0.9375	0.9375	1	60	1
2784	0.9375	0.9375	1	60	1
2785	0.9375	0.9375	1	60	1
2786	0.9375	0.9375	1	60	1
2787	0.9375	0.9375	1	60	2
2788	0.9375	0.9375	1	60	1
2789	0.9375	0.9375	1	60	3
2790	0.875	0.9375	1	60	1
2791	0.9375	0.9375	1	60	3
2792	0.9375	0.9375	1	60	4
2793	0.875	0.9375	1	60	2
2794	0.6875	0.9375	1	60	6
2795	0.9375	0.9375	1	60	3
2796	0.75	0.9375	1	60	2
2797	0.5	0.9375	1	60	2
2798	0.9375	0.9375	1	60	2
2799	0.75	0.9375	1	60	1
2800	0.9375	0.9375	1	60	3
2801	0.9375	0.9375	1	60	2
2802	0.9375	0.9375	1	60	3
2803	0.875	0.9375	1	60	3
2804	0.9375	0.9375	1	60	4
2805	0.9375	0.9375	1	60	1
2806	0.9375	0.9375	1	60	1
2807	0.75	0.9375	1	60	2
2808	0.9375	0.9375	1	60	1
2809	0.9375	0.9375	1	60	2
2810	0.9375	0.9375	1	60	1
2811	0.9375	0.9375	1	60	1
2812	0.9375	0.9375	1	60	5
2813	0.9375	0.9375	1	60	5
2814	0.8125	0.9375	1	60	2
2815	0.75	0.9375	1	60	1
2816	0.9375	0.9375	1	60	2
2817	0.9375	0.9375	1	60	2
2818	0.9375	0.9375	1	60	1
2819	0.6875	0.9375	1	60	3
2820	0.9375	0.9375	1	60	1
2821	0.9375	0.9375	1	60	1
2822	0.5625	0.9375	1	60	2
2823	0.9375	0.9375	1	60	2
2824	0.9375	0.9375	1	60	2
2825	0.9375	0.9375	1	60	1
2826	0.6875	0.9375	1	60	1
2827	0.9375	0.9375	1	60	1
2828	0.9375	0.9375	1	60	2
2829	0.75	0.9375	1	60	5
2830	0.9375	0.9375	1	60	1
2831	0.875	0.9375	1	60	1
2832	0.9375	0.9375	1	60	3
2833	0.75	0.9375	1	60	3
2834	0.9375	0.9375	1	60	1
2835	0.9375	0.9375	1	60	3
2836	0.75	0.9375	1	60	3
2837	0.9375	0.9375	1	60	2
2838	0.9375	0.9375	1	60	3
2839	0.875	0.9375	1	60	3
2840	0.9375	0.9375	1	60	3
2841	0.5625	0.9375	1	60	4
2842	0.9375	0.9375	1	60	5
2843	0.9375	0.9375	1	60	3
2844	0.9375	0.9375	1	60	1
2845	0.9375	0.9375	1	60	1
2846	0.625	0.9375	1	60	2
2847	0.5	0.9375	1	60	3
2848	0.625	0.9375	1	60	6
2849	0.9375	0.9375	1	60	2
2850	0.9375	0.9375	1	60	2
2851	0.5	0.9375	1	60	2
2852	0.9375	0.9375	1	60	1
2853	0.9375	0.9375	1	60	1
2854	0.5	0.9375	1	60	3
2855	0.6875	0.9375	1	60	2
2856	0.9375	0.9375	1	60	1
2857	0.9375	0.9375	1	60	1
2858	0.5	0.9375	1	60	2
2859	0.9375	0.9375	1	60	2
2860	0.9375	0.9375	1	60	1
2861	0.3125	0.9375	1	60	4
2862	0.9375	0.9375	1	60	1
2863	0.9375	0.9375	1	60	4
2864	0.5	0.9375	1	60	4
2865	0.9375	0.9375	1	60	1
2866	0.5	0.9375	1	60	1
2867	0.75	0.9375	1	60	3
2868	0.75	0.9375	1	60	1
2869	0.9375	0.9375	1	60	2
2870	0.9375	0.9375	1	60	1
2871	0.9375	0.9375	1	60	1
2872	0.9375	0.9375	1	60	1
2873	0.9375	0.9375	1	60	1
2874	0.6875	0.9375	1	60	3
2875	0.9375	0.9375	1	60	1
2876	0.9375	0.9375	1	60	4
2877	0.9375	0.9375	1	60	2
2878	0.5625	0.9375	1	60	2
2879	0.5	0.9375	1	60	3
2880	0.9375	0.9375	1	60	2
2881	0.9375	0.9375	1	60	2
2882	0.5	0.9375	1	60	1
2883	0.9375	0.9375	1	60	1
2884	0.9375	0.9375	1	60	1
2885	0.9375	0.9375	1	60	2
2886	0.9375	0.9375	1	60	2
2887	0.9375	0.9375	1	60	1
2888	0.9375	0.9375	1	60	1
2889	0.875	0.9375	1	60	1
2890	0.9375	0.9375	1	60	4
2891	0.5	0.9375	1	60	5
2892	0.9375	0.9375	1	60	1
2893	0.5	0.9375	1	60	4
2894	0.9375	0.9375	1	60	2
2895	0.5	0.9375	1	60	2
2896	0.9375	0.9375	1	60	2
2897	0.9375	0.9375	1	60	3
2898	0.5625	0.9375	1	60	2
2899	0.9375	0.9375	1	60	1
2900	0.9375	0.9375	1	60	2
2901	0.625	0.9375	1	60	1
2902	0.75	0.9375	1	60	2
2903	0.9375	0.9375	1	60	2
2904	0.9375	0.9375	1	60	2
2905	0.9375	0.9375	1	60	2
2906	0.9375	0.9375	1	60	2
2907	0.9375	0.9375	1	60	3
2908	0.4375	0.9375	1	60	1
2909	0.9375	0.9375	1	60	3
2910	0.8125	0.9375	1	60	6
2911	0.5625	0.9375	1	60	3
2912	0.9375	0.9375	1	60	1
2913	0.9375	0.9375	1	60	2
2914	0.875	0.9375	1	60	2
2915	0.9375	0.9375	1	60	1
2916	0.75	0.9375	1	60	3
2917	0.9375	0.9375	1	60	3
2918	0.9375	0.9375	1	60	2
2919	0.9375	0.9375	1	60	2
2920	0.9375	0.9375	1	60	3
2921	0.9375	0.9375	1	60	2
2922	0.9375	0.9375	1	60	2
2923	0.9375	0.9375	1	60	3
2924	0.9375	0.9375	1	60	1
2925	0.875	0.9375	1	60	5
2926	0.9375	0.9375	1	60	2
2927	0.8125	0.9375	1	60	3
2928	0.625	0.9375	1	60	3
2929	0.9375	0.9375	1	60	2
2930	0.75	0.9375	1	60	2
2931	0.9375	0.9375	1	60	2
2932	0.9375	0.9375	1	60	2
2933	0.625	0.9375	1	60	2
2934	0.9375	0.9375	1	60	3
2935	0.8125	0.9375	1	60	2
2936	0.9375	0.9375	1	60	1
2937	0.9375	0.9375	1	60	2
2938	0.5	0.9375	1	60	5
2939	0.6875	0.9375	1	60	1
2940	0.9375	0.9375	1	60	2
2941	0.9375	0.9375	1	60	3
2942	0.9375	0.9375	1	60	2
2943	0.9375	0.9375	1	60	2
2944	0.9375	0.9375	1	60	1
2945	0.5625	0.9375	1	60	3
2946	0.9375	0.9375	1	60	3
2947	0.9375	0.9375	1	60	4
2948	0.9375	0.9375	1	60	2
2949	0.9375	0.9375	1	60	1
2950	0.9375	0.9375	1	60	5
2951	0.9375	0.9375	1	60	3
2952	0.9375	0.9375	1	60	2
2953	0.9375	0.9375	1	60	2
2954	0.8125	0.9375	1	60	1
2955	0.9375	0.9375	1	60	1
2956	0.9375	0.9375	1	60	1
2957	0.8125	0.9375	1	60	4
2958	0.8125	0.9375	1	60	1
2959	0.9375	0.9375	1	60	2
2960	0.9375	0.9375	1	60	1
2961	0.9375	0.9375	1	60	1
2962	0.9375	0.9375	1	60	1
2963	0.9375	0.9375	1	60	2
2964	0.875	0.9375	1	60	1
2965	0.9375	0.9375	1	60	2
2966	0.9375	0.9375	1	60	3
2967	0.5	0.9375	1	60	6
2968	0.9375	0.9375	1	60	2
2969	0.9375	0.9375	1	60	4
2970	0.5	0.9375	1	60	2
2971	0.875	0.9375	1	60	3
2972	0.9375	0.9375	1	60	3
2973	0.625	0.9375	1	60	2
2974	0.9375	0.9375	1	60	1
2975	0.5	0.9375	1	60	5
2976	0.9375	0.9375	1	60	2
2977	0.8125	0.9375	1	60	2
2978	0.9375	0.9375	1	60	1
2979	0.9375	0.9375	1	60	2
2980	0.9375	0.9375	1	60	1
2981	0.9375	0.9375	1	60	2
2982	0.875	0.9375	1	60	2
2983	0.9375	0.9375	1	60	2
2984	0.9375	0.9375	1	60	1
2985	0.9375	0.9375	1	60	1
2986	0.9375	0.9375	1	60	3
2987	0.9375	0.9375	1	60	2
2988	0.75	0.9375	1	60	3
2989	0.4375	0.9375	1	60	1
2990	0.875	0.9375	1	60	2
2991	0.9375	0.9375	1	60	2
2992	0.5	0.9375	1	60	4
2993	0.9375	0.9375	1	60	2
2994	0.5	0.9375	1	60	4
2995	0.9375	0.9375	1	60	1
2996	0.875	0.9375	1	60	3
2997	0.9375	0.9375	1	60	2
2998	0.8125	0.9375	1	60	3
2999	0.9375	0.9375	1	60	1
3000	0.9375	0.9375	1	60	1
3001	0.9375	0.9375	1	60	1
3002	0.9375	0.9375	1	60	1
3003	0.9375	0.9375	1	60	1
3004	0.875	0.9375	1	60	2
3005	0.9375	0.9375	1	60	1
3006	0.8125	0.9375	1	60	3
3007	0.875	0.9375	1	60	2
3008	0.9375	0.9375	1	60	1
3009	0.625	0.9375	1	60	4
3010	0.75	0.9375	1	60	4
3011	0.9375	0.9375	1	60	5
3012	0.9375	0.9375	1	60	3
3013	0.9375	0.9375	1	60	1
3014	0.625	0.9375	1	60	3
3015	0.6875	0.9375	1	60	4
3016	0.5	0.9375	1	60	2
3017	0.9375	0.9375	1	60	3
3018	0.75	0.9375	1	60	3
3019	0.5	0.9375	1	60	2
3020	0.9375	0.9375	1	60	1
3021	0.9375	0.9375	1	60	3
3022	0.9375	0.9375	1	60	1
3023	0.5625	0.9375	1	60	2
3024	0.625	0.9375	1	60	4
3025	0.9375	0.9375	1	60	1
3026	0.5	0.9375	1	60	6
3027	0.6875	0.9375	1	60	2
3028	0.75	0.9375	1	60	4
3029	0.9375	0.9375	1	60	1
3030	0.9375	0.9375	1	60	1
3031	0.9375	0.9375	1	60	3
3032	0.4375	0.9375	1	60	2
3033	0.875	0.9375	1	60	2
3034	0.9375	0.9375	1	60	3
3035	0.6875	0.9375	1	60	2
3036	0.625	0.9375	1	60	3
3037	0.625	0.9375	1	60	2
3038	0.875	0.9375	1	60	1
3039	0.9375	0.9375	1	60	2
3040	0.5	0.9375	1	60	3
3041	0.9375	0.9375	1	60	2
3042	0.9375	0.9375	1	60	1
3043	0.9375	0.9375	1	60	1
3044	0.8125	0.9375	1	60	2
3045	0.9375	0.9375	1	60	1
3046	0.9375	0.9375	1	60	3
3047	0.9375	0.9375	1	60	1
3048	0.9375	0.9375	1	60	3
3049	0.5	0.9375	1	60	7
3050	0.9375	0.9375	1	60	2
3051	0.9375	0.9375	1	60	2
3052	0.9375	0.9375	1	60	1
3053	0.9375	0.9375	1	60	2
3054	0.9375	0.9375	1	60	1
3055	0.9375	0.9375	1	60	1
3056	0.9375	0.9375	1	60	1
3057	0.9375	0.9375	1	60	1
3058	0.9375	0.9375	1	60	2
3059	0.9375	0.9375	1	60	1
3060	0.9375	0.9375	1	60	2
3061	0.5	0.9375	1	60	2
3062	0.9375	0.9375	1	60	1
3063	0.9375	0.9375	1	60	2
3064	0.75	0.9375	1	60	1
3065	0.9375	0.9375	1	60	2
3066	0.9375	0.9375	1	60	1
3067	0.5	0.9375	1	60	4
3068	0.9375	0.9375	1	60	1
3069	0.6875	0.9375	1	60	2
3070	0.9375	0.9375	1	60	1
3071	0.9375	0.9375	1	60	3
3072	0.5	0.9375	1	60	3
3073	0.9375	0.9375	1	60	2
3074	0.9375	0.9375	1	60	2
3075	0.9375	0.9375	1	60	3
3076	0.8125	0.9375	1	60	3
3077	0.9375	0.9375	1	60	2
3078	0.9375	0.9375	1	60	2
3079	0.5	0.9375	1	60	1
3080	0.9375	0.9375	1	60	1
3081	0.9375	0.9375	1	60	2
3082	0.625	0.9375	1	60	3
3083	0.9375	0.9375	1	60	1
3084	0.625	0.9375	1	60	3
3085	0.9375	0.9375	1	60	2
3086	0.9375	0.9375	1	60	1
3087	0.9375	0.9375	1	60	2
3088	0.9375	0.9375	1	60	1
3089	0.9375	0.9375	1	60	1
3090	0.9375	0.9375	1	60	1
3091	0.9375	0.9375	1	60	3
3092	0.9375	0.9375	1	60	1
3093	0.6875	0.9375	1	60	3
3094	0.9375	0.9375	1	60	1
3095	0.9375	0.9375	1	60	2
3096	0.5625	0.9375	1	60	4
3097	0.9375	0.9375	1	60	2
3098	0.875	0.9375	1	60	1
3099	0.9375	0.9375	1	60	1
3100	0.75	0.9375	1	60	2
3101	0.9375	0.9375	1	60	7
3102	0.9375	0.9375	1	60	2
3103	0.9375	0.9375	1	60	1
3104	0.9375	0.9375	1	60	2
3105	0.9375	0.9375	1	60	1
3106	0.875	0.9375	1	60	2
3107	0.9375	0.9375	1	60	2
3108	0.9375	0.9375	1	60	1
3109	0.9375	0.9375	1	60	2
3110	0.9375	0.9375	1	60	2
3111	0.75	0.9375	1	60	1
3112	0.9375	0.9375	1	60	2
3113	0.9375	0.9375	1	60	1
3114	0.5625	0.9375	1	60	1
3115	0.8125	0.9375	1	60	3
3116	0.9375	0.9375	1	60	2
3117	0.8125	0.9375	1	60	2
3118	0.9375	0.9375	1	60	1
3119	0.6875	0.9375	1	60	5
3120	0.8125	0.9375	1	60	2
3121	0.9375	0.9375	1	60	1
3122	0.9375	0.9375	1	60	2
3123	0.9375	0.9375	1	60	3
3124	0.875	0.9375	1	60	1
3125	0.9375	0.9375	1	60	1
3126	0.9375	0.9375	1	60	1
3127	0.9375	0.9375	1	60	1
3128	0.9375	0.9375	1	60	3
3129	0.6875	0.9375	1	60	3
3130	0.9375	0.9375	1	60	1
3131	0.9375	0.9375	1	60	2
3132	0.625	0.9375	1	60	3
3133	0.9375	0.9375	1	60	1
3134	0.9375	0.9375	1	60	2
3135	0.9375	0.9375	1	60	1
3136	0.9375	0.9375	1	60	1
3137	0.75	0.9375	1	60	2
3138	0.8125	0.9375	1	60	2
3139	0.9375	0.9375	1	60	3
3140	0.9375	0.9375	1	60	3
3141	0.9375	0.9375	1	60	2
3142	0.9375	0.9375	1	60	2
3143	0.5625	0.9375	1	60	3
3144	0.9375	0.9375	1	60	1
3145	0.9375	0.9375	1	60	1
3146	0.5	0.9375	1	60	2
3147	0.9375	0.9375	1	60	3
3148	0.9375	0.9375	1	60	5
3149	0.8125	0.9375	1	60	2
3150	1	1	1	60	1
## Seeds    : 1502475040, 16193
## Runtime  : 0h 0m 3s.
## Begins at: Sun Aug 30 11:30:40 2020
## Ends   at: Sun Aug 30 11:30:43 2020
