1	0.5625
2	0.5625
3	0.5625
4	0.5625
5	0.5625
6	0.625
7	0.625
8	0.625
9	0.625
10	0.625
11	0.625
12	0.625
13	0.625
14	0.625
15	0.625
16	0.625
17	0.625
18	0.625
19	0.625
20	0.625
21	0.625
22	0.6875
23	0.6875
24	0.6875
25	0.6875
26	0.6875
27	0.6875
28	0.6875
29	0.6875
30	0.6875
31	0.6875
32	0.6875
33	0.6875
34	0.6875
35	0.6875
36	0.6875
37	0.75
38	0.75
39	0.75
40	0.75
41	0.75
42	0.75
43	0.75
44	0.75
45	0.75
46	0.75
47	0.75
48	0.75
49	0.75
50	0.75
51	0.75
52	0.75
53	0.75
54	0.75
55	0.75
56	0.75
57	0.75
58	0.75
59	0.75
60	0.75
61	0.75
62	0.75
63	0.75
64	0.75
65	0.75
66	0.75
67	0.75
68	0.75
69	0.75
70	0.75
71	0.75
72	0.75
73	0.75
74	0.75
75	0.75
76	0.8125
77	0.8125
78	0.8125
79	0.8125
80	0.8125
81	0.8125
82	0.8125
83	0.8125
84	0.8125
85	0.8125
86	0.8125
87	0.8125
88	0.8125
89	0.8125
90	0.8125
91	0.8125
92	0.8125
93	0.8125
94	0.8125
95	0.8125
96	0.8125
97	0.8125
98	0.8125
99	0.8125
100	0.8125
101	0.8125
102	0.8125
103	0.8125
104	0.8125
105	0.8125
106	0.8125
107	0.8125
108	0.8125
109	0.8125
110	0.8125
111	0.8125
112	0.8125
113	0.8125
114	0.8125
115	0.8125
116	0.8125
117	0.8125
118	0.8125
119	0.8125
120	0.8125
121	0.8125
122	0.8125
123	0.8125
124	0.8125
125	0.8125
126	0.8125
127	0.8125
128	0.8125
129	0.8125
130	0.8125
131	0.8125
132	0.8125
133	0.8125
134	0.8125
135	0.8125
136	0.8125
137	0.8125
138	0.8125
139	0.8125
140	0.8125
141	0.8125
142	0.8125
143	0.8125
144	0.8125
145	0.8125
146	0.8125
147	0.8125
148	0.8125
149	0.8125
150	0.8125
151	0.8125
152	0.8125
153	0.8125
154	0.8125
155	0.8125
156	0.8125
157	0.8125
158	0.8125
159	0.8125
160	0.8125
161	0.8125
162	0.8125
163	0.8125
164	0.8125
165	0.8125
166	0.8125
167	0.8125
168	0.8125
169	0.8125
170	0.8125
171	0.8125
172	0.8125
173	0.8125
174	0.8125
175	0.8125
176	0.8125
177	0.8125
178	0.8125
179	0.8125
180	0.8125
181	0.8125
182	0.8125
183	0.8125
184	0.8125
185	0.8125
186	0.8125
187	0.8125
188	0.8125
189	0.8125
190	0.8125
191	0.8125
192	0.8125
193	0.8125
194	0.8125
195	0.8125
196	0.8125
197	0.8125
198	0.8125
199	0.8125
200	0.8125
201	0.8125
202	0.8125
203	0.8125
204	0.8125
205	0.8125
206	0.8125
207	0.8125
208	0.8125
209	0.8125
210	0.8125
211	0.8125
212	0.8125
213	0.8125
214	0.8125
215	0.8125
216	0.8125
217	0.8125
218	0.8125
219	0.8125
220	0.8125
221	0.8125
222	0.8125
223	0.875
224	0.875
225	0.875
226	0.875
227	0.875
228	0.875
229	0.875
230	0.875
231	0.875
232	0.875
233	0.875
234	0.875
235	0.875
236	0.875
237	0.875
238	0.875
239	0.875
240	0.875
241	0.875
242	0.875
243	0.875
244	0.875
245	0.875
246	0.875
247	0.875
248	0.875
249	0.875
250	0.875
251	0.875
252	0.875
253	0.875
254	0.875
255	0.875
256	0.875
257	0.875
258	0.875
259	0.875
260	0.875
261	0.875
262	0.875
263	0.875
264	0.875
265	0.875
266	0.875
267	0.875
268	0.875
269	0.875
270	0.875
271	0.875
272	0.875
273	0.875
274	0.875
275	0.875
276	0.875
277	0.875
278	0.875
279	0.875
280	0.875
281	0.875
282	0.875
283	0.875
284	0.875
285	0.875
286	0.875
287	0.875
288	0.875
289	0.875
290	0.875
291	0.875
292	0.875
293	0.875
294	0.875
295	0.875
296	0.875
297	0.875
298	0.875
299	0.875
300	0.875
301	0.875
302	0.875
303	0.875
304	0.875
305	0.875
306	0.875
307	0.875
308	0.875
309	0.875
310	0.875
311	0.875
312	0.875
313	0.875
314	0.875
315	0.875
316	0.875
317	0.875
318	0.875
319	0.875
320	0.875
321	0.875
322	0.875
323	0.875
324	0.875
325	0.875
326	0.875
327	0.875
328	0.875
329	0.875
330	0.875
331	0.875
332	0.875
333	0.875
334	0.875
335	0.875
336	0.875
337	0.875
338	0.875
339	0.875
340	0.875
341	0.875
342	0.875
343	0.875
344	0.875
345	0.875
346	0.875
347	0.875
348	0.875
349	0.875
350	0.875
351	0.875
352	0.875
353	0.875
354	0.875
355	0.875
356	0.875
357	0.875
358	0.875
359	0.875
360	0.875
361	0.875
362	0.875
363	0.875
364	0.875
365	0.875
366	0.875
367	0.875
368	0.875
369	0.875
370	0.875
371	0.875
372	0.875
373	0.875
374	0.875
375	0.875
376	0.875
377	0.875
378	0.875
379	0.875
380	0.875
381	0.875
382	0.875
383	0.875
384	0.875
385	0.875
386	0.875
387	0.875
388	0.875
389	0.875
390	0.875
391	0.875
392	0.875
393	0.875
394	0.875
395	0.875
396	0.875
397	0.875
398	0.875
399	0.875
400	0.875
401	0.875
402	0.875
403	0.875
404	0.875
405	0.875
406	0.875
407	0.875
408	0.875
409	0.875
410	0.875
411	0.875
412	0.875
413	0.875
414	0.875
415	0.875
416	0.875
417	0.875
418	0.875
419	0.875
420	0.875
421	0.875
422	0.875
423	0.875
424	0.875
425	0.875
426	0.875
427	0.875
428	0.875
429	0.875
430	0.875
431	0.875
432	0.875
433	0.875
434	0.875
435	0.875
436	0.875
437	0.875
438	0.875
439	0.875
440	0.875
441	0.875
442	0.875
443	0.875
444	0.875
445	0.875
446	0.875
447	0.875
448	0.875
449	0.875
450	0.875
451	0.875
452	0.875
453	0.875
454	0.875
455	0.875
456	0.875
457	0.875
458	0.875
459	0.875
460	0.875
461	0.875
462	0.875
463	0.875
464	0.875
465	0.875
466	0.875
467	0.875
468	0.875
469	0.875
470	0.875
471	0.875
472	0.875
473	0.875
474	0.875
475	0.875
476	0.875
477	0.875
478	0.875
479	0.875
480	0.875
481	0.875
482	0.875
483	0.875
484	0.875
485	0.875
486	0.875
487	0.875
488	0.875
489	0.875
490	0.875
491	0.875
492	0.875
493	0.875
494	0.875
495	0.875
496	0.875
497	0.875
498	0.875
499	0.875
500	0.875
501	0.875
502	0.875
503	0.875
504	0.875
505	0.875
506	0.875
507	0.875
508	0.875
509	0.875
510	0.875
511	0.875
512	0.875
513	0.875
514	0.875
515	0.875
516	0.875
517	0.875
518	0.875
519	0.875
520	0.875
521	0.875
522	0.875
523	0.875
524	0.875
525	0.875
526	0.875
527	0.875
528	0.875
529	0.875
530	0.875
531	0.875
532	0.875
533	0.875
534	0.875
535	0.875
536	0.875
537	0.875
538	0.875
539	0.875
540	0.875
541	0.875
542	0.875
543	0.875
544	0.875
545	0.875
546	0.875
547	0.875
548	0.875
549	0.875
550	0.875
551	0.875
552	0.875
553	0.875
554	0.875
555	0.875
556	0.875
557	0.875
558	0.875
559	0.875
560	0.875
561	0.875
562	0.875
563	0.875
564	0.875
565	0.875
566	0.875
567	0.875
568	0.875
569	0.875
570	0.875
571	0.875
572	0.875
573	0.875
574	0.875
575	0.875
576	0.875
577	0.875
578	0.875
579	0.875
580	0.875
581	0.875
582	0.875
583	0.875
584	0.875
585	0.875
586	0.875
587	0.875
588	0.875
589	0.875
590	0.875
591	0.875
592	0.875
593	0.875
594	0.875
595	0.875
596	0.875
597	0.875
598	0.875
599	0.875
600	0.875
601	0.875
602	0.875
603	0.875
604	0.875
605	0.875
606	0.875
607	0.875
608	0.875
609	0.875
610	0.875
611	0.875
612	0.875
613	0.875
614	0.875
615	0.875
616	0.875
617	0.875
618	0.875
619	0.875
620	0.875
621	0.875
622	0.875
623	0.875
624	0.875
625	0.875
626	0.875
627	0.875
628	0.875
629	0.875
630	0.875
631	0.875
632	0.875
633	0.875
634	0.875
635	0.875
636	0.875
637	0.875
638	0.875
639	0.875
640	0.875
641	0.875
642	0.875
643	0.875
644	0.875
645	0.875
646	0.875
647	0.875
648	0.875
649	0.875
650	0.875
651	0.875
652	0.875
653	0.875
654	0.875
655	0.875
656	0.875
657	0.875
658	0.875
659	0.875
660	0.875
661	0.875
662	0.875
663	0.875
664	0.875
665	0.875
666	0.875
667	0.875
668	0.875
669	0.875
670	0.875
671	0.875
672	0.875
673	0.875
674	0.875
675	0.875
676	0.875
677	0.875
678	0.875
679	0.875
680	0.875
681	0.875
682	0.875
683	0.875
684	0.875
685	0.875
686	0.875
687	0.875
688	0.875
689	0.875
690	0.875
691	0.875
692	0.875
693	0.875
694	0.875
695	0.875
696	0.875
697	0.875
698	0.875
699	0.875
700	0.875
701	0.875
702	0.875
703	0.875
704	0.875
705	0.875
706	0.875
707	0.875
708	0.875
709	0.875
710	0.875
711	0.875
712	0.875
713	0.875
714	0.875
715	0.875
716	0.875
717	0.875
718	0.875
719	0.875
720	0.875
721	0.875
722	0.875
723	0.875
724	0.875
725	0.875
726	0.875
727	0.875
728	0.875
729	0.875
730	0.875
731	0.875
732	0.875
733	0.875
734	0.875
735	0.875
736	0.875
737	0.875
738	0.875
739	0.875
740	0.875
741	0.875
742	0.875
743	0.875
744	0.875
745	0.875
746	0.875
747	0.875
748	0.875
749	0.875
750	0.875
751	0.875
752	0.875
753	0.875
754	0.875
755	0.875
756	0.875
757	0.875
758	0.875
759	0.875
760	0.875
761	0.875
762	0.875
763	0.875
764	0.875
765	0.875
766	0.875
767	0.875
768	0.875
769	0.875
770	0.875
771	0.875
772	0.875
773	0.875
774	0.875
775	0.875
776	0.875
777	0.875
778	0.875
779	0.875
780	0.875
781	0.875
782	0.875
783	0.875
784	0.875
785	0.875
786	0.875
787	0.875
788	0.875
789	0.875
790	0.875
791	0.875
792	0.875
793	0.875
794	0.875
795	0.875
796	0.875
797	0.875
798	0.875
799	0.875
800	0.875
801	0.875
802	0.875
803	0.875
804	0.875
805	0.875
806	0.875
807	0.875
808	0.875
809	0.875
810	0.875
811	0.875
812	0.875
813	0.875
814	0.875
815	0.875
816	0.875
817	0.875
818	0.875
819	0.875
820	0.875
821	0.875
822	0.875
823	0.875
824	0.875
825	0.875
826	0.875
827	0.875
828	0.875
829	0.875
830	0.875
831	0.875
832	0.875
833	0.875
834	0.875
835	0.875
836	0.875
837	0.875
838	0.875
839	0.875
840	0.875
841	0.875
842	0.875
843	0.875
844	0.875
845	0.875
846	0.875
847	0.875
848	0.875
849	0.875
850	0.875
851	0.875
852	0.875
853	0.875
854	0.875
855	0.875
856	0.875
857	0.875
858	0.875
859	0.875
860	0.875
861	0.875
862	0.875
863	0.875
864	0.875
865	0.875
866	0.875
867	0.875
868	0.875
869	0.875
870	0.875
871	0.875
872	0.875
873	0.875
874	0.875
875	0.875
876	0.875
877	0.875
878	0.875
879	0.875
880	0.875
881	0.875
882	0.875
883	0.875
884	0.875
885	0.875
886	0.875
887	0.875
888	0.875
889	0.875
890	0.875
891	0.875
892	0.875
893	0.875
894	0.875
895	0.875
896	0.875
897	0.875
898	0.875
899	0.875
900	0.875
901	0.875
902	0.875
903	0.875
904	0.875
905	0.875
906	0.875
907	0.875
908	0.875
909	0.875
910	0.875
911	0.875
912	0.875
913	0.875
914	0.875
915	0.875
916	0.875
917	0.875
918	0.875
919	0.875
920	0.875
921	0.875
922	0.875
923	0.875
924	0.875
925	0.875
926	0.875
927	0.875
928	0.875
929	0.875
930	0.875
931	0.875
932	0.875
933	0.875
934	0.875
935	0.875
936	0.875
937	0.875
938	0.875
939	0.875
940	0.875
941	0.875
942	0.875
943	0.875
944	0.875
945	0.875
946	0.875
947	0.875
948	0.875
949	0.875
950	0.875
951	0.875
952	0.875
953	0.875
954	0.875
955	0.875
956	0.875
957	0.875
958	0.875
959	0.875
960	0.875
961	0.875
962	0.875
963	0.875
964	0.875
965	0.875
966	0.875
967	0.875
968	0.875
969	0.875
970	0.875
971	0.875
972	0.875
973	0.875
974	0.875
975	0.875
976	0.875
977	0.875
978	0.875
979	0.875
980	0.875
981	0.875
982	0.875
983	0.875
984	0.875
985	0.875
986	0.875
987	0.875
988	0.875
989	0.875
990	0.875
991	0.875
992	0.875
993	0.875
994	0.875
995	0.875
996	0.875
997	0.875
998	0.875
999	0.875
1000	0.875
1001	0.875
1002	0.875
1003	0.875
1004	0.875
1005	0.875
1006	0.875
1007	0.875
1008	0.875
1009	0.875
1010	0.875
1011	0.875
1012	0.875
1013	0.875
1014	0.875
1015	0.875
1016	0.875
1017	0.875
1018	0.875
1019	0.875
1020	0.875
1021	0.875
1022	0.875
1023	0.875
1024	0.875
1025	0.875
1026	0.875
1027	0.875
1028	0.875
1029	0.875
1030	0.875
1031	0.875
1032	0.875
1033	0.875
1034	0.875
1035	0.875
1036	0.875
1037	0.875
1038	0.875
1039	0.875
1040	0.875
1041	0.875
1042	0.875
1043	0.875
1044	0.875
1045	0.875
1046	0.875
1047	0.875
1048	0.875
1049	0.875
1050	0.875
1051	0.875
1052	0.875
1053	0.875
1054	0.875
1055	0.875
1056	0.875
1057	0.875
1058	0.875
1059	0.875
1060	0.875
1061	0.875
1062	0.875
1063	0.875
1064	0.875
1065	0.875
1066	0.875
1067	0.875
1068	0.875
1069	0.875
1070	0.875
1071	0.875
1072	0.875
1073	0.875
1074	0.875
1075	0.875
1076	0.875
1077	0.875
1078	0.875
1079	0.875
1080	0.875
1081	0.875
1082	0.875
1083	0.875
1084	0.875
1085	0.875
1086	0.875
1087	0.875
1088	0.875
1089	0.875
1090	0.875
1091	0.875
1092	0.875
1093	0.875
1094	0.875
1095	0.875
1096	0.875
1097	0.875
1098	0.875
1099	0.875
1100	0.875
1101	0.875
1102	0.875
1103	0.875
1104	0.875
1105	0.875
1106	0.875
1107	0.875
1108	0.875
1109	0.875
1110	0.875
1111	0.875
1112	0.875
1113	0.875
1114	0.875
1115	0.875
1116	0.9375
1117	0.9375
1118	0.9375
1119	0.9375
1120	0.9375
1121	0.9375
1122	0.9375
1123	0.9375
1124	0.9375
1125	0.9375
1126	0.9375
1127	0.9375
1128	0.9375
1129	0.9375
1130	0.9375
1131	0.9375
1132	0.9375
1133	0.9375
1134	0.9375
1135	0.9375
1136	0.9375
1137	0.9375
1138	0.9375
1139	0.9375
1140	0.9375
1141	0.9375
1142	0.9375
1143	0.9375
1144	0.9375
1145	0.9375
1146	0.9375
1147	0.9375
1148	0.9375
1149	0.9375
1150	0.9375
1151	0.9375
1152	0.9375
1153	0.9375
1154	0.9375
1155	0.9375
1156	0.9375
1157	0.9375
1158	0.9375
1159	0.9375
1160	0.9375
1161	0.9375
1162	0.9375
1163	0.9375
1164	0.9375
1165	0.9375
1166	0.9375
1167	0.9375
1168	0.9375
1169	0.9375
1170	0.9375
1171	0.9375
1172	0.9375
1173	0.9375
1174	0.9375
1175	0.9375
1176	0.9375
1177	0.9375
1178	0.9375
1179	0.9375
1180	0.9375
1181	0.9375
1182	0.9375
1183	0.9375
1184	0.9375
1185	0.9375
1186	0.9375
1187	0.9375
1188	0.9375
1189	0.9375
1190	0.9375
1191	0.9375
1192	0.9375
1193	0.9375
1194	0.9375
1195	0.9375
1196	0.9375
1197	0.9375
1198	0.9375
1199	0.9375
1200	0.9375
1201	0.9375
1202	0.9375
1203	0.9375
1204	0.9375
1205	0.9375
1206	0.9375
1207	0.9375
1208	0.9375
1209	0.9375
1210	0.9375
1211	0.9375
1212	0.9375
1213	0.9375
1214	0.9375
1215	0.9375
1216	0.9375
1217	0.9375
1218	0.9375
1219	0.9375
1220	0.9375
1221	0.9375
1222	0.9375
1223	0.9375
1224	0.9375
1225	0.9375
1226	0.9375
1227	0.9375
1228	0.9375
1229	0.9375
1230	0.9375
1231	0.9375
1232	0.9375
1233	0.9375
1234	0.9375
1235	0.9375
1236	0.9375
1237	0.9375
1238	0.9375
1239	0.9375
1240	0.9375
1241	0.9375
1242	0.9375
1243	0.9375
1244	0.9375
1245	0.9375
1246	0.9375
1247	0.9375
1248	0.9375
1249	0.9375
1250	0.9375
1251	0.9375
1252	0.9375
1253	0.9375
1254	0.9375
1255	0.9375
1256	0.9375
1257	0.9375
1258	0.9375
1259	0.9375
1260	0.9375
1261	0.9375
1262	0.9375
1263	0.9375
1264	0.9375
1265	0.9375
1266	0.9375
1267	0.9375
1268	0.9375
1269	0.9375
1270	0.9375
1271	0.9375
1272	0.9375
1273	0.9375
1274	0.9375
1275	0.9375
1276	0.9375
1277	0.9375
1278	0.9375
1279	0.9375
1280	0.9375
1281	0.9375
1282	0.9375
1283	0.9375
1284	0.9375
1285	0.9375
1286	0.9375
1287	0.9375
1288	0.9375
1289	0.9375
1290	0.9375
1291	0.9375
1292	0.9375
1293	0.9375
1294	0.9375
1295	0.9375
1296	0.9375
1297	0.9375
1298	0.9375
1299	0.9375
1300	0.9375
1301	0.9375
1302	0.9375
1303	0.9375
1304	0.9375
1305	0.9375
1306	0.9375
1307	0.9375
1308	0.9375
1309	0.9375
1310	0.9375
1311	0.9375
1312	0.9375
1313	0.9375
1314	0.9375
1315	0.9375
1316	0.9375
1317	0.9375
1318	0.9375
1319	0.9375
1320	0.9375
1321	0.9375
1322	0.9375
1323	0.9375
1324	0.9375
1325	0.9375
1326	0.9375
1327	0.9375
1328	0.9375
1329	0.9375
1330	0.9375
1331	0.9375
1332	0.9375
1333	0.9375
1334	0.9375
1335	0.9375
1336	0.9375
1337	0.9375
1338	0.9375
1339	0.9375
1340	0.9375
1341	0.9375
1342	0.9375
1343	0.9375
1344	0.9375
1345	0.9375
1346	0.9375
1347	0.9375
1348	0.9375
1349	0.9375
1350	0.9375
1351	0.9375
1352	0.9375
1353	0.9375
1354	0.9375
1355	0.9375
1356	0.9375
1357	0.9375
1358	0.9375
1359	0.9375
1360	0.9375
1361	0.9375
1362	0.9375
1363	0.9375
1364	0.9375
1365	0.9375
1366	0.9375
1367	0.9375
1368	0.9375
1369	0.9375
1370	0.9375
1371	0.9375
1372	0.9375
1373	0.9375
1374	0.9375
1375	0.9375
1376	0.9375
1377	0.9375
1378	0.9375
1379	0.9375
1380	0.9375
1381	0.9375
1382	0.9375
1383	0.9375
1384	0.9375
1385	0.9375
1386	0.9375
1387	0.9375
1388	0.9375
1389	0.9375
1390	0.9375
1391	0.9375
1392	0.9375
1393	0.9375
1394	0.9375
1395	0.9375
1396	0.9375
1397	0.9375
1398	0.9375
1399	0.9375
1400	0.9375
1401	0.9375
1402	0.9375
1403	0.9375
1404	0.9375
1405	0.9375
1406	0.9375
1407	0.9375
1408	0.9375
1409	0.9375
1410	0.9375
1411	0.9375
1412	0.9375
1413	0.9375
1414	0.9375
1415	0.9375
1416	0.9375
1417	0.9375
1418	0.9375
1419	0.9375
1420	0.9375
1421	0.9375
1422	0.9375
1423	0.9375
1424	0.9375
1425	0.9375
1426	0.9375
1427	0.9375
1428	0.9375
1429	0.9375
1430	0.9375
1431	0.9375
1432	0.9375
1433	0.9375
1434	0.9375
1435	0.9375
1436	0.9375
1437	0.9375
1438	0.9375
1439	0.9375
1440	0.9375
1441	0.9375
1442	0.9375
1443	0.9375
1444	0.9375
1445	0.9375
1446	0.9375
1447	0.9375
1448	0.9375
1449	0.9375
1450	0.9375
1451	0.9375
1452	0.9375
1453	0.9375
1454	0.9375
1455	0.9375
1456	0.9375
1457	0.9375
1458	0.9375
1459	0.9375
1460	0.9375
1461	0.9375
1462	0.9375
1463	0.9375
1464	0.9375
1465	0.9375
1466	0.9375
1467	0.9375
1468	0.9375
1469	0.9375
1470	0.9375
1471	0.9375
1472	0.9375
1473	0.9375
1474	0.9375
1475	0.9375
1476	0.9375
1477	0.9375
1478	0.9375
1479	0.9375
1480	0.9375
1481	0.9375
1482	0.9375
1483	0.9375
1484	0.9375
1485	0.9375
1486	0.9375
1487	0.9375
1488	0.9375
1489	0.9375
1490	0.9375
1491	0.9375
1492	0.9375
1493	0.9375
1494	0.9375
1495	0.9375
1496	0.9375
1497	0.9375
1498	0.9375
1499	0.9375
1500	0.9375
1501	0.9375
1502	0.9375
1503	0.9375
1504	0.9375
1505	0.9375
1506	0.9375
1507	0.9375
1508	0.9375
1509	0.9375
1510	0.9375
1511	0.9375
1512	0.9375
1513	0.9375
1514	0.9375
1515	0.9375
1516	0.9375
1517	0.9375
1518	0.9375
1519	0.9375
1520	0.9375
1521	0.9375
1522	0.9375
1523	0.9375
1524	0.9375
1525	0.9375
1526	0.9375
1527	0.9375
1528	0.9375
1529	0.9375
1530	0.9375
1531	0.9375
1532	0.9375
1533	0.9375
1534	0.9375
1535	0.9375
1536	0.9375
1537	0.9375
1538	0.9375
1539	0.9375
1540	0.9375
1541	0.9375
1542	0.9375
1543	0.9375
1544	0.9375
1545	0.9375
1546	0.9375
1547	0.9375
1548	0.9375
1549	0.9375
1550	0.9375
1551	0.9375
1552	0.9375
1553	0.9375
1554	0.9375
1555	0.9375
1556	0.9375
1557	0.9375
1558	0.9375
1559	0.9375
1560	0.9375
1561	0.9375
1562	0.9375
1563	0.9375
1564	0.9375
1565	0.9375
1566	0.9375
1567	0.9375
1568	0.9375
1569	0.9375
1570	0.9375
1571	0.9375
1572	0.9375
1573	0.9375
1574	0.9375
1575	0.9375
1576	0.9375
1577	0.9375
1578	0.9375
1579	0.9375
1580	0.9375
1581	0.9375
1582	0.9375
1583	0.9375
1584	0.9375
1585	0.9375
1586	0.9375
1587	0.9375
1588	0.9375
1589	0.9375
1590	0.9375
1591	0.9375
1592	0.9375
1593	0.9375
1594	0.9375
1595	0.9375
1596	0.9375
1597	0.9375
1598	0.9375
1599	0.9375
1600	0.9375
1601	0.9375
1602	0.9375
1603	0.9375
1604	0.9375
1605	0.9375
1606	0.9375
1607	0.9375
1608	0.9375
1609	0.9375
1610	0.9375
1611	0.9375
1612	0.9375
1613	0.9375
1614	0.9375
1615	0.9375
1616	0.9375
1617	0.9375
1618	0.9375
1619	0.9375
1620	0.9375
1621	0.9375
1622	0.9375
1623	0.9375
1624	0.9375
1625	0.9375
1626	0.9375
1627	0.9375
1628	0.9375
1629	0.9375
1630	0.9375
1631	0.9375
1632	0.9375
1633	0.9375
1634	0.9375
1635	0.9375
1636	0.9375
1637	0.9375
1638	0.9375
1639	0.9375
1640	0.9375
1641	0.9375
1642	0.9375
1643	0.9375
1644	0.9375
1645	0.9375
1646	0.9375
1647	0.9375
1648	0.9375
1649	0.9375
1650	0.9375
1651	0.9375
1652	0.9375
1653	0.9375
1654	0.9375
1655	0.9375
1656	0.9375
1657	0.9375
1658	0.9375
1659	0.9375
1660	0.9375
1661	0.9375
1662	0.9375
1663	0.9375
1664	0.9375
1665	0.9375
1666	0.9375
1667	0.9375
1668	0.9375
1669	0.9375
1670	0.9375
1671	0.9375
1672	0.9375
1673	0.9375
1674	0.9375
1675	0.9375
1676	0.9375
1677	0.9375
1678	0.9375
1679	0.9375
1680	0.9375
1681	0.9375
1682	0.9375
1683	0.9375
1684	0.9375
1685	0.9375
1686	0.9375
1687	0.9375
1688	0.9375
1689	0.9375
1690	0.9375
1691	0.9375
1692	0.9375
1693	0.9375
1694	0.9375
1695	0.9375
1696	0.9375
1697	0.9375
1698	0.9375
1699	0.9375
1700	0.9375
1701	0.9375
1702	0.9375
1703	0.9375
1704	0.9375
1705	0.9375
1706	0.9375
1707	0.9375
1708	0.9375
1709	0.9375
1710	0.9375
1711	0.9375
1712	0.9375
1713	0.9375
1714	0.9375
1715	0.9375
1716	0.9375
1717	0.9375
1718	0.9375
1719	0.9375
1720	0.9375
1721	0.9375
1722	0.9375
1723	0.9375
1724	0.9375
1725	0.9375
1726	0.9375
1727	0.9375
1728	0.9375
1729	0.9375
1730	0.9375
1731	0.9375
1732	0.9375
1733	0.9375
1734	0.9375
1735	0.9375
1736	0.9375
1737	0.9375
1738	0.9375
1739	0.9375
1740	0.9375
1741	0.9375
1742	0.9375
1743	0.9375
1744	0.9375
1745	0.9375
1746	0.9375
1747	0.9375
1748	0.9375
1749	0.9375
1750	0.9375
1751	0.9375
1752	0.9375
1753	0.9375
1754	0.9375
1755	0.9375
1756	0.9375
1757	0.9375
1758	0.9375
1759	0.9375
1760	0.9375
1761	0.9375
1762	0.9375
1763	0.9375
1764	0.9375
1765	0.9375
1766	0.9375
1767	0.9375
1768	0.9375
1769	0.9375
1770	0.9375
1771	0.9375
1772	0.9375
1773	0.9375
1774	0.9375
1775	0.9375
1776	0.9375
1777	0.9375
1778	0.9375
1779	0.9375
1780	0.9375
1781	0.9375
1782	0.9375
1783	0.9375
1784	1
## No. organisms: 20
## Seeds        : 1502475040, 16193
## Runtime      : 0h 0m 21s.
## Started at   : Sun Aug 30 11:31:26 2020
## Ended at     : Sun Aug 30 11:31:47 2020
