1	0.5
2	0.5
3	0.5
4	0.5
5	0.5
6	0.5625
7	0.5625
8	0.5625
9	0.625
10	0.6875
11	0.6875
12	0.75
13	0.75
14	0.75
15	0.75
16	0.75
17	0.75
18	0.75
19	0.75
20	0.75
21	0.75
22	0.75
23	0.8125
24	0.8125
25	0.8125
26	0.8125
27	0.8125
28	0.8125
29	0.8125
30	0.8125
31	0.8125
32	0.8125
33	0.8125
34	0.8125
35	0.8125
36	0.8125
37	0.8125
38	0.8125
39	0.8125
40	0.8125
41	0.8125
42	0.8125
43	0.8125
44	0.8125
45	0.8125
46	0.8125
47	0.8125
48	0.8125
49	0.8125
50	0.8125
51	0.8125
52	0.8125
53	0.8125
54	0.8125
55	0.8125
56	0.8125
57	0.8125
58	0.8125
59	0.8125
60	0.8125
61	0.8125
62	0.8125
63	0.8125
64	0.8125
65	0.8125
66	0.8125
67	0.8125
68	0.8125
69	0.8125
70	0.8125
71	0.8125
72	0.8125
73	0.8125
74	0.8125
75	0.8125
76	0.875
77	0.875
78	0.875
79	1
## No. organisms: 20
## Seeds        : 1502475040, 16193
## Runtime      : 0h 0m 0s.
## Started at   : Sun Aug 30 11:31:16 2020
## Ended at     : Sun Aug 30 11:31:16 2020
