1	0.5	0.5	1	60	1
2	0.5	0.5	1	60	5
3	0.5	0.5	1	60	1
4	0.5	0.5	1	60	2
5	0.5	0.5	1	60	2
6	0.5	0.5	1	60	5
7	0.5	0.5	1	60	1
8	0.5	0.5	1	60	3
9	0.5	0.5	1	60	2
10	0.5	0.5	1	60	1
11	0.5	0.5	1	60	1
12	0.5	0.5	1	60	4
13	0.5	0.5	1	60	2
14	0.5	0.5	1	60	2
15	0.5	0.5	1	60	4
16	0.5	0.5	1	60	2
17	0.5	0.5	1	60	3
18	0.5	0.5	1	60	1
19	0.5	0.5	1	60	1
20	0.5	0.5	1	60	4
21	0.5	0.5	1	60	3
22	0.5	0.5	1	60	2
23	0.5	0.5	1	60	3
24	0.5	0.5	1	60	3
25	0.5	0.5	1	60	1
26	0.5	0.5	1	60	3
27	0.5	0.5	1	60	1
28	0.5	0.5	1	60	2
29	0.5	0.5	1	60	4
30	0.5	0.5	1	60	4
31	0.5	0.5	1	60	3
32	0.5	0.5	1	60	4
33	0.5	0.5	1	60	3
34	0.5	0.5	1	60	1
35	0.5	0.5	1	60	1
36	0.5	0.5	1	60	1
37	0.5	0.5	1	60	1
38	0.5	0.5	1	60	3
39	0.5	0.5	1	60	3
40	0.5	0.5	1	60	6
41	0.5	0.5	1	60	3
42	0.5	0.5	1	60	1
43	0.5	0.5	1	60	1
44	0.5	0.5	1	60	1
45	0.5	0.5	1	60	2
46	0.5	0.5	1	60	2
47	0.5	0.5	1	60	1
48	0.5	0.5	1	60	2
49	0.5	0.5	1	60	1
50	0.5	0.5	1	60	1
51	0.5	0.5	1	60	2
52	0.5	0.5	1	60	3
53	0.5	0.5	1	60	1
54	0.5	0.5	1	60	2
55	0.5	0.5	1	60	3
56	0.5	0.5	1	60	1
57	0.5	0.5	1	60	4
58	0.5	0.5	1	60	3
59	0.5	0.5	1	60	1
60	0.5	0.5	1	60	3
61	0.5	0.5	1	60	1
62	0.5	0.5	1	60	1
63	0.5	0.5	1	60	1
64	0.5	0.5	1	60	3
65	0.5	0.5	1	60	1
66	0.5	0.5	1	60	1
67	0.5	0.5	1	60	2
68	0.5	0.5	1	60	1
69	0.5	0.5	1	60	1
70	0.5	0.5	1	60	1
71	0.5	0.5	1	60	2
72	0.5	0.5	1	60	1
73	0.5	0.5	1	60	4
74	0.4375	0.5	1	60	3
75	0.5	0.5	1	60	1
76	0.5	0.5	1	60	1
77	0.5	0.5	1	60	4
78	0.5	0.5	1	60	1
79	0.5	0.5	1	60	2
80	0.5	0.5	1	60	2
81	0.5	0.5	1	60	1
82	0.5	0.5	1	60	5
83	0.5	0.5	1	60	1
84	0.5	0.5	1	60	3
85	0.5	0.5	1	60	4
86	0.5	0.5	1	60	1
87	0.5	0.5	1	60	1
88	0.5	0.5	1	60	1
89	0.4375	0.5	1	60	3
90	0.5	0.5	1	60	3
91	0.5	0.5	1	60	5
92	0.5	0.5	1	60	1
93	0.5	0.5	1	60	1
94	0.5	0.5	1	60	2
95	0.5	0.5	1	60	4
96	0.5	0.5	1	60	1
97	0.5	0.5	1	60	4
98	0.5	0.5	1	60	1
99	0.5	0.5	1	60	1
100	0.5	0.5	1	60	3
101	0.5	0.5	1	60	5
102	0.5	0.5	1	60	1
103	0.5	0.5	1	60	2
104	0.5	0.5	1	60	2
105	0.5	0.5	1	60	1
106	0.5	0.5	1	60	3
107	0.4375	0.5	1	60	1
108	0.5	0.5	1	60	1
109	0.5	0.5	1	60	2
110	0.5	0.5	1	60	1
111	0.5	0.5	1	60	1
112	0.5	0.5	1	60	1
113	0.5	0.5	1	60	1
114	0.5	0.5	1	60	1
115	0.5	0.5	1	60	4
116	0.5	0.5	1	60	2
117	0.5	0.5	1	60	1
118	0.5	0.5	1	60	4
119	0.5	0.5	1	60	3
120	0.5	0.5	1	60	2
121	0.5	0.5	1	60	3
122	0.5	0.5	1	60	3
123	0.5	0.5	1	60	2
124	0.5	0.5	1	60	1
125	0.5	0.5	1	60	2
126	0.5	0.5	1	60	1
127	0.5	0.5	1	60	2
128	0.5	0.5	1	60	1
129	0.5	0.5	1	60	3
130	0.5	0.5	1	60	4
131	0.5	0.5	1	60	1
132	0.5	0.5	1	60	2
133	0.5	0.5	1	60	1
134	0.5	0.5	1	60	2
135	0.5	0.5	1	60	2
136	0.5	0.5	1	60	3
137	0.5	0.5	1	60	2
138	0.5	0.5	1	60	4
139	0.5	0.5	1	60	1
140	0.4375	0.5	1	60	3
141	0.5	0.5	1	60	1
142	0.5	0.5	1	60	1
143	0.5	0.5	1	60	4
144	0.5	0.5	1	60	2
145	0.5	0.5	1	60	1
146	0.5	0.5	1	60	1
147	0.4375	0.5	1	60	6
148	0.5	0.5	1	60	4
149	0.5	0.5	1	60	3
150	0.5	0.5	1	60	2
151	0.5	0.5	1	60	1
152	0.5	0.5	1	60	2
153	0.5	0.5	1	60	5
154	0.5	0.5	1	60	2
155	0.5	0.5	1	60	3
156	0.5	0.5	1	60	2
157	0.5	0.5	1	60	2
158	0.5	0.5	1	60	2
159	0.5	0.5	1	60	1
160	0.5	0.5	1	60	2
161	0.5	0.5	1	60	1
162	0.5	0.5	1	60	4
163	0.5	0.5	1	60	1
164	0.5	0.5	1	60	2
165	0.5	0.5	1	60	1
166	0.5	0.5	1	60	1
167	0.5	0.5	1	60	5
168	0.5	0.5	1	60	1
169	0.5	0.5	1	60	1
170	0.5	0.5	1	60	2
171	0.5	0.5	1	60	1
172	0.5	0.5	1	60	2
173	0.5	0.5	1	60	1
174	0.5	0.5	1	60	2
175	0.5	0.5	1	60	3
176	0.5	0.5	1	60	1
177	0.5	0.5	1	60	2
178	0.5	0.5	1	60	1
179	0.5	0.5	1	60	4
180	0.5	0.5	1	60	1
181	0.5	0.5	1	60	1
182	0.5	0.5	1	60	1
183	0.5	0.5	1	60	1
184	0.5	0.5	1	60	4
185	0.5	0.5	1	60	2
186	0.5	0.5	1	60	1
187	0.5	0.5	1	60	3
188	0.5	0.5	1	60	2
189	0.5	0.5	1	60	4
190	0.5	0.5	1	60	2
191	0.5	0.5	1	60	2
192	0.5	0.5	1	60	2
193	0.5	0.5	1	60	1
194	0.5	0.5	1	60	1
195	0.5	0.5	1	60	1
196	0.5	0.5	1	60	1
197	0.5	0.5	1	60	2
198	0.5	0.5	1	60	4
199	0.5	0.5	1	60	4
200	0.5	0.5	1	60	1
201	0.5	0.5	1	60	2
202	0.5	0.5	1	60	2
203	0.5	0.5	1	60	3
204	0.5	0.5	1	60	3
205	0.5	0.5	1	60	3
206	0.5	0.5	1	60	2
207	0.5	0.5	1	60	3
208	0.5	0.5	1	60	3
209	0.5	0.5	1	60	3
210	0.5	0.5	1	60	1
211	0.5	0.5	1	60	2
212	0.5	0.5	1	60	3
213	0.5	0.5	1	60	2
214	0.5	0.5	1	60	1
215	0.5	0.5	1	60	1
216	0.5	0.5	1	60	4
217	0.5	0.5	1	60	2
218	0.5	0.5	1	60	3
219	0.5	0.5	1	60	1
220	0.5	0.5	1	60	2
221	0.5	0.5	1	60	2
222	0.5	0.5	1	60	2
223	0.5	0.5	1	60	1
224	0.5	0.5	1	60	2
225	0.5	0.5	1	60	1
226	0.5	0.5	1	60	2
227	0.5	0.5	1	60	2
228	0.5	0.5	1	60	6
229	0.5	0.5	1	60	1
230	0.5	0.5	1	60	4
231	0.5	0.5	1	60	1
232	0.5	0.5	1	60	1
233	0.5	0.5	1	60	2
234	0.5	0.5	1	60	5
235	0.5	0.5	1	60	1
236	0.5	0.5	1	60	1
237	0.5	0.5	1	60	2
238	0.5	0.5	1	60	1
239	0.5	0.5	1	60	2
240	0.5	0.5	1	60	1
241	0.5	0.5	1	60	3
242	0.5	0.5	1	60	1
243	0.5	0.5	1	60	3
244	0.5	0.5	1	60	3
245	0.4375	0.5	1	60	1
246	0.5	0.5	1	60	2
247	0.5	0.5	1	60	1
248	0.5	0.5	1	60	2
249	0.5	0.5	1	60	3
250	0.5	0.5	1	60	6
251	0.5	0.5	1	60	2
252	0.5	0.5	1	60	1
253	0.5	0.5	1	60	4
254	0.5	0.5	1	60	4
255	0.5	0.5	1	60	2
256	0.5	0.5	1	60	3
257	0.5	0.5	1	60	2
258	0.5	0.5	1	60	2
259	0.5	0.5	1	60	1
260	0.5	0.5	1	60	4
261	0.5	0.5	1	60	1
262	0.5	0.5	1	60	3
263	0.5	0.5	1	60	1
264	0.5	0.5	1	60	1
265	0.5	0.5	1	60	2
266	0.5	0.5	1	60	1
267	0.5	0.5	1	60	3
268	0.5	0.5	1	60	2
269	0.5	0.5	1	60	1
270	0.5	0.5	1	60	6
271	0.5	0.5	1	60	2
272	0.5	0.5	1	60	3
273	0.5	0.5	1	60	3
274	0.5	0.5	1	60	2
275	0.5	0.5	1	60	3
276	0.5	0.5	1	60	3
277	0.5	0.5	1	60	1
278	0.5	0.5	1	60	3
279	0.5	0.5	1	60	4
280	0.5	0.5	1	60	2
281	0.5	0.5	1	60	2
282	0.5	0.5	1	60	3
283	0.5	0.5	1	60	3
284	0.5	0.5	1	60	1
285	0.5	0.5	1	60	1
286	0.5	0.5	1	60	1
287	0.5	0.5	1	60	1
288	0.5	0.5	1	60	3
289	0.5	0.5	1	60	4
290	0.5	0.5	1	60	2
291	0.5	0.5	1	60	1
292	0.5	0.5	1	60	2
293	0.5	0.5	1	60	1
294	0.5	0.5	1	60	2
295	0.5	0.5	1	60	2
296	0.5	0.5	1	60	2
297	0.5	0.5	1	60	2
298	0.5	0.5	1	60	3
299	0.5	0.5	1	60	3
300	0.5	0.5	1	60	1
301	0.5	0.5	1	60	2
302	0.5	0.5	1	60	4
303	0.5	0.5	1	60	1
304	0.5	0.5	1	60	5
305	0.5	0.5	1	60	2
306	0.5	0.5	1	60	2
307	0.5	0.5	1	60	4
308	0.375	0.5	1	60	2
309	0.5	0.5	1	60	2
310	0.5	0.5	1	60	2
311	0.5	0.5	1	60	1
312	0.5	0.5	1	60	1
313	0.5	0.5	1	60	2
314	0.5	0.5	1	60	1
315	0.5	0.5	1	60	2
316	0.5	0.5	1	60	3
317	0.375	0.5	1	60	2
318	0.5	0.5	1	60	1
319	0.5	0.5	1	60	1
320	0.5	0.5	1	60	2
321	0.5	0.5	1	60	2
322	0.5	0.5	1	60	2
323	0.5	0.5	1	60	2
324	0.5	0.5	1	60	2
325	0.5	0.5	1	60	3
326	0.5	0.5	1	60	1
327	0.5	0.5	1	60	3
328	0.5	0.5	1	60	1
329	0.5	0.5	1	60	3
330	0.5	0.5	1	60	2
331	0.5	0.5	1	60	1
332	0.5	0.5	1	60	3
333	0.5	0.5	1	60	3
334	0.5	0.5	1	60	2
335	0.5	0.5	1	60	1
336	0.5	0.5	1	60	2
337	0.5	0.5	1	60	2
338	0.5	0.5	1	60	2
339	0.5	0.5	1	60	1
340	0.5	0.5	1	60	2
341	0.5	0.5	1	60	3
342	0.5	0.5	1	60	3
343	0.5	0.5	1	60	3
344	0.5	0.5	1	60	2
345	0.5	0.5	1	60	1
346	0.5	0.5	1	60	2
347	0.5	0.5	1	60	2
348	0.5	0.5	1	60	1
349	0.5	0.5	1	60	3
350	0.5	0.5	1	60	1
351	0.5	0.5	1	60	1
352	0.5	0.5	1	60	3
353	0.5	0.5	1	60	2
354	0.625	0.625	1	60	3
355	0.5	0.625	1	60	4
356	0.625	0.625	1	60	2
357	0.625	0.625	1	60	3
358	0.625	0.625	1	60	6
359	0.625	0.625	1	60	1
360	0.625	0.625	1	60	1
361	0.625	0.625	1	60	1
362	0.625	0.625	1	60	3
363	0.625	0.625	1	60	3
364	0.625	0.625	1	60	1
365	0.625	0.625	1	60	1
366	0.625	0.625	1	60	1
367	0.625	0.625	1	60	1
368	0.625	0.625	1	60	2
369	0.625	0.625	1	60	2
370	0.625	0.625	1	60	2
371	0.625	0.625	1	60	7
372	0.625	0.625	1	60	2
373	0.625	0.625	1	60	2
374	0.625	0.625	1	60	2
375	0.625	0.625	1	60	1
376	0.4375	0.625	1	60	1
377	0.625	0.625	1	60	1
378	0.625	0.625	1	60	3
379	0.5625	0.625	1	60	4
380	0.5	0.625	1	60	2
381	0.625	0.625	1	60	2
382	0.625	0.625	1	60	2
383	0.625	0.625	1	60	5
384	0.625	0.625	1	60	2
385	0.625	0.625	1	60	4
386	0.625	0.625	1	60	2
387	0.625	0.625	1	60	2
388	0.625	0.625	1	60	3
389	0.625	0.625	1	60	3
390	0.625	0.625	1	60	2
391	0.625	0.625	1	60	1
392	0.625	0.625	1	60	1
393	0.625	0.625	1	60	3
394	0.625	0.625	1	60	1
395	0.625	0.625	1	60	1
396	0.625	0.625	1	60	4
397	0.625	0.625	1	60	2
398	0.5	0.625	1	60	8
399	0.5	0.625	1	60	2
400	0.625	0.625	1	60	1
401	0.5	0.625	1	60	4
402	0.625	0.625	1	60	3
403	0.625	0.625	1	60	1
404	0.625	0.625	1	60	1
405	0.5	0.625	1	60	6
406	0.625	0.625	1	60	3
407	0.625	0.625	1	60	2
408	0.5	0.625	1	60	3
409	0.625	0.625	1	60	3
410	0.5	0.625	1	60	6
411	0.625	0.625	1	60	2
412	0.625	0.625	1	60	2
413	0.625	0.625	1	60	1
414	0.625	0.625	1	60	3
415	0.625	0.625	1	60	1
416	0.625	0.625	1	60	1
417	0.625	0.625	1	60	3
418	0.625	0.625	1	60	2
419	0.5	0.625	1	60	2
420	0.625	0.625	1	60	1
421	0.625	0.625	1	60	3
422	0.5625	0.625	1	60	2
423	0.625	0.625	1	60	1
424	0.625	0.625	1	60	3
425	0.625	0.625	1	60	1
426	0.5	0.625	1	60	1
427	0.625	0.625	1	60	2
428	0.625	0.625	1	60	1
429	0.625	0.625	1	60	3
430	0.625	0.625	1	60	2
431	0.625	0.625	1	60	4
432	0.625	0.625	1	60	1
433	0.625	0.625	1	60	2
434	0.625	0.625	1	60	1
435	0.625	0.625	1	60	2
436	0.625	0.625	1	60	1
437	0.5625	0.625	1	60	2
438	0.625	0.625	1	60	1
439	0.5	0.625	1	60	4
440	0.625	0.625	1	60	2
441	0.625	0.625	1	60	1
442	0.625	0.625	1	60	2
443	0.625	0.625	1	60	2
444	0.625	0.625	1	60	3
445	0.625	0.625	1	60	1
446	0.625	0.625	1	60	3
447	0.625	0.625	1	60	2
448	0.5625	0.625	1	60	2
449	0.625	0.625	1	60	2
450	0.625	0.625	1	60	2
451	0.625	0.625	1	60	1
452	0.625	0.625	1	60	1
453	0.625	0.625	1	60	5
454	0.625	0.625	1	60	3
455	0.625	0.625	1	60	1
456	0.625	0.625	1	60	1
457	0.625	0.625	1	60	1
458	0.625	0.625	1	60	3
459	0.625	0.625	1	60	4
460	0.5	0.625	1	60	1
461	0.5	0.625	1	60	4
462	0.625	0.625	1	60	3
463	0.5625	0.625	1	60	4
464	0.5	0.625	1	60	2
465	0.625	0.625	1	60	1
466	0.625	0.625	1	60	3
467	0.625	0.625	1	60	3
468	0.625	0.625	1	60	1
469	0.625	0.625	1	60	2
470	0.625	0.625	1	60	3
471	0.625	0.625	1	60	3
472	0.625	0.625	1	60	2
473	0.625	0.625	1	60	5
474	0.625	0.625	1	60	3
475	0.625	0.625	1	60	1
476	0.625	0.625	1	60	2
477	0.625	0.625	1	60	4
478	0.625	0.625	1	60	1
479	0.625	0.625	1	60	3
480	0.625	0.625	1	60	2
481	0.625	0.625	1	60	2
482	0.625	0.625	1	60	1
483	0.625	0.625	1	60	1
484	0.625	0.625	1	60	1
485	0.625	0.625	1	60	2
486	0.625	0.625	1	60	2
487	0.625	0.625	1	60	2
488	0.5625	0.625	1	60	2
489	0.625	0.625	1	60	1
490	0.625	0.625	1	60	2
491	0.625	0.625	1	60	1
492	0.625	0.625	1	60	1
493	0.625	0.625	1	60	3
494	0.625	0.625	1	60	1
495	0.625	0.625	1	60	1
496	0.625	0.625	1	60	3
497	0.625	0.625	1	60	1
498	0.625	0.625	1	60	3
499	0.625	0.625	1	60	2
500	0.625	0.625	1	60	3
501	0.625	0.625	1	60	2
502	0.5625	0.625	1	60	2
503	0.625	0.625	1	60	1
504	0.5625	0.625	1	60	3
505	0.625	0.625	1	60	2
506	0.625	0.625	1	60	4
507	0.625	0.625	1	60	1
508	0.625	0.625	1	60	3
509	0.625	0.625	1	60	4
510	0.5	0.625	1	60	2
511	0.625	0.625	1	60	4
512	0.625	0.625	1	60	3
513	0.625	0.625	1	60	3
514	0.625	0.625	1	60	2
515	0.625	0.625	1	60	3
516	0.625	0.625	1	60	2
517	0.625	0.625	1	60	3
518	0.625	0.625	1	60	5
519	0.625	0.625	1	60	2
520	0.625	0.625	1	60	2
521	0.625	0.625	1	60	3
522	0.625	0.625	1	60	1
523	0.625	0.625	1	60	2
524	0.625	0.625	1	60	4
525	0.625	0.625	1	60	2
526	0.625	0.625	1	60	2
527	0.625	0.625	1	60	1
528	0.625	0.625	1	60	4
529	0.625	0.625	1	60	1
530	0.5	0.625	1	60	4
531	0.5	0.625	1	60	2
532	0.6875	0.6875	1	60	4
533	0.6875	0.6875	1	60	1
534	0.6875	0.6875	1	60	1
535	0.6875	0.6875	1	60	2
536	0.6875	0.6875	1	60	1
537	0.6875	0.6875	1	60	2
538	0.6875	0.6875	1	60	2
539	0.6875	0.6875	1	60	2
540	0.6875	0.6875	1	60	2
541	0.6875	0.6875	1	60	1
542	0.6875	0.6875	1	60	2
543	0.6875	0.6875	1	60	2
544	0.6875	0.6875	1	60	2
545	0.6875	0.6875	1	60	1
546	0.6875	0.6875	1	60	1
547	0.6875	0.6875	1	60	3
548	0.625	0.6875	1	60	1
549	0.4375	0.6875	1	60	3
550	0.6875	0.6875	1	60	2
551	0.6875	0.6875	1	60	1
552	0.6875	0.6875	1	60	1
553	0.5625	0.6875	1	60	1
554	0.6875	0.6875	1	60	3
555	0.6875	0.6875	1	60	1
556	0.6875	0.6875	1	60	3
557	0.6875	0.6875	1	60	1
558	0.6875	0.6875	1	60	1
559	0.6875	0.6875	1	60	5
560	0.6875	0.6875	1	60	2
561	0.6875	0.6875	1	60	2
562	0.6875	0.6875	1	60	2
563	0.6875	0.6875	1	60	4
564	0.6875	0.6875	1	60	1
565	0.6875	0.6875	1	60	5
566	0.625	0.6875	1	60	3
567	0.6875	0.6875	1	60	3
568	0.6875	0.6875	1	60	3
569	0.625	0.6875	1	60	3
570	0.6875	0.6875	1	60	2
571	0.6875	0.6875	1	60	1
572	0.625	0.6875	1	60	6
573	0.6875	0.6875	1	60	1
574	0.6875	0.6875	1	60	2
575	0.5	0.6875	1	60	1
576	0.625	0.6875	1	60	4
577	0.5	0.6875	1	60	1
578	0.5	0.6875	1	60	4
579	0.6875	0.6875	1	60	2
580	0.6875	0.6875	1	60	1
581	0.6875	0.6875	1	60	6
582	0.6875	0.6875	1	60	1
583	0.6875	0.6875	1	60	5
584	0.6875	0.6875	1	60	2
585	0.6875	0.6875	1	60	1
586	0.6875	0.6875	1	60	1
587	0.6875	0.6875	1	60	2
588	0.6875	0.6875	1	60	1
589	0.6875	0.6875	1	60	2
590	0.625	0.6875	1	60	2
591	0.6875	0.6875	1	60	1
592	0.6875	0.6875	1	60	3
593	0.6875	0.6875	1	60	2
594	0.5	0.6875	1	60	3
595	0.6875	0.6875	1	60	1
596	0.6875	0.6875	1	60	1
597	0.6875	0.6875	1	60	4
598	0.6875	0.6875	1	60	1
599	0.6875	0.6875	1	60	2
600	0.6875	0.6875	1	60	1
601	0.6875	0.6875	1	60	1
602	0.6875	0.6875	1	60	2
603	0.6875	0.6875	1	60	2
604	0.6875	0.6875	1	60	2
605	0.6875	0.6875	1	60	3
606	0.6875	0.6875	1	60	1
607	0.5625	0.6875	1	60	1
608	0.6875	0.6875	1	60	2
609	0.6875	0.6875	1	60	3
610	0.625	0.6875	1	60	3
611	0.6875	0.6875	1	60	3
612	0.6875	0.6875	1	60	1
613	0.6875	0.6875	1	60	2
614	0.6875	0.6875	1	60	2
615	0.6875	0.6875	1	60	2
616	0.6875	0.6875	1	60	2
617	0.5	0.6875	1	60	2
618	0.6875	0.6875	1	60	3
619	0.6875	0.6875	1	60	1
620	0.6875	0.6875	1	60	2
621	0.6875	0.6875	1	60	4
622	0.6875	0.6875	1	60	5
623	0.6875	0.6875	1	60	1
624	0.6875	0.6875	1	60	2
625	0.6875	0.6875	1	60	2
626	0.6875	0.6875	1	60	2
627	0.6875	0.6875	1	60	1
628	0.6875	0.6875	1	60	2
629	0.6875	0.6875	1	60	3
630	0.5625	0.6875	1	60	2
631	0.6875	0.6875	1	60	3
632	0.6875	0.6875	1	60	2
633	0.6875	0.6875	1	60	3
634	0.6875	0.6875	1	60	2
635	0.625	0.6875	1	60	2
636	0.75	0.75	1	60	5
637	0.75	0.75	1	60	1
638	0.75	0.75	1	60	2
639	0.75	0.75	1	60	2
640	0.75	0.75	1	60	1
641	0.75	0.75	1	60	1
642	0.5	0.75	1	60	2
643	0.75	0.75	1	60	3
644	0.6875	0.75	1	60	5
645	0.75	0.75	1	60	1
646	0.75	0.75	1	60	4
647	0.75	0.75	1	60	4
648	0.75	0.75	1	60	1
649	0.75	0.75	1	60	3
650	0.5625	0.75	1	60	2
651	0.75	0.75	1	60	4
652	0.75	0.75	1	60	2
653	0.75	0.75	1	60	2
654	0.75	0.75	1	60	1
655	0.75	0.75	1	60	1
656	0.75	0.75	1	60	2
657	0.6875	0.75	1	60	4
658	0.75	0.75	1	60	1
659	0.75	0.75	1	60	3
660	0.75	0.75	1	60	2
661	0.75	0.75	1	60	2
662	0.625	0.75	1	60	2
663	0.75	0.75	1	60	3
664	0.75	0.75	1	60	2
665	0.75	0.75	1	60	1
666	0.75	0.75	1	60	3
667	0.75	0.75	1	60	2
668	0.75	0.75	1	60	1
669	0.75	0.75	1	60	2
670	0.75	0.75	1	60	2
671	0.75	0.75	1	60	3
672	0.75	0.75	1	60	1
673	0.75	0.75	1	60	2
674	0.75	0.75	1	60	2
675	0.75	0.75	1	60	3
676	0.6875	0.75	1	60	1
677	0.5	0.75	1	60	6
678	0.75	0.75	1	60	2
679	0.75	0.75	1	60	1
680	0.6875	0.75	1	60	5
681	0.75	0.75	1	60	4
682	0.75	0.75	1	60	5
683	0.75	0.75	1	60	1
684	0.75	0.75	1	60	2
685	0.75	0.75	1	60	1
686	0.75	0.75	1	60	3
687	0.75	0.75	1	60	3
688	0.75	0.75	1	60	4
689	0.75	0.75	1	60	2
690	0.75	0.75	1	60	1
691	0.75	0.75	1	60	4
692	0.75	0.75	1	60	2
693	0.5	0.75	1	60	4
694	0.75	0.75	1	60	1
695	0.4375	0.75	1	60	2
696	0.75	0.75	1	60	2
697	0.75	0.75	1	60	1
698	0.75	0.75	1	60	1
699	0.6875	0.75	1	60	1
700	0.75	0.75	1	60	2
701	0.75	0.75	1	60	2
702	0.75	0.75	1	60	2
703	0.75	0.75	1	60	2
704	0.75	0.75	1	60	3
705	0.75	0.75	1	60	1
706	0.625	0.75	1	60	3
707	0.75	0.75	1	60	1
708	0.75	0.75	1	60	1
709	0.625	0.75	1	60	5
710	0.6875	0.75	1	60	3
711	0.75	0.75	1	60	1
712	0.75	0.75	1	60	1
713	0.75	0.75	1	60	1
714	0.75	0.75	1	60	4
715	0.75	0.75	1	60	2
716	0.5	0.75	1	60	3
717	0.5	0.75	1	60	4
718	0.75	0.75	1	60	1
719	0.75	0.75	1	60	1
720	0.75	0.75	1	60	3
721	0.75	0.75	1	60	2
722	0.75	0.75	1	60	1
723	0.6875	0.75	1	60	4
724	0.5	0.75	1	60	1
725	0.75	0.75	1	60	5
726	0.75	0.75	1	60	3
727	0.75	0.75	1	60	1
728	0.625	0.75	1	60	3
729	0.75	0.75	1	60	1
730	0.75	0.75	1	60	2
731	0.6875	0.75	1	60	2
732	0.75	0.75	1	60	3
733	0.75	0.75	1	60	1
734	0.5	0.75	1	60	1
735	0.75	0.75	1	60	3
736	0.75	0.75	1	60	4
737	0.75	0.75	1	60	1
738	0.75	0.75	1	60	1
739	0.75	0.75	1	60	2
740	0.75	0.75	1	60	1
741	0.75	0.75	1	60	2
742	0.75	0.75	1	60	1
743	0.75	0.75	1	60	2
744	0.75	0.75	1	60	2
745	0.75	0.75	1	60	1
746	0.75	0.75	1	60	1
747	0.625	0.75	1	60	2
748	0.75	0.75	1	60	1
749	0.5	0.75	1	60	3
750	0.75	0.75	1	60	1
751	0.75	0.75	1	60	2
752	0.75	0.75	1	60	3
753	0.5	0.75	1	60	1
754	0.75	0.75	1	60	1
755	0.75	0.75	1	60	1
756	0.4375	0.75	1	60	2
757	0.75	0.75	1	60	2
758	0.5	0.75	1	60	3
759	0.5	0.75	1	60	2
760	0.75	0.75	1	60	2
761	0.75	0.75	1	60	5
762	0.75	0.75	1	60	4
763	0.75	0.75	1	60	2
764	0.75	0.75	1	60	1
765	0.75	0.75	1	60	1
766	0.5	0.75	1	60	3
767	0.75	0.75	1	60	2
768	0.75	0.75	1	60	1
769	0.5	0.75	1	60	6
770	0.75	0.75	1	60	1
771	0.75	0.75	1	60	2
772	0.75	0.75	1	60	1
773	0.75	0.75	1	60	1
774	0.5	0.75	1	60	5
775	0.75	0.75	1	60	4
776	0.5	0.75	1	60	2
777	0.75	0.75	1	60	1
778	0.75	0.75	1	60	3
779	0.75	0.75	1	60	3
780	0.75	0.75	1	60	2
781	0.75	0.75	1	60	4
782	0.75	0.75	1	60	2
783	0.75	0.75	1	60	1
784	0.75	0.75	1	60	2
785	0.75	0.75	1	60	2
786	0.75	0.75	1	60	1
787	0.75	0.75	1	60	4
788	0.75	0.75	1	60	2
789	0.75	0.75	1	60	3
790	0.75	0.75	1	60	5
791	0.75	0.75	1	60	3
792	0.625	0.75	1	60	2
793	0.75	0.75	1	60	4
794	0.75	0.75	1	60	1
795	0.75	0.75	1	60	3
796	0.75	0.75	1	60	2
797	0.75	0.75	1	60	4
798	0.75	0.75	1	60	3
799	0.75	0.75	1	60	1
800	0.75	0.75	1	60	3
801	0.75	0.75	1	60	1
802	0.75	0.75	1	60	1
803	0.75	0.75	1	60	2
804	0.75	0.75	1	60	3
805	0.625	0.75	1	60	6
806	0.75	0.75	1	60	1
807	0.75	0.75	1	60	2
808	0.75	0.75	1	60	2
809	0.75	0.75	1	60	2
810	0.75	0.75	1	60	1
811	0.75	0.75	1	60	1
812	0.5	0.75	1	60	2
813	0.75	0.75	1	60	2
814	0.75	0.75	1	60	2
815	0.75	0.75	1	60	5
816	0.5	0.75	1	60	2
817	0.625	0.75	1	60	2
818	0.75	0.75	1	60	2
819	0.75	0.75	1	60	1
820	0.75	0.75	1	60	3
821	0.75	0.75	1	60	3
822	0.625	0.75	1	60	2
823	0.5	0.75	1	60	3
824	0.75	0.75	1	60	3
825	0.5	0.75	1	60	3
826	0.625	0.75	1	60	4
827	0.75	0.75	1	60	2
828	0.5	0.75	1	60	2
829	0.75	0.75	1	60	2
830	0.75	0.75	1	60	1
831	0.75	0.75	1	60	2
832	0.75	0.75	1	60	1
833	0.75	0.75	1	60	2
834	0.75	0.75	1	60	1
835	0.5	0.75	1	60	4
836	0.75	0.75	1	60	3
837	0.5	0.75	1	60	4
838	0.75	0.75	1	60	1
839	0.75	0.75	1	60	1
840	0.75	0.75	1	60	2
841	0.75	0.75	1	60	2
842	0.75	0.75	1	60	2
843	0.75	0.75	1	60	1
844	0.75	0.75	1	60	2
845	0.75	0.75	1	60	1
846	0.75	0.75	1	60	3
847	0.625	0.75	1	60	1
848	0.75	0.75	1	60	1
849	0.5	0.75	1	60	2
850	0.75	0.75	1	60	2
851	0.75	0.75	1	60	3
852	0.75	0.75	1	60	2
853	0.75	0.75	1	60	1
854	0.75	0.75	1	60	2
855	0.75	0.75	1	60	1
856	0.75	0.75	1	60	4
857	0.75	0.75	1	60	3
858	0.5625	0.75	1	60	2
859	0.75	0.75	1	60	1
860	0.75	0.75	1	60	1
861	0.75	0.75	1	60	2
862	0.75	0.75	1	60	4
863	0.75	0.75	1	60	1
864	0.75	0.75	1	60	1
865	0.75	0.75	1	60	2
866	0.75	0.75	1	60	1
867	0.75	0.75	1	60	1
868	0.75	0.75	1	60	2
869	0.75	0.75	1	60	1
870	0.75	0.75	1	60	2
871	0.75	0.75	1	60	2
872	0.5	0.75	1	60	2
873	0.75	0.75	1	60	1
874	0.75	0.75	1	60	1
875	0.75	0.75	1	60	3
876	0.75	0.75	1	60	1
877	0.75	0.75	1	60	1
878	0.75	0.75	1	60	1
879	0.625	0.75	1	60	1
880	0.4375	0.75	1	60	3
881	0.75	0.75	1	60	1
882	0.75	0.75	1	60	2
883	0.625	0.75	1	60	3
884	0.75	0.75	1	60	1
885	0.75	0.75	1	60	5
886	0.75	0.75	1	60	2
887	0.75	0.75	1	60	4
888	0.75	0.75	1	60	3
889	0.75	0.75	1	60	4
890	0.75	0.75	1	60	1
891	0.75	0.75	1	60	1
892	0.75	0.75	1	60	1
893	0.75	0.75	1	60	1
894	0.75	0.75	1	60	2
895	0.75	0.75	1	60	1
896	0.75	0.75	1	60	1
897	0.75	0.75	1	60	2
898	0.75	0.75	1	60	4
899	0.625	0.75	1	60	4
900	0.75	0.75	1	60	1
901	0.75	0.75	1	60	3
902	0.75	0.75	1	60	2
903	0.75	0.75	1	60	1
904	0.75	0.75	1	60	3
905	0.75	0.75	1	60	2
906	0.75	0.75	1	60	2
907	0.75	0.75	1	60	2
908	0.75	0.75	1	60	3
909	0.75	0.75	1	60	2
910	0.625	0.75	1	60	2
911	0.75	0.75	1	60	1
912	0.625	0.75	1	60	4
913	0.75	0.75	1	60	3
914	0.75	0.75	1	60	3
915	0.75	0.75	1	60	2
916	0.75	0.75	1	60	3
917	0.75	0.75	1	60	1
918	0.75	0.75	1	60	1
919	0.75	0.75	1	60	2
920	0.5	0.75	1	60	1
921	0.75	0.75	1	60	3
922	0.75	0.75	1	60	2
923	0.75	0.75	1	60	1
924	0.75	0.75	1	60	3
925	0.75	0.75	1	60	1
926	0.75	0.75	1	60	3
927	0.75	0.75	1	60	2
928	0.5	0.75	1	60	1
929	0.75	0.75	1	60	2
930	0.5	0.75	1	60	6
931	0.75	0.75	1	60	1
932	0.75	0.75	1	60	1
933	0.75	0.75	1	60	3
934	0.75	0.75	1	60	6
935	0.75	0.75	1	60	2
936	0.75	0.75	1	60	2
937	0.75	0.75	1	60	4
938	0.75	0.75	1	60	2
939	0.5	0.75	1	60	1
940	0.75	0.75	1	60	3
941	0.75	0.75	1	60	3
942	0.75	0.75	1	60	1
943	0.5	0.75	1	60	2
944	0.75	0.75	1	60	2
945	0.75	0.75	1	60	2
946	0.75	0.75	1	60	2
947	0.75	0.75	1	60	1
948	0.75	0.75	1	60	1
949	0.75	0.75	1	60	4
950	0.75	0.75	1	60	2
951	0.75	0.75	1	60	1
952	0.75	0.75	1	60	3
953	0.75	0.75	1	60	1
954	0.75	0.75	1	60	3
955	0.75	0.75	1	60	2
956	0.75	0.75	1	60	2
957	0.75	0.75	1	60	1
958	0.75	0.75	1	60	2
959	0.75	0.75	1	60	3
960	0.75	0.75	1	60	1
961	0.75	0.75	1	60	1
962	0.75	0.75	1	60	3
963	0.75	0.75	1	60	3
964	0.75	0.75	1	60	3
965	0.75	0.75	1	60	2
966	0.75	0.75	1	60	2
967	0.75	0.75	1	60	1
968	0.75	0.75	1	60	3
969	0.75	0.75	1	60	2
970	0.25	0.75	1	60	4
971	0.75	0.75	1	60	2
972	0.5	0.75	1	60	3
973	0.75	0.75	1	60	2
974	0.75	0.75	1	60	4
975	0.75	0.75	1	60	1
976	0.75	0.75	1	60	3
977	0.75	0.75	1	60	3
978	0.75	0.75	1	60	3
979	0.75	0.75	1	60	2
980	0.75	0.75	1	60	1
981	0.5	0.75	1	60	3
982	0.75	0.75	1	60	3
983	0.75	0.75	1	60	2
984	0.75	0.75	1	60	1
985	0.75	0.75	1	60	1
986	0.75	0.75	1	60	5
987	0.75	0.75	1	60	2
988	0.75	0.75	1	60	2
989	0.75	0.75	1	60	1
990	0.75	0.75	1	60	1
991	0.75	0.75	1	60	2
992	0.75	0.75	1	60	3
993	0.75	0.75	1	60	2
994	0.75	0.75	1	60	1
995	0.75	0.75	1	60	3
996	0.75	0.75	1	60	1
997	0.75	0.75	1	60	4
998	0.75	0.75	1	60	2
999	0.5	0.75	1	60	4
1000	0.75	0.75	1	60	3
1001	0.5	0.75	1	60	1
1002	0.75	0.75	1	60	4
1003	0.75	0.75	1	60	2
1004	0.75	0.75	1	60	4
1005	0.75	0.75	1	60	3
1006	0.75	0.75	1	60	2
1007	0.75	0.75	1	60	1
1008	0.75	0.75	1	60	3
1009	0.75	0.75	1	60	1
1010	0.75	0.75	1	60	1
1011	0.75	0.75	1	60	1
1012	0.5	0.75	1	60	2
1013	0.75	0.75	1	60	2
1014	0.5	0.75	1	60	4
1015	0.75	0.75	1	60	3
1016	0.75	0.75	1	60	3
1017	0.75	0.75	1	60	3
1018	0.75	0.75	1	60	2
1019	0.75	0.75	1	60	1
1020	0.75	0.75	1	60	4
1021	0.5625	0.75	1	60	4
1022	0.75	0.75	1	60	1
1023	0.75	0.75	1	60	3
1024	0.75	0.75	1	60	2
1025	0.75	0.75	1	60	2
1026	0.5	0.75	1	60	2
1027	0.75	0.75	1	60	3
1028	0.75	0.75	1	60	1
1029	0.75	0.75	1	60	1
1030	0.75	0.75	1	60	2
1031	0.4375	0.75	1	60	3
1032	0.75	0.75	1	60	2
1033	0.75	0.75	1	60	1
1034	0.75	0.75	1	60	1
1035	0.75	0.75	1	60	5
1036	0.75	0.75	1	60	2
1037	0.75	0.75	1	60	1
1038	0.5	0.75	1	60	3
1039	0.75	0.75	1	60	1
1040	0.75	0.75	1	60	2
1041	0.75	0.75	1	60	4
1042	0.75	0.75	1	60	1
1043	0.75	0.75	1	60	1
1044	0.75	0.75	1	60	2
1045	0.75	0.75	1	60	3
1046	0.75	0.75	1	60	2
1047	0.75	0.75	1	60	3
1048	0.75	0.75	1	60	1
1049	0.75	0.75	1	60	2
1050	0.75	0.75	1	60	4
1051	0.75	0.75	1	60	3
1052	0.75	0.75	1	60	3
1053	0.75	0.75	1	60	1
1054	0.75	0.75	1	60	3
1055	0.75	0.75	1	60	2
1056	0.75	0.75	1	60	1
1057	0.625	0.75	1	60	4
1058	0.75	0.75	1	60	2
1059	0.75	0.75	1	60	1
1060	0.75	0.75	1	60	1
1061	0.75	0.75	1	60	3
1062	0.75	0.75	1	60	3
1063	0.75	0.75	1	60	2
1064	0.75	0.75	1	60	2
1065	0.75	0.75	1	60	2
1066	0.75	0.75	1	60	1
1067	0.75	0.75	1	60	1
1068	0.5	0.75	1	60	5
1069	0.75	0.75	1	60	3
1070	0.75	0.75	1	60	5
1071	0.75	0.75	1	60	2
1072	0.625	0.75	1	60	3
1073	0.75	0.75	1	60	3
1074	0.75	0.75	1	60	4
1075	0.75	0.75	1	60	1
1076	0.75	0.75	1	60	2
1077	0.75	0.75	1	60	3
1078	0.75	0.75	1	60	1
1079	0.75	0.75	1	60	4
1080	0.75	0.75	1	60	1
1081	0.75	0.75	1	60	1
1082	0.75	0.75	1	60	2
1083	0.75	0.75	1	60	3
1084	0.5	0.75	1	60	2
1085	0.75	0.75	1	60	1
1086	0.75	0.75	1	60	2
1087	0.75	0.75	1	60	6
1088	0.75	0.75	1	60	2
1089	0.5	0.75	1	60	3
1090	0.75	0.75	1	60	1
1091	0.75	0.75	1	60	2
1092	0.75	0.75	1	60	3
1093	0.75	0.75	1	60	1
1094	0.75	0.75	1	60	5
1095	0.75	0.75	1	60	2
1096	0.75	0.75	1	60	1
1097	0.75	0.75	1	60	2
1098	0.75	0.75	1	60	1
1099	0.75	0.75	1	60	1
1100	0.75	0.75	1	60	4
1101	0.75	0.75	1	60	3
1102	0.75	0.75	1	60	1
1103	0.75	0.75	1	60	2
1104	0.75	0.75	1	60	2
1105	0.75	0.75	1	60	3
1106	0.75	0.75	1	60	1
1107	0.75	0.75	1	60	1
1108	0.75	0.75	1	60	2
1109	0.75	0.75	1	60	5
1110	0.75	0.75	1	60	1
1111	0.75	0.75	1	60	1
1112	0.75	0.75	1	60	1
1113	0.75	0.75	1	60	3
1114	0.5	0.75	1	60	3
1115	0.5	0.75	1	60	4
1116	0.75	0.75	1	60	4
1117	0.75	0.75	1	60	2
1118	0.75	0.75	1	60	3
1119	0.75	0.75	1	60	4
1120	0.75	0.75	1	60	2
1121	0.75	0.75	1	60	1
1122	0.75	0.75	1	60	2
1123	0.75	0.75	1	60	1
1124	0.75	0.75	1	60	1
1125	0.75	0.75	1	60	4
1126	0.75	0.75	1	60	3
1127	0.75	0.75	1	60	2
1128	0.75	0.75	1	60	1
1129	0.75	0.75	1	60	2
1130	0.75	0.75	1	60	1
1131	0.75	0.75	1	60	1
1132	0.75	0.75	1	60	2
1133	0.75	0.75	1	60	2
1134	0.75	0.75	1	60	4
1135	0.75	0.75	1	60	1
1136	0.75	0.75	1	60	1
1137	0.75	0.75	1	60	1
1138	0.75	0.75	1	60	1
1139	0.75	0.75	1	60	4
1140	0.75	0.75	1	60	1
1141	0.75	0.75	1	60	2
1142	0.5	0.75	1	60	1
1143	0.75	0.75	1	60	1
1144	0.5	0.75	1	60	1
1145	0.75	0.75	1	60	2
1146	0.75	0.75	1	60	3
1147	0.75	0.75	1	60	1
1148	0.75	0.75	1	60	2
1149	0.75	0.75	1	60	3
1150	0.75	0.75	1	60	1
1151	0.75	0.75	1	60	2
1152	0.75	0.75	1	60	2
1153	0.75	0.75	1	60	1
1154	0.75	0.75	1	60	1
1155	0.75	0.75	1	60	2
1156	0.75	0.75	1	60	2
1157	0.75	0.75	1	60	1
1158	0.75	0.75	1	60	1
1159	0.75	0.75	1	60	2
1160	0.75	0.75	1	60	1
1161	0.5	0.75	1	60	1
1162	0.5	0.75	1	60	4
1163	0.5625	0.75	1	60	5
1164	0.75	0.75	1	60	3
1165	0.5	0.75	1	60	5
1166	0.75	0.75	1	60	3
1167	0.75	0.75	1	60	1
1168	0.5	0.75	1	60	1
1169	0.75	0.75	1	60	2
1170	0.75	0.75	1	60	5
1171	0.75	0.75	1	60	3
1172	0.75	0.75	1	60	2
1173	0.75	0.75	1	60	2
1174	0.5	0.75	1	60	3
1175	0.75	0.75	1	60	1
1176	0.75	0.75	1	60	5
1177	0.75	0.75	1	60	1
1178	0.75	0.75	1	60	2
1179	0.75	0.75	1	60	1
1180	0.75	0.75	1	60	4
1181	0.75	0.75	1	60	1
1182	0.75	0.75	1	60	3
1183	0.75	0.75	1	60	1
1184	0.75	0.75	1	60	1
1185	0.75	0.75	1	60	4
1186	0.75	0.75	1	60	2
1187	0.75	0.75	1	60	1
1188	0.75	0.75	1	60	1
1189	0.75	0.75	1	60	2
1190	0.75	0.75	1	60	2
1191	0.75	0.75	1	60	1
1192	0.875	0.875	1	60	3
1193	0.875	0.875	1	60	1
1194	0.5	0.875	1	60	5
1195	0.875	0.875	1	60	1
1196	0.875	0.875	1	60	2
1197	0.5	0.875	1	60	4
1198	0.875	0.875	1	60	2
1199	0.875	0.875	1	60	3
1200	0.875	0.875	1	60	2
1201	0.875	0.875	1	60	2
1202	0.875	0.875	1	60	2
1203	0.875	0.875	1	60	2
1204	0.4375	0.875	1	60	1
1205	0.5	0.875	1	60	3
1206	0.5	0.875	1	60	3
1207	0.6875	0.875	1	60	2
1208	0.875	0.875	1	60	2
1209	0.875	0.875	1	60	1
1210	0.875	0.875	1	60	1
1211	0.875	0.875	1	60	1
1212	0.875	0.875	1	60	2
1213	0.625	0.875	1	60	3
1214	0.875	0.875	1	60	3
1215	0.8125	0.875	1	60	2
1216	0.75	0.875	1	60	1
1217	0.75	0.875	1	60	5
1218	0.875	0.875	1	60	1
1219	0.875	0.875	1	60	1
1220	0.875	0.875	1	60	1
1221	0.875	0.875	1	60	2
1222	0.875	0.875	1	60	1
1223	0.4375	0.875	1	60	4
1224	0.875	0.875	1	60	2
1225	0.875	0.875	1	60	3
1226	0.5	0.875	1	60	2
1227	0.625	0.875	1	60	2
1228	0.875	0.875	1	60	3
1229	0.75	0.875	1	60	2
1230	0.875	0.875	1	60	1
1231	0.5	0.875	1	60	3
1232	0.875	0.875	1	60	2
1233	0.875	0.875	1	60	3
1234	0.875	0.875	1	60	3
1235	0.5	0.875	1	60	2
1236	0.875	0.875	1	60	2
1237	0.875	0.875	1	60	2
1238	0.875	0.875	1	60	1
1239	0.875	0.875	1	60	3
1240	0.875	0.875	1	60	2
1241	0.5	0.875	1	60	1
1242	0.875	0.875	1	60	3
1243	0.875	0.875	1	60	4
1244	0.875	0.875	1	60	4
1245	0.8125	0.875	1	60	6
1246	0.875	0.875	1	60	4
1247	0.875	0.875	1	60	3
1248	0.875	0.875	1	60	3
1249	0.8125	0.875	1	60	4
1250	0.875	0.875	1	60	1
1251	0.875	0.875	1	60	3
1252	0.875	0.875	1	60	1
1253	0.875	0.875	1	60	1
1254	0.625	0.875	1	60	2
1255	0.875	0.875	1	60	2
1256	0.875	0.875	1	60	2
1257	0.875	0.875	1	60	2
1258	0.875	0.875	1	60	2
1259	0.5625	0.875	1	60	1
1260	0.5625	0.875	1	60	3
1261	0.875	0.875	1	60	3
1262	0.875	0.875	1	60	2
1263	0.875	0.875	1	60	1
1264	0.875	0.875	1	60	1
1265	0.8125	0.875	1	60	4
1266	0.625	0.875	1	60	2
1267	0.875	0.875	1	60	1
1268	0.625	0.875	1	60	1
1269	0.875	0.875	1	60	1
1270	0.8125	0.875	1	60	4
1271	0.875	0.875	1	60	1
1272	0.875	0.875	1	60	2
1273	0.875	0.875	1	60	1
1274	0.625	0.875	1	60	4
1275	0.875	0.875	1	60	4
1276	0.5625	0.875	1	60	2
1277	0.875	0.875	1	60	1
1278	0.875	0.875	1	60	2
1279	0.875	0.875	1	60	2
1280	0.75	0.875	1	60	3
1281	0.875	0.875	1	60	1
1282	0.875	0.875	1	60	2
1283	0.625	0.875	1	60	4
1284	0.875	0.875	1	60	2
1285	0.875	0.875	1	60	1
1286	0.75	0.875	1	60	2
1287	0.875	0.875	1	60	2
1288	0.875	0.875	1	60	3
1289	0.75	0.875	1	60	3
1290	0.75	0.875	1	60	4
1291	0.875	0.875	1	60	1
1292	0.75	0.875	1	60	2
1293	0.875	0.875	1	60	5
1294	0.75	0.875	1	60	3
1295	0.875	0.875	1	60	1
1296	0.875	0.875	1	60	1
1297	0.875	0.875	1	60	2
1298	0.5625	0.875	1	60	2
1299	0.75	0.875	1	60	1
1300	0.875	0.875	1	60	1
1301	0.875	0.875	1	60	1
1302	0.875	0.875	1	60	4
1303	0.875	0.875	1	60	2
1304	0.75	0.875	1	60	1
1305	0.5	0.875	1	60	1
1306	0.875	0.875	1	60	1
1307	0.875	0.875	1	60	4
1308	0.875	0.875	1	60	3
1309	0.875	0.875	1	60	1
1310	0.75	0.875	1	60	2
1311	0.875	0.875	1	60	1
1312	0.875	0.875	1	60	2
1313	0.875	0.875	1	60	1
1314	0.875	0.875	1	60	2
1315	0.875	0.875	1	60	3
1316	0.5	0.875	1	60	3
1317	0.875	0.875	1	60	2
1318	0.875	0.875	1	60	1
1319	0.875	0.875	1	60	3
1320	0.875	0.875	1	60	1
1321	0.875	0.875	1	60	3
1322	0.8125	0.875	1	60	3
1323	0.875	0.875	1	60	1
1324	0.5	0.875	1	60	3
1325	0.75	0.875	1	60	1
1326	0.875	0.875	1	60	2
1327	0.875	0.875	1	60	1
1328	0.875	0.875	1	60	5
1329	0.625	0.875	1	60	4
1330	0.875	0.875	1	60	3
1331	0.875	0.875	1	60	2
1332	0.875	0.875	1	60	1
1333	0.75	0.875	1	60	4
1334	0.375	0.875	1	60	2
1335	0.875	0.875	1	60	1
1336	0.9375	0.9375	1	60	3
1337	0.9375	0.9375	1	60	1
1338	0.9375	0.9375	1	60	1
1339	0.5	0.9375	1	60	2
1340	0.625	0.9375	1	60	2
1341	0.8125	0.9375	1	60	2
1342	0.625	0.9375	1	60	3
1343	0.9375	0.9375	1	60	2
1344	0.75	0.9375	1	60	1
1345	0.75	0.9375	1	60	3
1346	0.9375	0.9375	1	60	2
1347	0.9375	0.9375	1	60	1
1348	0.9375	0.9375	1	60	1
1349	0.9375	0.9375	1	60	4
1350	0.9375	0.9375	1	60	4
1351	0.9375	0.9375	1	60	3
1352	0.9375	0.9375	1	60	2
1353	0.75	0.9375	1	60	2
1354	0.9375	0.9375	1	60	3
1355	0.625	0.9375	1	60	1
1356	0.9375	0.9375	1	60	1
1357	0.625	0.9375	1	60	2
1358	0.9375	0.9375	1	60	1
1359	0.8125	0.9375	1	60	3
1360	0.9375	0.9375	1	60	2
1361	0.9375	0.9375	1	60	1
1362	0.9375	0.9375	1	60	1
1363	0.9375	0.9375	1	60	1
1364	0.9375	0.9375	1	60	3
1365	0.5	0.9375	1	60	4
1366	0.9375	0.9375	1	60	1
1367	0.9375	0.9375	1	60	3
1368	0.9375	0.9375	1	60	1
1369	0.9375	0.9375	1	60	1
1370	0.9375	0.9375	1	60	3
1371	0.9375	0.9375	1	60	2
1372	0.9375	0.9375	1	60	3
1373	0.9375	0.9375	1	60	1
1374	0.9375	0.9375	1	60	4
1375	0.9375	0.9375	1	60	4
1376	0.9375	0.9375	1	60	3
1377	0.75	0.9375	1	60	5
1378	0.6875	0.9375	1	60	3
1379	0.9375	0.9375	1	60	1
1380	0.9375	0.9375	1	60	3
1381	0.9375	0.9375	1	60	3
1382	0.9375	0.9375	1	60	1
1383	0.9375	0.9375	1	60	2
1384	0.9375	0.9375	1	60	5
1385	0.9375	0.9375	1	60	2
1386	0.5	0.9375	1	60	3
1387	0.9375	0.9375	1	60	5
1388	0.9375	0.9375	1	60	4
1389	0.9375	0.9375	1	60	3
1390	0.9375	0.9375	1	60	1
1391	0.9375	0.9375	1	60	3
1392	0.75	0.9375	1	60	4
1393	0.9375	0.9375	1	60	2
1394	0.9375	0.9375	1	60	6
1395	0.75	0.9375	1	60	3
1396	0.9375	0.9375	1	60	3
1397	0.9375	0.9375	1	60	1
1398	0.9375	0.9375	1	60	2
1399	0.9375	0.9375	1	60	2
1400	0.9375	0.9375	1	60	2
1401	0.5	0.9375	1	60	4
1402	0.75	0.9375	1	60	3
1403	0.9375	0.9375	1	60	4
1404	0.9375	0.9375	1	60	2
1405	0.9375	0.9375	1	60	1
1406	0.9375	0.9375	1	60	3
1407	0.9375	0.9375	1	60	2
1408	0.9375	0.9375	1	60	3
1409	0.75	0.9375	1	60	2
1410	0.9375	0.9375	1	60	1
1411	0.875	0.9375	1	60	4
1412	0.9375	0.9375	1	60	1
1413	0.9375	0.9375	1	60	2
1414	0.5	0.9375	1	60	2
1415	0.9375	0.9375	1	60	2
1416	0.9375	0.9375	1	60	4
1417	0.9375	0.9375	1	60	1
1418	0.9375	0.9375	1	60	2
1419	0.9375	0.9375	1	60	4
1420	0.9375	0.9375	1	60	3
1421	0.9375	0.9375	1	60	1
1422	0.75	0.9375	1	60	1
1423	0.9375	0.9375	1	60	1
1424	0.9375	0.9375	1	60	1
1425	0.9375	0.9375	1	60	2
1426	0.9375	0.9375	1	60	1
1427	0.9375	0.9375	1	60	1
1428	0.5	0.9375	1	60	2
1429	0.9375	0.9375	1	60	1
1430	0.9375	0.9375	1	60	1
1431	0.9375	0.9375	1	60	1
1432	0.9375	0.9375	1	60	2
1433	0.9375	0.9375	1	60	5
1434	0.9375	0.9375	1	60	2
1435	0.5	0.9375	1	60	3
1436	0.75	0.9375	1	60	1
1437	0.6875	0.9375	1	60	3
1438	0.75	0.9375	1	60	2
1439	0.5625	0.9375	1	60	1
1440	0.9375	0.9375	1	60	3
1441	0.9375	0.9375	1	60	3
1442	0.9375	0.9375	1	60	2
1443	0.5	0.9375	1	60	7
1444	0.8125	0.9375	1	60	4
1445	0.9375	0.9375	1	60	1
1446	0.9375	0.9375	1	60	2
1447	0.9375	0.9375	1	60	2
1448	0.9375	0.9375	1	60	2
1449	0.5	0.9375	1	60	4
1450	0.9375	0.9375	1	60	2
1451	0.9375	0.9375	1	60	2
1452	0.9375	0.9375	1	60	1
1453	0.9375	0.9375	1	60	2
1454	0.5	0.9375	1	60	3
1455	0.9375	0.9375	1	60	1
1456	0.9375	0.9375	1	60	3
1457	0.5	0.9375	1	60	4
1458	0.9375	0.9375	1	60	4
1459	0.5	0.9375	1	60	2
1460	0.5	0.9375	1	60	2
1461	0.9375	0.9375	1	60	2
1462	0.9375	0.9375	1	60	2
1463	0.9375	0.9375	1	60	3
1464	0.9375	0.9375	1	60	3
1465	0.9375	0.9375	1	60	1
1466	0.9375	0.9375	1	60	2
1467	0.75	0.9375	1	60	5
1468	0.9375	0.9375	1	60	2
1469	0.9375	0.9375	1	60	1
1470	0.9375	0.9375	1	60	2
1471	0.9375	0.9375	1	60	1
1472	0.5	0.9375	1	60	2
1473	0.9375	0.9375	1	60	1
1474	0.9375	0.9375	1	60	2
1475	0.9375	0.9375	1	60	3
1476	0.9375	0.9375	1	60	1
1477	0.9375	0.9375	1	60	1
1478	0.9375	0.9375	1	60	1
1479	0.5	0.9375	1	60	1
1480	0.9375	0.9375	1	60	1
1481	0.9375	0.9375	1	60	2
1482	0.9375	0.9375	1	60	2
1483	0.9375	0.9375	1	60	3
1484	0.9375	0.9375	1	60	2
1485	0.9375	0.9375	1	60	2
1486	0.9375	0.9375	1	60	4
1487	0.9375	0.9375	1	60	1
1488	0.9375	0.9375	1	60	1
1489	0.5	0.9375	1	60	4
1490	0.9375	0.9375	1	60	1
1491	0.9375	0.9375	1	60	1
1492	0.9375	0.9375	1	60	1
1493	0.5	0.9375	1	60	4
1494	0.6875	0.9375	1	60	5
1495	0.5	0.9375	1	60	5
1496	0.9375	0.9375	1	60	1
1497	0.9375	0.9375	1	60	2
1498	0.9375	0.9375	1	60	3
1499	0.75	0.9375	1	60	1
1500	0.9375	0.9375	1	60	3
1501	0.9375	0.9375	1	60	2
1502	0.9375	0.9375	1	60	2
1503	0.75	0.9375	1	60	3
1504	0.75	0.9375	1	60	4
1505	0.9375	0.9375	1	60	3
1506	0.9375	0.9375	1	60	1
1507	0.9375	0.9375	1	60	2
1508	0.9375	0.9375	1	60	1
1509	0.9375	0.9375	1	60	1
1510	0.9375	0.9375	1	60	2
1511	0.5	0.9375	1	60	1
1512	0.9375	0.9375	1	60	1
1513	0.9375	0.9375	1	60	2
1514	0.9375	0.9375	1	60	1
1515	0.9375	0.9375	1	60	4
1516	0.9375	0.9375	1	60	2
1517	0.9375	0.9375	1	60	2
1518	0.9375	0.9375	1	60	1
1519	0.9375	0.9375	1	60	3
1520	0.9375	0.9375	1	60	1
1521	0.9375	0.9375	1	60	1
1522	0.9375	0.9375	1	60	2
1523	0.75	0.9375	1	60	1
1524	0.9375	0.9375	1	60	2
1525	0.9375	0.9375	1	60	1
1526	0.9375	0.9375	1	60	2
1527	0.9375	0.9375	1	60	4
1528	0.5	0.9375	1	60	1
1529	0.6875	0.9375	1	60	2
1530	0.9375	0.9375	1	60	2
1531	0.9375	0.9375	1	60	1
1532	0.9375	0.9375	1	60	1
1533	0.9375	0.9375	1	60	1
1534	0.9375	0.9375	1	60	2
1535	0.9375	0.9375	1	60	2
1536	0.9375	0.9375	1	60	6
1537	0.9375	0.9375	1	60	2
1538	0.9375	0.9375	1	60	2
1539	0.9375	0.9375	1	60	1
1540	0.9375	0.9375	1	60	3
1541	0.9375	0.9375	1	60	1
1542	0.8125	0.9375	1	60	4
1543	0.9375	0.9375	1	60	1
1544	0.9375	0.9375	1	60	2
1545	0.9375	0.9375	1	60	1
1546	0.6875	0.9375	1	60	1
1547	0.9375	0.9375	1	60	3
1548	0.9375	0.9375	1	60	1
1549	0.9375	0.9375	1	60	2
1550	0.9375	0.9375	1	60	1
1551	0.9375	0.9375	1	60	1
1552	0.9375	0.9375	1	60	2
1553	0.5625	0.9375	1	60	1
1554	0.9375	0.9375	1	60	2
1555	0.9375	0.9375	1	60	3
1556	0.9375	0.9375	1	60	2
1557	0.9375	0.9375	1	60	2
1558	0.9375	0.9375	1	60	2
1559	0.75	0.9375	1	60	2
1560	0.9375	0.9375	1	60	2
1561	0.6875	0.9375	1	60	2
1562	0.9375	0.9375	1	60	2
1563	0.9375	0.9375	1	60	3
1564	0.75	0.9375	1	60	3
1565	0.75	0.9375	1	60	3
1566	0.6875	0.9375	1	60	2
1567	0.9375	0.9375	1	60	1
1568	0.5	0.9375	1	60	2
1569	0.9375	0.9375	1	60	3
1570	0.9375	0.9375	1	60	4
1571	0.9375	0.9375	1	60	4
1572	0.9375	0.9375	1	60	1
1573	0.9375	0.9375	1	60	1
1574	0.5	0.9375	1	60	4
1575	0.9375	0.9375	1	60	2
1576	0.5	0.9375	1	60	2
1577	0.75	0.9375	1	60	2
1578	0.9375	0.9375	1	60	1
1579	0.5	0.9375	1	60	1
1580	0.5	0.9375	1	60	3
1581	0.9375	0.9375	1	60	6
1582	0.9375	0.9375	1	60	1
1583	0.8125	0.9375	1	60	4
1584	0.9375	0.9375	1	60	3
1585	0.9375	0.9375	1	60	1
1586	0.9375	0.9375	1	60	2
1587	0.625	0.9375	1	60	3
1588	0.5	0.9375	1	60	2
1589	0.75	0.9375	1	60	5
1590	0.9375	0.9375	1	60	1
1591	0.9375	0.9375	1	60	1
1592	0.9375	0.9375	1	60	1
1593	0.9375	0.9375	1	60	2
1594	0.9375	0.9375	1	60	2
1595	0.9375	0.9375	1	60	2
1596	0.8125	0.9375	1	60	4
1597	0.5	0.9375	1	60	5
1598	0.9375	0.9375	1	60	1
1599	0.9375	0.9375	1	60	1
1600	0.9375	0.9375	1	60	3
1601	0.5	0.9375	1	60	3
1602	0.9375	0.9375	1	60	5
1603	0.9375	0.9375	1	60	2
1604	0.9375	0.9375	1	60	1
1605	0.5	0.9375	1	60	3
1606	0.9375	0.9375	1	60	2
1607	0.5	0.9375	1	60	2
1608	0.5	0.9375	1	60	3
1609	0.9375	0.9375	1	60	1
1610	0.9375	0.9375	1	60	1
1611	0.9375	0.9375	1	60	1
1612	0.9375	0.9375	1	60	1
1613	0.9375	0.9375	1	60	4
1614	0.875	0.9375	1	60	2
1615	0.9375	0.9375	1	60	3
1616	0.5	0.9375	1	60	3
1617	0.6875	0.9375	1	60	3
1618	0.9375	0.9375	1	60	1
1619	0.9375	0.9375	1	60	2
1620	0.9375	0.9375	1	60	1
1621	0.5	0.9375	1	60	1
1622	0.9375	0.9375	1	60	3
1623	0.9375	0.9375	1	60	2
1624	0.9375	0.9375	1	60	1
1625	0.75	0.9375	1	60	2
1626	0.5	0.9375	1	60	3
1627	0.5	0.9375	1	60	2
1628	0.9375	0.9375	1	60	3
1629	0.9375	0.9375	1	60	4
1630	0.9375	0.9375	1	60	1
1631	0.5	0.9375	1	60	5
1632	0.9375	0.9375	1	60	2
1633	0.9375	0.9375	1	60	4
1634	0.9375	0.9375	1	60	3
1635	0.9375	0.9375	1	60	1
1636	0.9375	0.9375	1	60	1
1637	0.75	0.9375	1	60	2
1638	0.9375	0.9375	1	60	1
1639	0.75	0.9375	1	60	2
1640	0.9375	0.9375	1	60	2
1641	0.9375	0.9375	1	60	2
1642	0.9375	0.9375	1	60	3
1643	0.9375	0.9375	1	60	1
1644	0.8125	0.9375	1	60	2
1645	0.9375	0.9375	1	60	2
1646	0.9375	0.9375	1	60	1
1647	0.625	0.9375	1	60	2
1648	0.5	0.9375	1	60	3
1649	0.9375	0.9375	1	60	4
1650	0.9375	0.9375	1	60	2
1651	0.9375	0.9375	1	60	1
1652	0.9375	0.9375	1	60	3
1653	0.9375	0.9375	1	60	1
1654	0.9375	0.9375	1	60	1
1655	0.9375	0.9375	1	60	2
1656	0.5	0.9375	1	60	5
1657	0.9375	0.9375	1	60	1
1658	0.25	0.9375	1	60	7
1659	0.9375	0.9375	1	60	1
1660	0.5	0.9375	1	60	2
1661	0.9375	0.9375	1	60	2
1662	0.9375	0.9375	1	60	1
1663	0.9375	0.9375	1	60	1
1664	0.9375	0.9375	1	60	2
1665	0.9375	0.9375	1	60	1
1666	0.5	0.9375	1	60	2
1667	0.9375	0.9375	1	60	4
1668	0.9375	0.9375	1	60	1
1669	0.9375	0.9375	1	60	1
1670	0.9375	0.9375	1	60	1
1671	0.875	0.9375	1	60	2
1672	0.9375	0.9375	1	60	2
1673	0.9375	0.9375	1	60	1
1674	0.9375	0.9375	1	60	1
1675	0.8125	0.9375	1	60	2
1676	0.9375	0.9375	1	60	1
1677	0.9375	0.9375	1	60	3
1678	0.75	0.9375	1	60	3
1679	0.5	0.9375	1	60	2
1680	0.9375	0.9375	1	60	2
1681	0.625	0.9375	1	60	3
1682	0.9375	0.9375	1	60	1
1683	0.9375	0.9375	1	60	2
1684	0.5	0.9375	1	60	3
1685	0.9375	0.9375	1	60	1
1686	0.9375	0.9375	1	60	2
1687	0.875	0.9375	1	60	3
1688	0.5	0.9375	1	60	2
1689	0.6875	0.9375	1	60	3
1690	0.9375	0.9375	1	60	2
1691	0.75	0.9375	1	60	2
1692	0.9375	0.9375	1	60	1
1693	0.9375	0.9375	1	60	2
1694	0.9375	0.9375	1	60	4
1695	0.9375	0.9375	1	60	2
1696	0.9375	0.9375	1	60	1
1697	0.9375	0.9375	1	60	1
1698	0.9375	0.9375	1	60	3
1699	0.9375	0.9375	1	60	2
1700	0.9375	0.9375	1	60	2
1701	0.9375	0.9375	1	60	2
1702	0.5	0.9375	1	60	3
1703	0.9375	0.9375	1	60	3
1704	0.9375	0.9375	1	60	2
1705	0.5	0.9375	1	60	4
1706	0.6875	0.9375	1	60	5
1707	0.9375	0.9375	1	60	3
1708	0.9375	0.9375	1	60	2
1709	0.9375	0.9375	1	60	1
1710	0.9375	0.9375	1	60	1
1711	0.9375	0.9375	1	60	1
1712	0.9375	0.9375	1	60	3
1713	0.9375	0.9375	1	60	1
1714	0.9375	0.9375	1	60	1
1715	0.9375	0.9375	1	60	1
1716	0.5	0.9375	1	60	2
1717	0.9375	0.9375	1	60	2
1718	0.9375	0.9375	1	60	1
1719	0.9375	0.9375	1	60	1
1720	0.9375	0.9375	1	60	2
1721	0.6875	0.9375	1	60	7
1722	0.9375	0.9375	1	60	1
1723	0.9375	0.9375	1	60	3
1724	0.625	0.9375	1	60	2
1725	0.9375	0.9375	1	60	1
1726	0.9375	0.9375	1	60	3
1727	0.9375	0.9375	1	60	1
1728	0.9375	0.9375	1	60	1
1729	0.9375	0.9375	1	60	1
1730	0.9375	0.9375	1	60	3
1731	0.9375	0.9375	1	60	3
1732	0.9375	0.9375	1	60	2
1733	0.9375	0.9375	1	60	2
1734	0.9375	0.9375	1	60	1
1735	0.6875	0.9375	1	60	2
1736	0.9375	0.9375	1	60	1
1737	0.875	0.9375	1	60	2
1738	0.9375	0.9375	1	60	4
1739	0.9375	0.9375	1	60	2
1740	0.9375	0.9375	1	60	1
1741	0.9375	0.9375	1	60	4
1742	1	1	1	60	4
## Seeds    : 1502474802, 77558
## Runtime  : 0h 0m 2s.
## Begins at: Sun Aug 30 11:26:42 2020
## Ends   at: Sun Aug 30 11:26:44 2020
