1	0.5
2	0.5
3	0.5
4	0.5
5	0.5
6	0.5625
7	0.5625
8	0.5625
9	0.5625
10	0.5625
11	0.5625
12	0.5625
13	0.5625
14	0.5625
15	0.5625
16	0.5625
17	0.5625
18	0.5625
19	0.5625
20	0.5625
21	0.5625
22	0.5625
23	0.5625
24	0.5625
25	0.5625
26	0.625
27	0.625
28	0.625
29	0.625
30	0.625
31	0.6875
32	0.6875
33	0.6875
34	0.6875
35	0.6875
36	0.6875
37	0.6875
38	0.6875
39	0.6875
40	0.75
41	0.75
42	0.75
43	0.75
44	0.75
45	0.75
46	0.75
47	0.75
48	0.75
49	0.75
50	0.75
51	0.75
52	0.75
53	0.75
54	0.75
55	0.75
56	0.75
57	0.75
58	0.75
59	0.75
60	0.75
61	0.75
62	0.75
63	0.75
64	0.75
65	0.75
66	0.75
67	0.75
68	0.75
69	0.75
70	0.75
71	0.75
72	0.75
73	0.75
74	0.75
75	0.8125
76	0.8125
77	0.8125
78	0.8125
79	0.8125
80	0.8125
81	0.8125
82	0.8125
83	0.8125
84	0.8125
85	0.8125
86	0.8125
87	0.8125
88	0.8125
89	0.8125
90	0.8125
91	0.8125
92	0.8125
93	0.8125
94	0.8125
95	0.8125
96	0.8125
97	0.8125
98	0.8125
99	0.8125
100	0.8125
101	0.8125
102	0.8125
103	0.8125
104	0.8125
105	0.8125
106	0.8125
107	0.8125
108	0.8125
109	0.8125
110	0.8125
111	0.8125
112	0.8125
113	0.8125
114	0.8125
115	0.8125
116	0.8125
117	0.8125
118	0.8125
119	0.875
120	0.875
121	0.875
122	0.875
123	0.875
124	0.875
125	0.875
126	0.875
127	0.875
128	0.875
129	0.875
130	0.875
131	0.875
132	0.875
133	0.875
134	0.875
135	0.875
136	0.875
137	0.875
138	0.875
139	0.875
140	0.875
141	0.875
142	0.875
143	0.875
144	0.875
145	0.875
146	0.875
147	0.875
148	0.875
149	0.875
150	0.875
151	0.875
152	0.875
153	0.875
154	0.875
155	0.875
156	0.875
157	0.875
158	0.875
159	0.875
160	0.875
161	0.875
162	0.875
163	0.875
164	0.875
165	0.875
166	0.875
167	0.875
168	0.875
169	0.875
170	0.875
171	0.875
172	0.875
173	0.875
174	0.875
175	0.875
176	0.875
177	0.875
178	0.875
179	0.875
180	0.875
181	0.875
182	0.875
183	0.875
184	0.875
185	0.875
186	0.875
187	0.875
188	0.875
189	0.875
190	0.875
191	0.875
192	0.875
193	0.875
194	0.875
195	0.875
196	0.875
197	0.875
198	0.875
199	0.875
200	0.875
201	0.875
202	0.875
203	0.875
204	0.875
205	0.875
206	0.875
207	0.875
208	0.875
209	0.875
210	0.875
211	0.875
212	0.875
213	0.875
214	0.875
215	0.875
216	0.875
217	0.875
218	0.875
219	0.875
220	0.875
221	0.875
222	0.875
223	0.875
224	0.875
225	0.875
226	0.875
227	0.875
228	0.875
229	0.875
230	0.875
231	0.875
232	0.875
233	0.875
234	0.875
235	0.875
236	0.875
237	0.875
238	0.875
239	0.875
240	0.875
241	0.875
242	0.875
243	0.875
244	0.875
245	0.875
246	0.875
247	0.875
248	0.875
249	0.875
250	0.875
251	0.875
252	0.875
253	0.875
254	0.875
255	0.875
256	0.875
257	0.875
258	0.875
259	0.875
260	0.875
261	0.875
262	0.875
263	0.875
264	0.875
265	0.875
266	0.875
267	0.875
268	0.875
269	0.875
270	0.875
271	0.875
272	0.875
273	0.875
274	0.875
275	0.875
276	0.875
277	0.875
278	0.875
279	0.875
280	0.875
281	0.875
282	0.875
283	0.875
284	0.875
285	0.875
286	0.875
287	0.875
288	0.875
289	0.875
290	0.875
291	0.875
292	0.875
293	0.875
294	0.875
295	0.875
296	0.875
297	0.875
298	0.875
299	0.875
300	0.875
301	0.875
302	0.875
303	0.875
304	0.875
305	0.875
306	0.875
307	0.875
308	0.875
309	0.875
310	0.875
311	0.875
312	0.875
313	0.875
314	0.875
315	0.875
316	0.875
317	0.875
318	0.875
319	0.875
320	0.875
321	0.875
322	0.875
323	0.875
324	0.875
325	0.875
326	0.875
327	0.875
328	0.875
329	0.875
330	0.875
331	0.875
332	0.875
333	0.875
334	0.875
335	0.875
336	0.875
337	0.875
338	0.875
339	0.875
340	0.875
341	0.875
342	0.875
343	0.875
344	0.875
345	0.875
346	0.875
347	0.875
348	0.875
349	0.875
350	0.875
351	0.875
352	0.875
353	0.875
354	0.875
355	0.875
356	0.875
357	0.875
358	0.875
359	0.875
360	0.875
361	0.875
362	0.875
363	0.875
364	0.875
365	0.875
366	0.875
367	0.875
368	0.875
369	0.875
370	0.875
371	0.875
372	0.875
373	0.875
374	0.875
375	0.875
376	0.875
377	0.875
378	0.875
379	0.875
380	0.875
381	0.875
382	0.875
383	0.875
384	0.875
385	0.875
386	0.875
387	0.875
388	0.875
389	0.875
390	0.875
391	0.875
392	0.875
393	0.875
394	0.875
395	0.875
396	0.875
397	0.875
398	0.875
399	0.875
400	0.875
401	0.875
402	0.875
403	0.875
404	0.875
405	0.875
406	0.875
407	0.875
408	0.875
409	0.875
410	0.875
411	0.875
412	0.875
413	0.875
414	0.875
415	0.875
416	0.875
417	0.875
418	0.875
419	0.875
420	0.875
421	0.875
422	0.875
423	0.875
424	0.875
425	0.875
426	0.875
427	0.875
428	0.875
429	0.875
430	0.875
431	0.875
432	0.875
433	0.875
434	0.875
435	0.875
436	0.875
437	0.875
438	0.875
439	0.875
440	0.875
441	0.875
442	0.875
443	0.875
444	0.875
445	0.875
446	0.875
447	0.875
448	0.875
449	0.875
450	0.875
451	0.875
452	0.875
453	0.875
454	0.875
455	0.875
456	0.875
457	0.875
458	0.875
459	0.875
460	0.875
461	0.875
462	0.875
463	0.875
464	0.875
465	0.875
466	0.875
467	0.875
468	0.875
469	0.875
470	0.875
471	0.875
472	0.875
473	0.875
474	0.875
475	0.875
476	0.875
477	0.875
478	0.875
479	0.875
480	0.875
481	0.875
482	0.875
483	0.875
484	0.875
485	0.875
486	0.875
487	0.875
488	0.875
489	0.875
490	0.875
491	0.875
492	0.875
493	0.875
494	0.875
495	0.875
496	0.875
497	0.875
498	0.875
499	0.875
500	0.875
501	0.875
502	0.875
503	0.875
504	0.875
505	0.875
506	0.875
507	0.875
508	0.875
509	0.875
510	0.875
511	0.875
512	0.875
513	0.875
514	0.875
515	0.875
516	0.875
517	0.875
518	0.875
519	0.875
520	0.875
521	0.875
522	0.875
523	0.875
524	0.875
525	0.875
526	0.875
527	0.875
528	0.875
529	0.875
530	0.875
531	0.875
532	0.875
533	0.875
534	0.875
535	0.875
536	0.875
537	0.875
538	0.875
539	0.875
540	0.875
541	0.875
542	0.875
543	0.875
544	0.875
545	0.875
546	0.875
547	0.875
548	0.875
549	0.875
550	0.875
551	0.875
552	0.875
553	0.875
554	0.875
555	0.875
556	0.875
557	0.875
558	0.875
559	0.875
560	0.875
561	0.875
562	0.875
563	0.875
564	0.875
565	0.875
566	0.875
567	0.875
568	0.875
569	0.875
570	0.875
571	0.875
572	0.875
573	0.875
574	0.875
575	0.875
576	0.875
577	0.875
578	0.875
579	0.875
580	0.875
581	0.875
582	0.875
583	0.875
584	0.875
585	0.875
586	0.875
587	0.875
588	0.875
589	0.875
590	0.875
591	0.875
592	0.875
593	0.875
594	0.875
595	0.875
596	0.875
597	0.875
598	0.875
599	0.875
600	0.875
601	0.875
602	0.875
603	0.875
604	0.875
605	0.875
606	0.875
607	0.875
608	0.875
609	0.875
610	0.875
611	0.875
612	0.875
613	0.875
614	0.875
615	0.875
616	0.875
617	0.875
618	0.875
619	0.875
620	0.875
621	0.875
622	0.875
623	0.875
624	0.875
625	0.875
626	0.875
627	0.875
628	0.875
629	0.875
630	0.875
631	0.875
632	0.875
633	0.875
634	0.875
635	0.875
636	0.875
637	0.875
638	0.875
639	0.875
640	0.875
641	0.875
642	0.875
643	0.875
644	0.875
645	0.875
646	0.875
647	0.875
648	0.875
649	0.875
650	0.875
651	0.875
652	0.875
653	0.875
654	0.875
655	0.875
656	0.875
657	0.875
658	0.875
659	0.875
660	0.875
661	0.875
662	0.875
663	0.875
664	0.875
665	0.875
666	0.875
667	0.875
668	0.875
669	0.875
670	0.875
671	0.875
672	0.875
673	0.875
674	0.875
675	0.875
676	0.875
677	0.875
678	0.875
679	0.875
680	0.875
681	0.875
682	0.875
683	0.875
684	0.875
685	0.875
686	0.875
687	0.875
688	0.875
689	0.875
690	0.875
691	0.875
692	0.875
693	0.875
694	0.875
695	0.875
696	0.875
697	0.875
698	0.875
699	0.875
700	0.875
701	0.875
702	0.875
703	0.875
704	0.875
705	0.875
706	0.875
707	0.875
708	0.875
709	0.875
710	0.875
711	0.875
712	0.875
713	0.875
714	0.875
715	0.875
716	0.875
717	0.875
718	0.875
719	0.875
720	0.875
721	0.875
722	0.875
723	0.875
724	0.875
725	0.875
726	0.875
727	0.875
728	0.875
729	0.875
730	0.875
731	0.875
732	0.875
733	0.875
734	0.875
735	0.875
736	0.875
737	0.875
738	0.875
739	0.875
740	0.875
741	0.875
742	0.875
743	0.875
744	0.875
745	0.875
746	0.875
747	0.875
748	0.875
749	0.875
750	0.875
751	0.875
752	0.875
753	0.875
754	0.875
755	0.875
756	0.875
757	0.875
758	0.875
759	0.875
760	0.875
761	0.875
762	0.875
763	0.875
764	0.875
765	0.875
766	0.875
767	0.875
768	0.875
769	0.875
770	0.875
771	0.875
772	0.875
773	0.875
774	0.875
775	0.875
776	0.875
777	0.875
778	0.875
779	0.875
780	0.875
781	0.875
782	0.875
783	0.875
784	0.875
785	0.875
786	0.875
787	0.875
788	0.875
789	0.875
790	0.875
791	0.875
792	0.875
793	0.875
794	0.875
795	0.875
796	0.875
797	0.875
798	0.875
799	0.875
800	0.875
801	0.875
802	0.875
803	0.875
804	0.875
805	0.875
806	0.875
807	0.875
808	0.875
809	0.875
810	0.875
811	0.875
812	0.875
813	0.875
814	0.875
815	0.875
816	0.875
817	0.875
818	0.875
819	0.875
820	0.875
821	0.875
822	0.875
823	0.875
824	0.875
825	0.875
826	0.875
827	0.875
828	0.875
829	0.875
830	0.875
831	0.875
832	0.875
833	0.875
834	0.875
835	0.875
836	0.875
837	0.875
838	0.875
839	0.875
840	0.875
841	0.875
842	0.875
843	0.875
844	0.875
845	0.875
846	0.875
847	0.875
848	0.875
849	0.875
850	0.875
851	0.875
852	0.875
853	0.875
854	0.875
855	0.875
856	0.875
857	0.875
858	0.875
859	0.875
860	0.875
861	0.875
862	0.875
863	0.875
864	0.875
865	0.875
866	0.875
867	0.875
868	0.875
869	0.875
870	0.875
871	0.875
872	0.875
873	0.875
874	0.875
875	0.875
876	0.875
877	0.875
878	0.875
879	0.875
880	0.875
881	0.875
882	0.875
883	0.875
884	0.875
885	0.875
886	0.875
887	0.875
888	0.875
889	0.875
890	0.875
891	0.875
892	0.875
893	0.875
894	0.875
895	0.875
896	0.875
897	0.875
898	0.875
899	0.875
900	0.875
901	0.875
902	0.875
903	0.875
904	0.875
905	0.875
906	0.875
907	0.875
908	0.875
909	0.875
910	0.875
911	0.875
912	0.875
913	0.875
914	0.875
915	0.875
916	0.875
917	0.875
918	0.875
919	0.875
920	0.875
921	0.875
922	0.875
923	0.875
924	0.875
925	0.875
926	0.875
927	0.875
928	0.875
929	0.875
930	0.875
931	0.875
932	0.875
933	0.875
934	0.875
935	0.875
936	0.875
937	0.875
938	0.875
939	0.875
940	0.875
941	0.875
942	0.875
943	0.875
944	0.875
945	0.875
946	0.875
947	0.875
948	0.875
949	0.875
950	0.875
951	0.875
952	0.875
953	0.875
954	0.875
955	0.875
956	0.875
957	0.875
958	0.875
959	0.875
960	0.875
961	0.875
962	0.875
963	0.875
964	0.875
965	0.875
966	0.875
967	0.875
968	0.875
969	0.875
970	0.875
971	0.875
972	0.875
973	0.875
974	0.875
975	0.875
976	0.875
977	0.875
978	0.875
979	0.875
980	0.875
981	0.875
982	0.875
983	0.875
984	0.875
985	0.875
986	0.875
987	0.875
988	0.875
989	0.875
990	0.875
991	0.875
992	0.875
993	0.875
994	0.875
995	0.875
996	0.875
997	0.875
998	0.875
999	0.875
1000	0.875
1001	0.875
1002	0.875
1003	0.875
1004	0.875
1005	0.875
1006	0.875
1007	0.875
1008	0.875
1009	0.875
1010	0.875
1011	0.875
1012	0.875
1013	0.875
1014	0.875
1015	0.875
1016	0.875
1017	0.875
1018	0.875
1019	0.875
1020	0.875
1021	0.875
1022	0.875
1023	0.875
1024	0.875
1025	0.875
1026	0.875
1027	0.875
1028	0.875
1029	0.875
1030	0.875
1031	0.875
1032	0.875
1033	0.875
1034	0.875
1035	0.875
1036	0.875
1037	0.875
1038	0.875
1039	0.875
1040	0.875
1041	0.875
1042	0.875
1043	0.875
1044	0.875
1045	0.875
1046	0.875
1047	0.875
1048	0.875
1049	0.875
1050	0.875
1051	0.875
1052	0.875
1053	0.875
1054	0.875
1055	0.875
1056	0.875
1057	0.875
1058	0.875
1059	0.875
1060	0.875
1061	0.875
1062	0.875
1063	0.875
1064	0.875
1065	0.875
1066	0.875
1067	0.875
1068	0.875
1069	0.875
1070	0.875
1071	0.875
1072	0.875
1073	0.875
1074	0.875
1075	0.875
1076	0.875
1077	0.875
1078	0.875
1079	0.875
1080	0.875
1081	0.875
1082	0.875
1083	0.875
1084	0.875
1085	0.875
1086	0.875
1087	0.875
1088	0.875
1089	0.875
1090	0.875
1091	0.875
1092	0.875
1093	0.875
1094	0.875
1095	0.875
1096	0.875
1097	0.875
1098	0.875
1099	0.875
1100	0.875
1101	0.875
1102	0.875
1103	0.875
1104	0.875
1105	0.875
1106	0.875
1107	0.875
1108	0.875
1109	0.875
1110	0.875
1111	0.875
1112	0.875
1113	0.875
1114	0.875
1115	0.875
1116	0.875
1117	0.875
1118	0.875
1119	0.875
1120	0.875
1121	0.875
1122	0.875
1123	0.875
1124	0.875
1125	0.875
1126	0.875
1127	0.875
1128	0.875
1129	0.875
1130	0.875
1131	0.875
1132	0.875
1133	0.875
1134	0.875
1135	0.875
1136	0.875
1137	0.875
1138	0.875
1139	0.875
1140	0.875
1141	0.875
1142	0.875
1143	0.875
1144	0.875
1145	0.875
1146	0.875
1147	0.875
1148	0.875
1149	0.875
1150	0.875
1151	0.875
1152	0.875
1153	0.875
1154	0.875
1155	0.875
1156	0.875
1157	0.875
1158	0.875
1159	0.875
1160	0.875
1161	0.875
1162	0.875
1163	0.875
1164	0.875
1165	0.875
1166	0.875
1167	0.875
1168	0.875
1169	0.875
1170	0.875
1171	0.875
1172	0.875
1173	0.875
1174	0.875
1175	0.875
1176	0.875
1177	0.875
1178	0.875
1179	0.875
1180	0.875
1181	0.875
1182	0.875
1183	0.875
1184	0.875
1185	0.875
1186	0.875
1187	0.875
1188	0.875
1189	0.875
1190	0.875
1191	0.875
1192	0.875
1193	0.875
1194	0.875
1195	0.875
1196	0.875
1197	0.875
1198	0.875
1199	0.875
1200	0.875
1201	0.875
1202	0.875
1203	0.875
1204	0.875
1205	0.875
1206	0.875
1207	0.875
1208	0.875
1209	0.875
1210	0.875
1211	0.875
1212	0.875
1213	0.875
1214	0.875
1215	0.875
1216	0.875
1217	0.875
1218	0.875
1219	0.875
1220	0.875
1221	0.875
1222	0.875
1223	0.875
1224	0.875
1225	0.875
1226	0.875
1227	0.875
1228	0.875
1229	0.875
1230	0.875
1231	0.875
1232	0.875
1233	0.875
1234	0.875
1235	0.875
1236	0.875
1237	0.875
1238	0.875
1239	0.875
1240	0.875
1241	0.875
1242	0.875
1243	0.875
1244	0.875
1245	0.875
1246	0.875
1247	0.875
1248	0.875
1249	0.875
1250	0.875
1251	0.875
1252	0.875
1253	0.875
1254	0.875
1255	0.875
1256	0.875
1257	0.875
1258	0.875
1259	0.875
1260	0.875
1261	0.875
1262	0.875
1263	0.875
1264	0.875
1265	0.875
1266	0.875
1267	0.875
1268	0.875
1269	0.875
1270	0.875
1271	0.875
1272	0.875
1273	0.875
1274	0.875
1275	0.875
1276	0.875
1277	0.875
1278	0.875
1279	0.875
1280	0.875
1281	0.875
1282	0.875
1283	0.875
1284	0.875
1285	0.875
1286	0.875
1287	0.875
1288	0.875
1289	0.875
1290	0.875
1291	0.875
1292	0.875
1293	0.875
1294	0.875
1295	0.875
1296	0.875
1297	0.875
1298	0.875
1299	0.875
1300	0.875
1301	0.875
1302	0.875
1303	0.875
1304	0.875
1305	0.875
1306	0.875
1307	0.875
1308	0.875
1309	0.875
1310	0.875
1311	0.875
1312	0.875
1313	0.875
1314	0.875
1315	0.875
1316	0.875
1317	0.875
1318	0.875
1319	0.875
1320	0.875
1321	0.875
1322	0.875
1323	0.875
1324	0.875
1325	0.875
1326	0.875
1327	0.875
1328	0.875
1329	0.875
1330	0.875
1331	0.875
1332	0.875
1333	0.875
1334	0.875
1335	0.875
1336	0.875
1337	0.875
1338	0.875
1339	0.875
1340	0.875
1341	0.875
1342	0.875
1343	0.875
1344	0.875
1345	0.875
1346	0.875
1347	0.875
1348	0.875
1349	0.875
1350	0.875
1351	0.875
1352	0.875
1353	0.875
1354	0.875
1355	0.875
1356	0.875
1357	0.875
1358	0.875
1359	0.875
1360	0.875
1361	0.875
1362	0.875
1363	0.875
1364	0.875
1365	0.875
1366	0.875
1367	0.875
1368	0.875
1369	0.875
1370	0.875
1371	0.875
1372	0.875
1373	0.875
1374	0.875
1375	0.875
1376	0.875
1377	0.875
1378	0.875
1379	0.875
1380	0.875
1381	0.875
1382	0.875
1383	0.875
1384	0.875
1385	0.875
1386	0.875
1387	1
## No. organisms: 20
## Seeds        : 1502474802, 77558
## Runtime      : 0h 0m 16s.
## Started at   : Sun Aug 30 11:28:22 2020
## Ended at     : Sun Aug 30 11:28:38 2020
