18643
1
1	1	2	1	1	00110000110001	01000110101010	11110001100111	0	1
1	2	3	1	2	01001011110111	10110111001001	11100100110000	0	1
1	3	1	1	3	01100110111011	00000000000000	01100001011000	0	0
1	4	3	1	4	10000001111001	01010001111100	00101011001001	0	0
1	5	2	2	1	00110000101011	01011001111000	00101111000100	0	0
1	6	1	2	2	11101010110001	10000000000000	10000110100010	0	0
1	7	1	2	3	00010101001001	01000000000000	01010000000010	0	0
1	8	2	2	4	01111100010100	10010100011100	01100111111110	0	0
1	9	2	3	1	00001010110101	00000110010011	11100011011111	0	0
1	10	2	3	2	10101010000111	10011111100010	00011010100100	0	0
1	11	2	3	3	01010011101011	11010111110000	10110010111100	0	0
1	12	1	3	4	01000010100011	11000000000000	10111100111010	0	0
1	13	2	4	1	10011110011110	01110010011001	11111010000100	0	0
1	14	3	4	2	00010101000001	11000000010111	10000000111110	0	1
1	15	2	4	3	00000101001011	01111100100001	00010100100110	0	0
1	16	2	4	4	00000110111111	10101100110000	01101101110000	0	0
1	17	3	5	1	01000001011101	00010101001110	11011111010011	0	0
1	18	2	5	2	01101100110001	00101001100001	11101110101110	0	0
1	19	2	5	3	00011111101010	11111101001001	01000101010011	0	1
1	20	2	5	4	10100011111101	00111101110001	10011011011000	0	0
2	1	3	1	1	01101001000110	00111111101000	11101011101101	0	0
2	2	1	1	2	10101010111110	00000000000000	10000001010000	0	0
2	3	2	1	3	10010001000101	11111010011111	00111010000010	0	0
2	4	2	1	4	10001110100111	11110010010001	01000101001000	0	1
2	5	3	2	1	11100101101101	11010111101001	10011110100110	0	0
2	6	1	2	2	00001000100011	10000000000000	01001111000111	0	0
2	7	2	2	3	11000010110010	11011011101010	10010111010011	0	0
2	8	2	2	4	11111001010010	00100100000001	00110010010100	0	0
2	9	2	3	1	01110011110110	11011011010101	01100111101011	0	0
2	10	2	3	2	11110010010110	11001101000100	00010101001000	0	0
2	11	2	3	3	10011101001010	11111001000110	01100011011010	0	1
2	12	3	3	4	11110100000000	10101000010101	10011100101011	0	0
2	13	2	4	1	11100101100100	00101000011101	01000100101100	0	1
2	14	2	4	2	01011111001100	10000110001011	00000011111101	0	1
2	15	1	4	3	01101010101001	01000000000000	00100001111110	0	0
2	16	1	4	4	10001110001101	11000000000000	00101000111111	0	0
2	17	3	5	1	11010011011001	01111110111101	01001111011001	0	0
2	18	2	5	2	00100010001011	01111111110101	11001100111001	0	0
2	19	2	5	3	01111111011010	00010101011001	01111100000111	0	0
2	20	2	5	4	10101000001011	11011000001111	00101000000101	0	0
3	1	3	1	1	01110001101000	00110011101010	10101100001101	0	0
3	2	3	1	2	10010101001001	00110001101011	00011011010101	0	1
3	3	2	1	3	10001101100010	11101111011101	10101001000110	0	0
3	4	2	1	4	01101001101001	01101001000100	10010011011110	0	0
3	5	1	2	1	11101000011111	00000000000000	01010001000101	0	0
3	6	2	2	2	11100000011101	11111111000001	10100111011101	0	0
3	7	2	2	3	00111101001111	01110111010100	00101100000110	0	1
3	8	2	2	4	11011111111111	11000100101011	00011010000001	0	0
3	9	1	3	1	01100010100011	10000000000000	00100111101110	0	0
3	10	2	3	2	00000110110110	01100101001101	01111000010101	0	0
3	11	2	3	3	00011100111000	11010000100000	01010011011100	0	0
3	12	3	3	4	11011101000100	11100001000111	11001110010110	0	0
3	13	2	4	1	01110110100101	01101001011011	11101110000000	0	0
3	14	2	4	2	00010110101000	10110101001101	01000100001110	0	0
3	15	2	4	3	11101011111100	10000011011111	01011110101011	0	0
3	16	2	4	4	10010100011000	01001111001001	10101110110001	0	0
3	17	2	5	1	01101010101110	00110001010011	00101101110110	0	0
3	18	3	5	2	11010110001111	00101100010100	11110000110011	0	1
3	19	1	5	3	00000001000100	01000000000000	10100101011110	0	1
3	20	1	5	4	01001110000111	11000000000000	10101000101000	0	0
4	1	2	1	1	01111010010001	10000111011110	01011011111010	0	0
4	2	2	1	2	11010010011100	00001010110100	11010000111000	0	0
4	3	2	1	3	01111010100100	00100110011000	10000001010101	0	0
4	4	3	1	4	10110001001111	10000000111001	10010001011011	0	0
4	5	3	2	1	11101110111001	10010001100111	00111111101111	0	1
4	6	2	2	2	10001111110111	00001111101011	01000111000011	0	0
4	7	3	2	3	10000010110000	00101010001110	00100011011000	0	0
4	8	1	2	4	00110110001000	00000000000000	11101010110000	0	1
4	9	2	3	1	01001100111001	11011100111100	00011111001100	0	0
4	10	2	3	2	10000001011111	00111000000101	10100000101100	0	0
4	11	1	3	3	10001001011101	10000000000000	01100111110101	0	0
4	12	1	3	4	00110110101110	01000000000000	01010111000000	0	0
4	13	2	4	1	00000000010010	11100010110010	00011111101000	0	0
4	14	3	4	2	00101111111000	11100011110111	01011101001100	0	0
4	15	2	4	3	11000100011010	11111101111111	01101000011000	0	0
4	16	2	4	4	01100110100000	01000000110111	11110111011101	0	1
4	17	1	5	1	10001101011000	11000000000000	00100100111110	0	0
4	18	2	5	2	00101101101010	10010111110000	01010001010111	0	0
4	19	2	5	3	01111111010010	00110001010111	11001111100101	0	1
4	20	2	5	4	00011000101010	10110000010011	11011100001010	0	0
5	1	2	1	1	11110010010000	01111011000100	11010100000001	0	0
5	2	2	1	2	00111000000110	00011010111100	10011011101100	0	0
5	3	2	1	3	10100000100001	01000001101110	10111011000010	0	0
5	4	1	1	4	10010000110100	00001011111001	10101011111011	0	1
5	5	2	2	1	11100010100000	01001110000111	10110000100100	0	1
5	6	2	2	2	01100011011101	11001001101011	11010000000100	0	0
5	7	2	2	3	11011110001110	10111111001010	01111101001101	0	0
5	8	2	2	4	00011110101100	01001001100000	01010011111000	0	0
5	9	2	3	1	00010101111000	11010011110101	11000010100101	0	0
5	10	3	3	2	00000011100011	10110011011010	00111111100111	0	0
5	11	2	3	3	00001111010011	00100110001101	11000111010101	0	0
5	12	3	3	4	01100100010100	01011110011100	01011110010110	0	0
5	13	1	4	1	00110010100000	11101000001011	10000101000010	0	0
5	14	2	4	2	01110110011101	11000011010011	11010100011100	0	0
5	15	2	4	3	11010010100101	01110001010100	01011101011001	0	0
5	16	3	4	4	11100000110001	10100001110111	01000001100010	0	1
5	17	2	5	1	01100000110100	01100100011100	11001111111100	0	0
5	18	1	5	2	11111111000111	11101110111010	10110010100100	0	0
5	19	3	5	3	01010011101010	10100111100101	01110100110101	0	0
5	20	1	5	4	00101011001111	00011110110011	11110011101101	0	1
6	1	2	1	1	10011110101010	00101101001101	00001100001111	0	1
6	2	3	1	2	01000100011100	01000100111101	01001110111000	0	0
6	3	2	1	3	00000001101111	11001001001011	11001110100000	0	0
6	4	2	1	4	11011110000001	10000101000110	11110100110111	0	0
6	5	1	2	1	11100000001011	11101011000011	01001100011101	0	0
6	6	3	2	2	00100001111110	01110011111100	11111100011001	0	0
6	7	3	2	3	11010111011111	00110001010110	11011100100100	0	1
6	8	1	2	4	00011100111001	01010011111001	10010111010011	0	1
6	9	1	3	1	11101010011011	11011101111010	10011100000101	0	0
6	10	2	3	2	01000101101010	10111010101001	10010101110001	0	0
6	11	2	3	3	01111100111011	10010011100010	11110110000100	0	0
6	12	2	3	4	01101110110011	00011110110101	11000010010011	0	1
6	13	2	4	1	01000100001010	11000111010101	11100110110010	0	0
6	14	1	4	2	01010100001100	01000110010110	10100011100111	0	0
6	15	2	4	3	00000111010101	00011000001001	00101010101100	0	0
6	16	2	4	4	01010011010010	11001111011100	00111111111100	0	0
6	17	2	5	1	10101110011010	00000000001000	10111011011001	0	0
6	18	2	5	2	11100111011100	10000000011001	01001000001001	0	0
6	19	2	5	3	10101010110101	10010010000000	11100001100010	0	0
6	20	3	5	4	11100110011001	10000000111000	10011010100111	0	0
7	1	2	1	1	01010011011110	00111001010110	10101011111000	0	0
7	2	2	1	2	10101111011000	01011100110000	00101100111100	0	1
7	3	2	1	3	00110110000010	01111101101101	01110111110111	0	0
7	4	3	1	4	10000111000010	11111011111010	00011101010111	0	1
7	5	3	2	1	10100110100010	00110001110101	01111000111100	0	0
7	6	2	2	2	11101011100110	10111111011011	10001000111001	0	0
7	7	3	2	3	10011101100111	10110010100010	01000100000100	0	1
7	8	2	2	4	10000010000100	00101011000011	10000000100101	0	0
7	9	2	3	1	00010100001101	11111010000111	01011110010011	0	0
7	10	1	3	2	01111110000011	10110111100111	10110011000111	0	1
7	11	2	3	3	01011100011001	10010001010101	10110110101010	0	0
7	12	2	3	4	01001001011101	00001101110001	10111101011000	0	0
7	13	1	4	1	00100111111000	01011101001111	10000111001000	0	0
7	14	2	4	2	11001101011011	01100010111111	11100101001010	0	0
7	15	3	4	3	00001110011010	10001101111110	10100110001110	0	0
7	16	2	4	4	00000000011011	10001100011010	11000001110101	0	0
7	17	2	5	1	01000101100010	11110010010010	11101010110111	0	0
7	18	2	5	2	00000000011011	11010100001101	01101000001011	0	0
7	19	1	5	3	11001011001000	10010100101010	10010110001100	0	0
7	20	1	5	4	11111100111010	10010011110000	01111010100100	0	0
8	1	2	1	1	11011110001010	11000010011000	11110010011100	0	0
8	2	2	1	2	01011100110110	01001101101111	10100010011001	0	0
8	3	2	1	3	10111101010101	01110101000110	01000110011011	0	0
8	4	3	1	4	10000000000001	00001100001001	10101001100011	0	0
8	5	2	2	1	00101000000000	11100000110000	01010001000111	0	0
8	6	3	2	2	10011101110101	11001011100000	01101000101110	0	0
8	7	2	2	3	01001010110111	10011000000010	10101010000101	0	0
8	8	1	2	4	10111110000001	01011010111111	01110001000110	0	0
8	9	2	3	1	10110001100110	01100001110110	00000110110101	0	1
8	10	3	3	2	01001001001101	00110000111101	11011101100010	0	0
8	11	2	3	3	10100111110100	01000101001010	10001010011011	0	0
8	12	2	3	4	11100110000001	00000001101011	00001000001011	0	0
8	13	3	4	1	00010001001101	01101000001000	10111100011100	0	1
8	14	2	4	2	00100011110011	01101111001010	00010010001000	0	0
8	15	1	4	3	11110011000100	00001101111101	01111111101001	0	0
8	16	1	4	4	11100111111000	10000111111000	10100000110111	0	1
8	17	2	5	1	01001110110111	10000101011101	10111101111110	0	0
8	18	2	5	2	00011111001011	11001001111010	11000010111111	0	1
8	19	1	5	3	10010001000110	11110111001011	01111111011000	0	0
8	20	2	5	4	10101010100010	01011011011000	00000011011010	0	0
9	1	2	1	1	10110011011111	10010010010111	00101010011100	0	0
9	2	1	1	2	00001101001110	11111001110010	01001101011101	0	0
9	3	3	1	3	11111101101111	00010011000110	01101000000000	0	0
9	4	3	1	4	10100001001110	11110011000000	11101001110001	0	0
9	5	2	2	1	00111110001010	01010101010101	10111111110001	0	1
9	6	2	2	2	01001001101101	10001001110101	10000101000000	0	0
9	7	2	2	3	10111110001101	00100111000001	11111001001111	0	0
9	8	1	2	4	11010101110010	01000101010001	11110110111101	0	0
9	9	2	3	1	11011111101101	10011010101000	01000100100000	0	0
9	10	2	3	2	01001000110000	00001101000000	00011010101111	0	0
9	11	2	3	3	10011010100110	00011010011100	01100101101110	0	1
9	12	2	3	4	01100000010100	01110010101101	01000101010001	0	0
9	13	2	4	1	10000011101000	11001111101010	01001110100000	0	1
9	14	2	4	2	11100111101000	11000010001100	01010000110010	0	0
9	15	3	4	3	10101000001010	10010000101000	11001100101001	0	0
9	16	2	4	4	01011000010001	11100110110000	01001101101011	0	1
9	17	1	5	1	01111000111001	10100110111011	11011110001001	0	0
9	18	2	5	2	00111110010100	11001001000111	01111000011110	0	0
9	19	3	5	3	10011010001101	11000000011111	10010000010000	0	0
9	20	1	5	4	11100001000001	00100000001001	10001011111111	0	0
10	1	3	1	1	10010001100010	00111010000100	01000110111000	0	1
10	2	2	1	2	01010111001110	11011100010101	00010000011101	0	1
10	3	2	1	3	01000110001100	00111100001010	10000100010101	0	0
10	4	1	1	4	01011110001100	01001001010111	01011111000010	0	0
10	5	2	2	1	00010001111011	01000110001111	00110111110110	0	1
10	6	2	2	2	00101101101111	00111011000010	10010001010111	0	0
10	7	1	2	3	01101100100011	10100110001110	11100000101100	0	0
10	8	2	2	4	01010111011000	00001100101110	11010110101001	0	0
10	9	3	3	1	10011111001100	10000101101110	01100010100010	0	1
10	10	1	3	2	11001100110000	01110000101011	10011101010011	0	0
10	11	2	3	3	11001010011010	01001111100100	10101101011111	0	0
10	12	3	3	4	01100100011011	11000011011000	10001100000110	0	0
10	13	2	4	1	01000111110110	00001000100100	00011000011100	0	0
10	14	2	4	2	01011011110111	01011101110010	11001001100110	0	0
10	15	2	4	3	01001111101001	10100101011111	11001000010100	0	0
10	16	2	4	4	11111001100000	10011100001100	00111010110011	0	0
10	17	2	5	1	11010101011101	11100001011110	10001010100001	0	0
10	18	3	5	2	00111111110000	01010111000111	10010110011100	0	0
10	19	1	5	3	01010010000100	10011101101001	01011000100001	0	0
10	20	2	5	4	10000101100010	00010110100111	00110001110001	0	0
11	1	1	1	1	10111101000110	11111001100001	11010001010010	0	0
11	2	2	1	2	11111110001001	00011111000010	00011001101011	0	1
11	3	3	1	3	11001000010111	00001010100111	11001110111010	0	0
11	4	2	1	4	10111001101011	00011011000011	01000010011011	0	0
11	5	1	2	1	11000000111100	10011001011110	10001111011100	0	0
11	6	2	2	2	01010000110000	00101011111100	10011101001100	1	0
11	7	2	2	3	01111110000100	11001101100101	00001101010010	0	0
11	8	2	2	4	11001001100000	01001101100111	00110001111110	1	0
11	9	2	3	1	10010100100110	01000111010011	11001111101001	0	1
11	10	2	3	2	11101110111011	11101011001000	01100001111001	0	0
11	11	2	3	3	11111100001110	10010001000101	00010110111011	0	0
11	12	1	3	4	11100111110101	10100110111010	00111110100001	0	0
11	13	1	4	1	01011000001100	01011000000100	10100101000010	0	0
11	14	2	4	2	11101110001101	11100011010000	11110000110011	0	0
11	15	3	4	3	01001010101010	10110000001011	10001010110001	0	0
11	16	3	4	4	10110010010011	00001111011111	11000111000010	0	1
11	17	2	5	1	00000010101110	11101110000011	00000100000001	0	1
11	18	3	5	2	00010001100111	01110000000011	11001101110010	0	0
11	19	2	5	3	10110010100010	01001011110111	11010111010001	0	0
11	20	2	5	4	11110110001011	10010101110111	01010011111111	0	0
