1	0.5
2	0.5
3	0.5
4	0.5
5	0.5
6	0.5
7	0.5
8	0.5
9	0.5
10	0.5
11	0.5
12	0.5
13	0.5
14	0.5
15	0.5
16	0.503906
17	0.503906
18	0.507812
19	0.507812
20	0.507812
21	0.507812
22	0.507812
23	0.507812
24	0.507812
25	0.507812
26	0.507812
27	0.507812
28	0.507812
29	0.507812
30	0.507812
31	0.507812
32	0.515625
33	0.515625
34	0.515625
35	0.515625
36	0.515625
37	0.515625
38	0.515625
39	0.515625
40	0.515625
41	0.515625
42	0.515625
43	0.53125
44	0.53125
45	0.53125
46	0.53125
47	0.53125
48	0.53125
49	0.53125
50	0.53125
51	0.53125
52	0.53125
53	0.53125
54	0.53125
55	0.53125
56	0.53125
57	0.53125
58	0.53125
59	0.53125
60	0.53125
61	0.53125
62	0.53125
63	0.5625
64	0.5625
65	0.5625
66	0.5625
67	0.5625
68	0.5625
69	0.5625
70	0.5625
71	0.5625
72	0.5625
73	0.5625
74	0.5625
75	0.5625
76	0.5625
77	0.5625
78	0.5625
79	0.5625
80	0.5625
81	0.5625
82	0.5625
83	0.5625
84	0.5625
85	0.5625
86	0.5625
87	0.5625
88	0.5625
89	0.5625
90	0.5625
91	0.5625
92	0.5625
93	0.5625
94	0.5625
95	0.5625
96	0.5625
97	0.5625
98	0.5625
99	0.5625
100	0.5625
101	0.5625
102	0.5625
103	0.5625
104	0.5625
105	0.5625
106	0.5625
107	0.5625
108	0.5625
109	0.5625
110	0.5625
111	0.5625
112	0.5625
113	0.5625
114	0.5625
115	0.5625
116	0.5625
117	0.5625
118	0.5625
119	0.5625
120	0.5625
121	0.5625
122	0.5625
123	0.5625
124	0.5625
125	0.5625
126	0.5625
127	0.5625
128	0.5625
129	0.5625
130	0.5625
131	0.5625
132	0.5625
133	0.5625
134	0.5625
135	0.5625
136	0.5625
137	0.5625
138	0.5625
139	0.5625
140	0.5625
141	0.5625
142	0.5625
143	0.5625
144	0.5625
145	0.5625
146	0.5625
147	0.5625
148	0.5625
149	0.5625
150	0.5625
151	0.5625
152	0.5625
153	0.5625
154	0.5625
155	0.5625
156	0.5625
157	0.5625
158	0.5625
159	0.5625
160	0.5625
161	0.5625
162	0.5625
163	0.5625
164	0.5625
165	0.5625
166	0.5625
167	0.5625
168	0.5625
169	0.5625
170	0.5625
171	0.5625
172	0.5625
173	0.570312
174	0.578125
175	0.578125
176	0.578125
177	0.578125
178	0.578125
179	0.59375
180	0.59375
181	0.59375
182	0.59375
183	0.59375
184	0.59375
185	0.59375
186	0.59375
187	0.59375
188	0.59375
189	0.59375
190	0.59375
191	0.59375
192	0.59375
193	0.59375
194	0.59375
195	0.59375
196	0.59375
197	0.59375
198	0.59375
199	0.59375
200	0.59375
201	0.59375
202	0.59375
203	0.59375
204	0.59375
205	0.59375
206	0.59375
207	0.59375
208	0.59375
209	0.59375
210	0.59375
211	0.59375
212	0.59375
213	0.59375
214	0.59375
215	0.59375
216	0.59375
217	0.59375
218	0.59375
219	0.59375
220	0.59375
221	0.59375
222	0.59375
223	0.59375
224	0.59375
225	0.59375
226	0.59375
227	0.59375
228	0.59375
229	0.59375
230	0.59375
231	0.59375
232	0.59375
233	0.59375
234	0.59375
235	0.59375
236	0.59375
237	0.59375
238	0.59375
239	0.59375
240	0.59375
241	0.59375
242	0.59375
243	0.59375
244	0.59375
245	0.59375
246	0.59375
247	0.59375
248	0.59375
249	0.59375
250	0.59375
251	0.59375
252	0.59375
253	0.59375
254	0.59375
255	0.59375
256	0.59375
257	0.59375
258	0.59375
259	0.59375
260	0.59375
261	0.59375
262	0.59375
263	0.59375
264	0.59375
265	0.59375
266	0.59375
267	0.59375
268	0.59375
269	0.59375
270	0.59375
271	0.59375
272	0.59375
273	0.59375
274	0.59375
275	0.59375
276	0.59375
277	0.59375
278	0.59375
279	0.59375
280	0.59375
281	0.59375
282	0.59375
283	0.59375
284	0.59375
285	0.59375
286	0.59375
287	0.609375
288	0.609375
289	0.609375
290	0.609375
291	0.609375
292	0.609375
293	0.609375
294	0.609375
295	0.609375
296	0.609375
297	0.609375
298	0.609375
299	0.609375
300	0.609375
301	0.609375
302	0.609375
303	0.609375
304	0.609375
305	0.609375
306	0.609375
307	0.609375
308	0.609375
309	0.609375
310	0.609375
311	0.609375
312	0.609375
313	0.609375
314	0.609375
315	0.609375
316	0.609375
317	0.609375
318	0.609375
319	0.609375
320	0.609375
321	0.609375
322	0.609375
323	0.609375
324	0.609375
325	0.609375
326	0.609375
327	0.609375
328	0.609375
329	0.609375
330	0.609375
331	0.609375
332	0.609375
333	0.609375
334	0.609375
335	0.609375
336	0.609375
337	0.609375
338	0.609375
339	0.609375
340	0.609375
341	0.625
342	0.625
343	0.625
344	0.625
345	0.625
346	0.625
347	0.625
348	0.625
349	0.625
350	0.625
351	0.625
352	0.625
353	0.625
354	0.625
355	0.625
356	0.625
357	0.625
358	0.625
359	0.625
360	0.625
361	0.625
362	0.625
363	0.625
364	0.625
365	0.625
366	0.625
367	0.625
368	0.625
369	0.625
370	0.625
371	0.625
372	0.625
373	0.625
374	0.625
375	0.625
376	0.625
377	0.625
378	0.625
379	0.625
380	0.625
381	0.625
382	0.625
383	0.625
384	0.625
385	0.625
386	0.625
387	0.625
388	0.625
389	0.625
390	0.625
391	0.625
392	0.625
393	0.625
394	0.625
395	0.625
396	0.625
397	0.625
398	0.625
399	0.625
400	0.625
401	0.640625
402	0.640625
403	0.640625
404	0.640625
405	0.640625
406	0.640625
407	0.640625
408	0.640625
409	0.640625
410	0.640625
411	0.640625
412	0.640625
413	0.640625
414	0.640625
415	0.640625
416	0.640625
417	0.640625
418	0.640625
419	0.640625
420	0.640625
421	0.640625
422	0.640625
423	0.640625
424	0.640625
425	0.640625
426	0.65625
427	0.65625
428	0.65625
429	0.65625
430	0.65625
431	0.65625
432	0.65625
433	0.65625
434	0.65625
435	0.65625
436	0.65625
437	0.65625
438	0.65625
439	0.6875
440	0.6875
441	0.6875
442	0.6875
443	0.6875
444	0.6875
445	0.6875
446	0.6875
447	0.6875
448	0.6875
449	0.6875
450	0.6875
451	0.6875
452	0.6875
453	0.6875
454	0.6875
455	0.6875
456	0.6875
457	0.6875
458	0.6875
459	0.6875
460	0.6875
461	0.6875
462	0.6875
463	0.6875
464	0.6875
465	0.6875
466	0.6875
467	0.6875
468	0.6875
469	0.6875
470	0.6875
471	0.6875
472	0.6875
473	0.6875
474	0.6875
475	0.6875
476	0.6875
477	0.6875
478	0.6875
479	0.6875
480	0.6875
481	0.6875
482	0.6875
483	0.6875
484	0.6875
485	0.6875
486	0.6875
487	0.6875
488	0.6875
489	0.6875
490	0.6875
491	0.6875
492	0.6875
493	0.6875
494	0.6875
495	0.6875
496	0.6875
497	0.6875
498	0.6875
499	0.6875
500	0.6875
501	0.6875
502	0.6875
503	0.6875
504	0.6875
505	0.6875
506	0.6875
507	0.6875
508	0.6875
509	0.6875
510	0.6875
511	0.6875
512	0.6875
513	0.6875
514	0.6875
515	0.6875
516	0.6875
517	0.6875
518	0.6875
519	0.6875
520	0.6875
521	0.6875
522	0.6875
523	0.6875
524	0.6875
525	0.6875
526	0.6875
527	0.6875
528	0.6875
529	0.6875
530	0.6875
531	0.6875
532	0.6875
533	0.6875
534	0.6875
535	0.6875
536	0.6875
537	0.6875
538	0.6875
539	0.6875
540	0.6875
541	0.6875
542	0.6875
543	0.6875
544	0.6875
545	0.6875
546	0.6875
547	0.6875
548	0.6875
549	0.6875
550	0.6875
551	0.6875
552	0.6875
553	0.6875
554	0.6875
555	0.6875
556	0.6875
557	0.6875
558	0.6875
559	0.6875
560	0.6875
561	0.6875
562	0.6875
563	0.6875
564	0.6875
565	0.6875
566	0.6875
567	0.6875
568	0.6875
569	0.6875
570	0.6875
571	0.6875
572	0.6875
573	0.6875
574	0.6875
575	0.6875
576	0.6875
577	0.6875
578	0.6875
579	0.6875
580	0.6875
581	0.6875
582	0.6875
583	0.6875
584	0.6875
585	0.6875
586	0.6875
587	0.6875
588	0.6875
589	0.6875
590	0.6875
591	0.6875
592	0.6875
593	0.6875
594	0.6875
595	0.6875
596	0.6875
597	0.6875
598	0.6875
599	0.6875
600	0.6875
601	0.6875
602	0.6875
603	0.6875
604	0.6875
605	0.6875
606	0.6875
607	0.6875
608	0.6875
609	0.6875
610	0.6875
611	0.6875
612	0.6875
613	0.6875
614	0.6875
615	0.6875
616	0.6875
617	0.6875
618	0.6875
619	0.6875
620	0.6875
621	0.6875
622	0.6875
623	0.6875
624	0.6875
625	0.6875
626	0.6875
627	0.6875
628	0.6875
629	0.6875
630	0.6875
631	0.6875
632	0.6875
633	0.6875
634	0.6875
635	0.6875
636	0.6875
637	0.6875
638	0.6875
639	0.6875
640	0.6875
641	0.6875
642	0.6875
643	0.6875
644	0.6875
645	0.6875
646	0.6875
647	0.6875
648	0.6875
649	0.6875
650	0.6875
651	0.6875
652	0.6875
653	0.6875
654	0.6875
655	0.6875
656	0.6875
657	0.6875
658	0.6875
659	0.6875
660	0.6875
661	0.6875
662	0.6875
663	0.6875
664	0.6875
665	0.6875
666	0.6875
667	0.6875
668	0.6875
669	0.6875
670	0.6875
671	0.6875
672	0.6875
673	0.6875
674	0.6875
675	0.6875
676	0.6875
677	0.6875
678	0.6875
679	0.6875
680	0.6875
681	0.6875
682	0.6875
683	0.6875
684	0.6875
685	0.6875
686	0.6875
687	0.6875
688	0.6875
689	0.6875
690	0.6875
691	0.6875
692	0.6875
693	0.6875
694	0.6875
695	0.6875
696	0.6875
697	0.6875
698	0.6875
699	0.6875
700	0.6875
701	0.6875
702	0.6875
703	0.6875
704	0.6875
705	0.6875
706	0.6875
707	0.6875
708	0.6875
709	0.6875
710	0.6875
711	0.6875
712	0.6875
713	0.6875
714	0.6875
715	0.6875
716	0.6875
717	0.6875
718	0.6875
719	0.6875
720	0.6875
721	0.6875
722	0.6875
723	0.6875
724	0.6875
725	0.6875
726	0.6875
727	0.6875
728	0.6875
729	0.6875
730	0.6875
731	0.6875
732	0.6875
733	0.6875
734	0.6875
735	0.6875
736	0.6875
737	0.6875
738	0.6875
739	0.6875
740	0.6875
741	0.6875
742	0.6875
743	0.6875
744	0.6875
745	0.6875
746	0.6875
747	0.6875
748	0.6875
749	0.6875
750	0.6875
751	0.6875
752	0.6875
753	0.6875
754	0.6875
755	0.6875
756	0.6875
757	0.6875
758	0.6875
759	0.6875
760	0.6875
761	0.6875
762	0.6875
763	0.6875
764	0.6875
765	0.6875
766	0.6875
767	0.6875
768	0.6875
769	0.6875
770	0.6875
771	0.6875
772	0.6875
773	0.6875
774	0.6875
775	0.6875
776	0.6875
777	0.6875
778	0.6875
779	0.6875
780	0.6875
781	0.6875
782	0.6875
783	0.6875
784	0.6875
785	0.6875
786	0.6875
787	0.6875
788	0.6875
789	0.6875
790	0.6875
791	0.6875
792	0.6875
793	0.6875
794	0.6875
795	0.6875
796	0.6875
797	0.6875
798	0.6875
799	0.6875
800	0.6875
801	0.6875
802	0.6875
803	0.703125
804	0.703125
805	0.703125
806	0.703125
807	0.703125
808	0.703125
809	0.703125
810	0.703125
811	0.703125
812	0.703125
813	0.703125
814	0.703125
815	0.703125
816	0.703125
817	0.703125
818	0.703125
819	0.703125
820	0.703125
821	0.703125
822	0.703125
823	0.703125
824	0.703125
825	0.703125
826	0.703125
827	0.703125
828	0.703125
829	0.703125
830	0.703125
831	0.703125
832	0.703125
833	0.703125
834	0.703125
835	0.703125
836	0.703125
837	0.703125
838	0.703125
839	0.703125
840	0.703125
841	0.703125
842	0.703125
843	0.703125
844	0.703125
845	0.703125
846	0.703125
847	0.703125
848	0.703125
849	0.703125
850	0.703125
851	0.703125
852	0.703125
853	0.703125
854	0.703125
855	0.703125
856	0.703125
857	0.703125
858	0.703125
859	0.703125
860	0.703125
861	0.703125
862	0.703125
863	0.703125
864	0.703125
865	0.703125
866	0.703125
867	0.703125
868	0.703125
869	0.703125
870	0.703125
871	0.703125
872	0.703125
873	0.703125
874	0.703125
875	0.703125
876	0.703125
877	0.703125
878	0.703125
879	0.703125
880	0.703125
881	0.703125
882	0.703125
883	0.703125
884	0.703125
885	0.703125
886	0.703125
887	0.703125
888	0.703125
889	0.703125
890	0.703125
891	0.703125
892	0.703125
893	0.703125
894	0.703125
895	0.703125
896	0.703125
897	0.703125
898	0.703125
899	0.703125
900	0.703125
901	0.703125
902	0.703125
903	0.703125
904	0.703125
905	0.703125
906	0.703125
907	0.703125
908	0.703125
909	0.703125
910	0.703125
911	0.703125
912	0.703125
913	0.703125
914	0.703125
915	0.703125
916	0.703125
917	0.703125
918	0.703125
919	0.703125
920	0.703125
921	0.703125
922	0.703125
923	0.703125
924	0.703125
925	0.703125
926	0.703125
927	0.703125
928	0.703125
929	0.703125
930	0.703125
931	0.703125
932	0.703125
933	0.703125
934	0.703125
935	0.703125
936	0.703125
937	0.703125
938	0.703125
939	0.703125
940	0.703125
941	0.703125
942	0.703125
943	0.703125
944	0.703125
945	0.703125
946	0.703125
947	0.703125
948	0.703125
949	0.703125
950	0.703125
951	0.703125
952	0.703125
953	0.703125
954	0.703125
955	0.703125
956	0.703125
957	0.703125
958	0.703125
959	0.703125
960	0.703125
961	0.703125
962	0.703125
963	0.703125
964	0.703125
965	0.703125
966	0.703125
967	0.703125
968	0.703125
969	0.703125
970	0.703125
971	0.703125
972	0.703125
973	0.703125
974	0.703125
975	0.703125
976	0.703125
977	0.703125
978	0.703125
979	0.703125
980	0.703125
981	0.703125
982	0.703125
983	0.703125
984	0.703125
985	0.703125
986	0.703125
987	0.703125
988	0.703125
989	0.703125
990	0.703125
991	0.703125
992	0.703125
993	0.703125
994	0.703125
995	0.703125
996	0.703125
997	0.703125
998	0.703125
999	0.703125
1000	0.703125
1001	0.703125
1002	0.703125
1003	0.703125
1004	0.703125
1005	0.703125
1006	0.703125
1007	0.703125
1008	0.703125
1009	0.703125
1010	0.703125
1011	0.703125
1012	0.703125
1013	0.703125
1014	0.703125
1015	0.703125
1016	0.703125
1017	0.703125
1018	0.703125
1019	0.703125
1020	0.703125
1021	0.703125
1022	0.703125
1023	0.703125
1024	0.703125
1025	0.703125
1026	0.703125
1027	0.703125
1028	0.703125
1029	0.703125
1030	0.703125
1031	0.703125
1032	0.703125
1033	0.703125
1034	0.703125
1035	0.703125
1036	0.703125
1037	0.703125
1038	0.703125
1039	0.703125
1040	0.703125
1041	0.703125
1042	0.703125
1043	0.703125
1044	0.703125
1045	0.703125
1046	0.703125
1047	0.703125
1048	0.703125
1049	0.703125
1050	0.703125
1051	0.703125
1052	0.703125
1053	0.703125
1054	0.703125
1055	0.703125
1056	0.703125
1057	0.703125
1058	0.703125
1059	0.703125
1060	0.703125
1061	0.703125
1062	0.703125
1063	0.703125
1064	0.703125
1065	0.703125
1066	0.703125
1067	0.703125
1068	0.703125
1069	0.703125
1070	0.703125
1071	0.703125
1072	0.703125
1073	0.703125
1074	0.703125
1075	0.703125
1076	0.703125
1077	0.703125
1078	0.703125
1079	0.703125
1080	0.703125
1081	0.703125
1082	0.703125
1083	0.703125
1084	0.703125
1085	0.703125
1086	0.703125
1087	0.703125
1088	0.703125
1089	0.703125
1090	0.703125
1091	0.703125
1092	0.703125
1093	0.703125
1094	0.703125
1095	0.703125
1096	0.703125
1097	0.703125
1098	0.703125
1099	0.703125
1100	0.703125
1101	0.703125
1102	0.703125
1103	0.703125
1104	0.703125
1105	0.703125
1106	0.703125
1107	0.703125
1108	0.703125
1109	0.703125
1110	0.703125
1111	0.703125
1112	0.703125
1113	0.703125
1114	0.703125
1115	0.703125
1116	0.703125
1117	0.703125
1118	0.703125
1119	0.703125
1120	0.703125
1121	0.703125
1122	0.703125
1123	0.703125
1124	0.703125
1125	0.703125
1126	0.703125
1127	0.703125
1128	0.703125
1129	0.703125
1130	0.703125
1131	0.703125
1132	0.703125
1133	0.703125
1134	0.703125
1135	0.703125
1136	0.703125
1137	0.703125
1138	0.703125
1139	0.703125
1140	0.703125
1141	0.703125
1142	0.703125
1143	0.703125
1144	0.71875
1145	0.71875
1146	0.71875
1147	0.71875
1148	0.71875
1149	0.71875
1150	0.71875
1151	0.71875
1152	0.71875
1153	0.71875
1154	0.71875
1155	0.71875
1156	0.71875
1157	0.71875
1158	0.71875
1159	0.71875
1160	0.71875
1161	0.71875
1162	0.71875
1163	0.71875
1164	0.71875
1165	0.71875
1166	0.71875
1167	0.71875
1168	0.71875
1169	0.71875
1170	0.71875
1171	0.71875
1172	0.71875
1173	0.71875
1174	0.71875
1175	0.71875
1176	0.71875
1177	0.71875
1178	0.71875
1179	0.71875
1180	0.71875
1181	0.71875
1182	0.71875
1183	0.71875
1184	0.71875
1185	0.71875
1186	0.71875
1187	0.71875
1188	0.71875
1189	0.71875
1190	0.71875
1191	0.71875
1192	0.71875
1193	0.71875
1194	0.71875
1195	0.71875
1196	0.71875
1197	0.71875
1198	0.71875
1199	0.71875
1200	0.71875
1201	0.71875
1202	0.71875
1203	0.71875
1204	0.71875
1205	0.71875
1206	0.71875
1207	0.71875
1208	0.71875
1209	0.71875
1210	0.71875
1211	0.71875
1212	0.71875
1213	0.71875
1214	0.71875
1215	0.71875
1216	0.71875
1217	0.71875
1218	0.71875
1219	0.71875
1220	0.71875
1221	0.71875
1222	0.71875
1223	0.71875
1224	0.71875
1225	0.71875
1226	0.71875
1227	0.71875
1228	0.71875
1229	0.71875
1230	0.71875
1231	0.71875
1232	0.71875
1233	0.71875
1234	0.71875
1235	0.71875
1236	0.71875
1237	0.71875
1238	0.71875
1239	0.71875
1240	0.71875
1241	0.71875
1242	0.71875
1243	0.71875
1244	0.71875
1245	0.71875
1246	0.71875
1247	0.71875
1248	0.71875
1249	0.71875
1250	0.71875
1251	0.71875
1252	0.71875
1253	0.71875
1254	0.71875
1255	0.71875
1256	0.71875
1257	0.71875
1258	0.71875
1259	0.71875
1260	0.71875
1261	0.71875
1262	0.71875
1263	0.71875
1264	0.71875
1265	0.71875
1266	0.71875
1267	0.71875
1268	0.71875
1269	0.71875
1270	0.71875
1271	0.71875
1272	0.71875
1273	0.71875
1274	0.71875
1275	0.71875
1276	0.71875
1277	0.71875
1278	0.71875
1279	0.71875
1280	0.71875
1281	0.71875
1282	0.71875
1283	0.71875
1284	0.71875
1285	0.71875
1286	0.71875
1287	0.71875
1288	0.71875
1289	0.71875
1290	0.71875
1291	0.71875
1292	0.71875
1293	0.71875
1294	0.71875
1295	0.71875
1296	0.71875
1297	0.71875
1298	0.71875
1299	0.71875
1300	0.71875
1301	0.71875
1302	0.71875
1303	0.71875
1304	0.71875
1305	0.71875
1306	0.71875
1307	0.71875
1308	0.71875
1309	0.71875
1310	0.71875
1311	0.71875
1312	0.71875
1313	0.71875
1314	0.71875
1315	0.71875
1316	0.71875
1317	0.71875
1318	0.71875
1319	0.71875
1320	0.71875
1321	0.71875
1322	0.71875
1323	0.71875
1324	0.71875
1325	0.71875
1326	0.71875
1327	0.71875
1328	0.71875
1329	0.71875
1330	0.71875
1331	0.71875
1332	0.71875
1333	0.71875
1334	0.71875
1335	0.71875
1336	0.71875
1337	0.71875
1338	0.71875
1339	0.71875
1340	0.71875
1341	0.71875
1342	0.71875
1343	0.71875
1344	0.71875
1345	0.71875
1346	0.71875
1347	0.71875
1348	0.71875
1349	0.71875
1350	0.71875
1351	0.71875
1352	0.71875
1353	0.71875
1354	0.71875
1355	0.71875
1356	0.71875
1357	0.71875
1358	0.71875
1359	0.71875
1360	0.71875
1361	0.71875
1362	0.71875
1363	0.71875
1364	0.71875
1365	0.71875
1366	0.71875
1367	0.71875
1368	0.71875
1369	0.71875
1370	0.71875
1371	0.71875
1372	0.71875
1373	0.71875
1374	0.71875
1375	0.71875
1376	0.71875
1377	0.71875
1378	0.71875
1379	0.71875
1380	0.71875
1381	0.71875
1382	0.71875
1383	0.71875
1384	0.71875
1385	0.71875
1386	0.71875
1387	0.71875
1388	0.71875
1389	0.71875
1390	0.71875
1391	0.71875
1392	0.71875
1393	0.71875
1394	0.71875
1395	0.71875
1396	0.71875
1397	0.71875
1398	0.71875
1399	0.71875
1400	0.71875
1401	0.71875
1402	0.71875
1403	0.71875
1404	0.71875
1405	0.71875
1406	0.71875
1407	0.71875
1408	0.71875
1409	0.71875
1410	0.71875
1411	0.71875
1412	0.71875
1413	0.71875
1414	0.71875
1415	0.71875
1416	0.71875
1417	0.71875
1418	0.71875
1419	0.71875
1420	0.71875
1421	0.71875
1422	0.71875
1423	0.71875
1424	0.71875
1425	0.71875
1426	0.71875
1427	0.71875
1428	0.71875
1429	0.71875
1430	0.71875
1431	0.71875
1432	0.71875
1433	0.71875
1434	0.71875
1435	0.71875
1436	0.71875
1437	0.71875
1438	0.71875
1439	0.71875
1440	0.71875
1441	0.71875
1442	0.71875
1443	0.71875
1444	0.71875
1445	0.71875
1446	0.71875
1447	0.71875
1448	0.71875
1449	0.71875
1450	0.71875
1451	0.71875
1452	0.71875
1453	0.71875
1454	0.71875
1455	0.71875
1456	0.71875
1457	0.71875
1458	0.71875
1459	0.71875
1460	0.71875
1461	0.71875
1462	0.71875
1463	0.71875
1464	0.71875
1465	0.71875
1466	0.71875
1467	0.71875
1468	0.71875
1469	0.71875
1470	0.71875
1471	0.71875
1472	0.71875
1473	0.71875
1474	0.71875
1475	0.71875
1476	0.71875
1477	0.71875
1478	0.71875
1479	0.71875
1480	0.71875
1481	0.71875
1482	0.71875
1483	0.71875
1484	0.71875
1485	0.71875
1486	0.71875
1487	0.71875
1488	0.71875
1489	0.71875
1490	0.71875
1491	0.71875
1492	0.71875
1493	0.71875
1494	0.71875
1495	0.71875
1496	0.71875
1497	0.71875
1498	0.71875
1499	0.71875
1500	0.71875
1501	0.71875
1502	0.71875
1503	0.71875
1504	0.71875
1505	0.71875
1506	0.71875
1507	0.71875
1508	0.71875
1509	0.71875
1510	0.71875
1511	0.71875
1512	0.71875
1513	0.71875
1514	0.71875
1515	0.71875
1516	0.71875
1517	0.71875
1518	0.71875
1519	0.71875
1520	0.71875
1521	0.71875
1522	0.71875
1523	0.71875
1524	0.71875
1525	0.71875
1526	0.71875
1527	0.71875
1528	0.71875
1529	0.71875
1530	0.71875
1531	0.71875
1532	0.71875
1533	0.71875
1534	0.71875
1535	0.71875
1536	0.71875
1537	0.71875
1538	0.71875
1539	0.71875
1540	0.71875
1541	0.71875
1542	0.71875
1543	0.71875
1544	0.71875
1545	0.71875
1546	0.71875
1547	0.71875
1548	0.71875
1549	0.71875
1550	0.71875
1551	0.71875
1552	0.71875
1553	0.71875
1554	0.71875
1555	0.71875
1556	0.71875
1557	0.71875
1558	0.71875
1559	0.71875
1560	0.71875
1561	0.71875
1562	0.71875
1563	0.71875
1564	0.71875
1565	0.71875
1566	0.71875
1567	0.71875
1568	0.71875
1569	0.71875
1570	0.71875
1571	0.71875
1572	0.71875
1573	0.71875
1574	0.71875
1575	0.71875
1576	0.71875
1577	0.71875
1578	0.71875
1579	0.71875
1580	0.71875
1581	0.75
1582	0.75
1583	0.75
1584	0.75
1585	0.75
1586	0.75
1587	0.75
1588	0.75
1589	0.75
1590	0.75
1591	0.75
1592	0.75
1593	0.75
1594	0.75
1595	0.75
1596	0.75
1597	0.75
1598	0.75
1599	0.75
1600	0.75
1601	0.75
1602	0.75
1603	0.75
1604	0.75
1605	0.75
1606	0.75
1607	0.75
1608	0.75
1609	0.75
1610	0.75
1611	0.75
1612	0.75
1613	0.75
1614	0.75
1615	0.75
1616	0.75
1617	0.75
1618	0.75
1619	0.75
1620	0.75
1621	0.75
1622	0.75
1623	0.75
1624	0.75
1625	0.75
1626	0.75
1627	0.75
1628	0.75
1629	0.75
1630	0.75
1631	0.75
1632	0.75
1633	0.75
1634	0.75
1635	0.75
1636	0.75
1637	0.75
1638	0.75
1639	0.75
1640	0.75
1641	0.75
1642	0.75
1643	0.75
1644	0.75
1645	0.75
1646	0.75
1647	0.75
1648	0.75
1649	0.75
1650	0.75
1651	0.75
1652	0.75
1653	0.75
1654	0.75
1655	0.75
1656	0.75
1657	0.75
1658	0.75
1659	0.75
1660	0.75
1661	0.75
1662	0.75
1663	0.75
1664	0.75
1665	0.75
1666	0.75
1667	0.75
1668	0.75
1669	0.75
1670	0.75
1671	0.75
1672	0.75
1673	0.75
1674	0.75
1675	0.75
1676	0.75
1677	0.75
1678	0.75
1679	0.75
1680	0.75
1681	0.75
1682	0.75
1683	0.75
1684	0.75
1685	0.75
1686	0.75
1687	0.75
1688	0.75
1689	0.75
1690	0.75
1691	0.75
1692	0.75
1693	0.75
1694	0.75
1695	0.75
1696	0.75
1697	0.75
1698	0.75
1699	0.75
1700	0.75
1701	0.75
1702	0.75
1703	0.75
1704	0.75
1705	0.75
1706	0.75
1707	0.75
1708	0.75
1709	0.75
1710	0.75
1711	0.75
1712	0.75
1713	0.75
1714	0.75
1715	0.75
1716	0.75
1717	0.75
1718	0.75
1719	0.75
1720	0.75
1721	0.75
1722	0.75
1723	0.75
1724	0.75
1725	0.75
1726	0.75
1727	0.75
1728	0.75
1729	0.75
1730	0.75
1731	0.75
1732	0.75
1733	0.75
1734	0.75
1735	0.75
1736	0.75
1737	0.75
1738	0.75
1739	0.75
1740	0.75
1741	0.75
1742	0.75
1743	0.75
1744	0.75
1745	0.75
1746	0.75
1747	0.75
1748	0.75
1749	0.75
1750	0.75
1751	0.75
1752	0.75
1753	0.75
1754	0.75
1755	0.75
1756	0.75
1757	0.75
1758	0.75
1759	0.75
1760	0.75
1761	0.75
1762	0.75
1763	0.75
1764	0.75
1765	0.75
1766	0.75
1767	0.75
1768	0.75
1769	0.75
1770	0.75
1771	0.75
1772	0.75
1773	0.75
1774	0.75
1775	0.75
1776	0.75
1777	0.75
1778	0.75
1779	0.75
1780	0.75
1781	0.75
1782	0.75
1783	0.75
1784	0.75
1785	0.75
1786	0.75
1787	0.75
1788	0.75
1789	0.75
1790	0.75
1791	0.75
1792	0.75
1793	0.75
1794	0.75
1795	0.75
1796	0.75
1797	0.75
1798	0.75
1799	0.75
1800	0.75
1801	0.75
1802	0.75
1803	0.75
1804	0.75
1805	0.75
1806	0.75
1807	0.75
1808	0.75
1809	0.75
1810	0.75
1811	0.75
1812	0.75
1813	0.75
1814	0.75
1815	0.75
1816	0.75
1817	0.75
1818	0.75
1819	0.75
1820	0.75
1821	0.75
1822	0.75
1823	0.75
1824	0.75
1825	0.75
1826	0.75
1827	0.75
1828	0.75
1829	0.75
1830	0.75
1831	0.75
1832	0.75
1833	0.75
1834	0.75
1835	0.75
1836	0.75
1837	0.75
1838	0.75
1839	0.75
1840	0.75
1841	0.75
1842	0.75
1843	0.75
1844	0.75
1845	0.75
1846	0.75
1847	0.75
1848	0.75
1849	0.75
1850	0.75
1851	0.75
1852	0.75
1853	0.75
1854	0.75
1855	0.75
1856	0.75
1857	0.75
1858	0.75
1859	0.75
1860	0.75
1861	0.75
1862	0.75
1863	0.75
1864	0.75
1865	0.75
1866	0.75
1867	0.75
1868	0.75
1869	0.75
1870	0.75
1871	0.75
1872	0.75
1873	0.75
1874	0.75
1875	0.75
1876	0.75
1877	0.75
1878	0.75
1879	0.75
1880	0.75
1881	0.75
1882	0.75
1883	0.75
1884	0.75
1885	0.75
1886	0.75
1887	0.75
1888	0.75
1889	0.75
1890	0.75
1891	0.75
1892	0.75
1893	0.75
1894	0.75
1895	0.75
1896	0.75
1897	0.75
1898	0.75
1899	0.75
1900	0.75
1901	0.75
1902	0.75
1903	0.75
1904	0.75
1905	0.75
1906	0.75
1907	0.75
1908	0.75
1909	0.75
1910	0.75
1911	0.75
1912	0.75
1913	0.75
1914	0.75
1915	0.75
1916	0.75
1917	0.75
1918	0.75
1919	0.75
1920	0.75
1921	0.75
1922	0.75
1923	0.75
1924	0.75
1925	0.75
1926	0.75
1927	0.75
1928	0.75
1929	0.75
1930	0.75
1931	0.75
1932	0.75
1933	0.75
1934	0.75
1935	0.75
1936	0.75
1937	0.75
1938	0.75
1939	0.75
1940	0.75
1941	0.75
1942	0.75
1943	0.75
1944	0.75
1945	0.75
1946	0.75
1947	0.75
1948	0.75
1949	0.75
1950	0.75
1951	0.75
1952	0.75
1953	0.75
1954	0.75
1955	0.75
1956	0.75
1957	0.75
1958	0.75
1959	0.75
1960	0.75
1961	0.75
1962	0.75
1963	0.75
1964	0.75
1965	0.75
1966	0.75
1967	0.75
1968	0.75
1969	0.75
1970	0.75
1971	0.75
1972	0.75
1973	0.75
1974	0.75
1975	0.75
1976	0.75
1977	0.75
1978	0.75
1979	0.75
1980	0.75
1981	0.75
1982	0.75
1983	0.75
1984	0.75
1985	0.75
1986	0.75
1987	0.75
1988	0.75
1989	0.75
1990	0.75
1991	0.75
1992	0.75
1993	0.75
1994	0.75
1995	0.75
1996	0.75
1997	0.75
1998	0.75
1999	0.75
2000	0.75
2001	0.75
2002	0.75
2003	0.75
2004	0.75
2005	0.75
2006	0.75
2007	0.75
2008	0.75
2009	0.75
2010	0.75
2011	0.75
2012	0.75
2013	0.75
2014	0.75
2015	0.75
2016	0.75
2017	0.75
2018	0.75
2019	0.75
2020	0.75
2021	0.75
2022	0.75
2023	0.75
2024	0.75
2025	0.75
2026	0.75
2027	0.75
2028	0.75
2029	0.75
2030	0.75
2031	0.75
2032	0.75
2033	0.75
2034	0.75
2035	0.75
2036	0.75
2037	0.75
2038	0.75
2039	0.75
2040	0.75
2041	0.75
2042	0.75
2043	0.75
2044	0.75
2045	0.75
2046	0.75
2047	0.75
2048	0.75
2049	0.75
2050	0.75
2051	0.75
2052	0.75
2053	0.75
2054	0.75
2055	0.75
2056	0.75
2057	0.75
2058	0.75
2059	0.75
2060	0.75
2061	0.75
2062	0.75
2063	0.75
2064	0.75
2065	0.75
2066	0.75
2067	0.75
2068	0.75
2069	0.75
2070	0.75
2071	0.75
2072	0.75
2073	0.75
2074	0.75
2075	0.75
2076	0.75
2077	0.75
2078	0.75
2079	0.75
2080	0.75
2081	0.75
2082	0.75
2083	0.75
2084	0.75
2085	0.75
2086	0.75
2087	0.75
2088	0.75
2089	0.75
2090	0.75
2091	0.75
2092	0.75
2093	0.75
2094	0.75
2095	0.75
2096	0.75
2097	0.75
2098	0.75
2099	0.75
2100	0.75
2101	0.75
2102	0.75
2103	0.75
2104	0.75
2105	0.75
2106	0.75
2107	0.75
2108	0.75
2109	0.75
2110	0.75
2111	0.75
2112	0.75
2113	0.75
2114	0.75
2115	0.75
2116	0.75
2117	0.75
2118	0.75
2119	0.75
2120	0.75
2121	0.75
2122	0.75
2123	0.75
2124	0.75
2125	0.75
2126	0.75
2127	0.75
2128	0.75
2129	0.75
2130	0.75
2131	0.75
2132	0.75
2133	0.75
2134	0.75
2135	0.75
2136	0.75
2137	0.75
2138	0.75
2139	0.75
2140	0.75
2141	0.75
2142	0.75
2143	0.75
2144	0.75
2145	0.75
2146	0.75
2147	0.75
2148	0.75
2149	0.75
2150	0.75
2151	0.75
2152	0.75
2153	0.75
2154	0.75
2155	0.75
2156	0.75
2157	0.75
2158	0.75
2159	0.75
2160	0.75
2161	0.75
2162	0.75
2163	0.75
2164	0.75
2165	0.75
2166	0.75
2167	0.75
2168	0.75
2169	0.75
2170	0.75
2171	0.75
2172	0.75
2173	0.75
2174	0.75
2175	0.75
2176	0.75
2177	0.75
2178	0.75
2179	0.75
2180	0.75
2181	0.75
2182	0.75
2183	0.75
2184	0.75
2185	0.75
2186	0.75
2187	0.75
2188	0.75
2189	0.75
2190	0.75
2191	0.75
2192	0.75
2193	0.75
2194	0.75
2195	0.75
2196	0.75
2197	0.75
2198	0.75
2199	0.75
2200	0.75
2201	0.75
2202	0.75
2203	0.75
2204	0.75
2205	0.75
2206	0.75
2207	0.75
2208	0.75
2209	0.75
2210	0.75
2211	0.75
2212	0.75
2213	0.75
2214	0.75
2215	0.75
2216	0.75
2217	0.75
2218	0.75
2219	0.75
2220	0.75
2221	0.75
2222	0.75
2223	0.75
2224	0.75
2225	0.75
2226	0.75
2227	0.75
2228	0.75
2229	0.75
2230	0.75
2231	0.75
2232	0.75
2233	0.75
2234	0.75
2235	0.75
2236	0.75
2237	0.75
2238	0.75
2239	0.75
2240	0.75
2241	0.75
2242	0.75
2243	0.75
2244	0.75
2245	0.75
2246	0.75
2247	0.75
2248	0.75
2249	0.75
2250	0.75
2251	0.75
2252	0.75
2253	0.75
2254	0.75
2255	0.75
2256	0.75
2257	0.75
2258	0.75
2259	0.75
2260	0.75
2261	0.75
2262	0.75
2263	0.75
2264	0.75
2265	0.75
2266	0.75
2267	0.75
2268	0.75
2269	0.75
2270	0.75
2271	0.75
2272	0.75
2273	0.75
2274	0.75
2275	0.75
2276	0.75
2277	0.75
2278	0.75
2279	0.75
2280	0.75
2281	0.75
2282	0.75
2283	0.75
2284	0.75
2285	0.75
2286	0.75
2287	0.75
2288	0.75
2289	0.75
2290	0.75
2291	0.75
2292	0.75
2293	0.75
2294	0.75
2295	0.75
2296	0.75
2297	0.75
2298	0.75
2299	0.75
2300	0.75
2301	0.75
2302	0.75
2303	0.75
2304	0.75
2305	0.75
2306	0.75
2307	0.75
2308	0.75
2309	0.75
2310	0.75
2311	0.75
2312	0.75
2313	0.75
2314	0.75
2315	0.75
2316	0.75
2317	0.75
2318	0.75
2319	0.75
2320	0.75
2321	0.75
2322	0.75
2323	0.75
2324	0.75
2325	0.75
2326	0.75
2327	0.75
2328	0.75
2329	0.75
2330	0.75
2331	0.75
2332	0.75
2333	0.75
2334	0.75
2335	0.75
2336	0.75
2337	0.75
2338	0.75
2339	0.75
2340	0.75
2341	0.75
2342	0.75
2343	0.75
2344	0.75
2345	0.75
2346	0.75
2347	0.75
2348	0.75
2349	0.75
2350	0.75
2351	0.75
2352	0.75
2353	0.75
2354	0.75
2355	0.75
2356	0.75
2357	0.75
2358	0.75
2359	0.75
2360	0.75
2361	0.75
2362	0.75
2363	0.75
2364	0.75
2365	0.75
2366	0.75
2367	0.75
2368	0.75
2369	0.75
2370	0.75
2371	0.75
2372	0.75
2373	0.75
2374	0.75
2375	0.75
2376	0.75
2377	0.75
2378	0.75
2379	0.75
2380	0.75
2381	0.75
2382	0.75
2383	0.75
2384	0.75
2385	0.75
2386	0.75
2387	0.75
2388	0.75
2389	0.75
2390	0.75
2391	0.75
2392	0.75
2393	0.75
2394	0.75
2395	0.75
2396	0.75
2397	0.75
2398	0.75
2399	0.75
2400	0.75
2401	0.75
2402	0.75
2403	0.75
2404	0.75
2405	0.75
2406	0.75
2407	0.75
2408	0.75
2409	0.75
2410	0.75
2411	0.75
2412	0.75
2413	0.75
2414	0.75
2415	0.75
2416	0.75
2417	0.75
2418	0.75
2419	0.75
2420	0.75
2421	0.75
2422	0.75
2423	0.75
2424	0.75
2425	0.75
2426	0.75
2427	0.75
2428	0.75
2429	0.75
2430	0.75
2431	0.75
2432	0.75
2433	0.75
2434	0.75
2435	0.75
2436	0.75
2437	0.75
2438	0.75
2439	0.75
2440	0.75
2441	0.75
2442	0.75
2443	0.75
2444	0.75
2445	0.75
2446	0.75
2447	0.75
2448	0.75
2449	0.75
2450	0.75
2451	0.75
2452	0.75
2453	0.75
2454	0.75
2455	0.75
2456	0.75
2457	0.75
2458	0.75
2459	0.75
2460	0.75
2461	0.75
2462	0.75
2463	0.75
2464	0.75
2465	0.75
2466	0.75
2467	0.75
2468	0.75
2469	0.75
2470	0.75
2471	0.75
2472	0.75
2473	0.75
2474	0.75
2475	0.75
2476	0.75
2477	0.75
2478	0.75
2479	0.75
2480	0.75
2481	0.75
2482	0.75
2483	0.75
2484	0.75
2485	0.75
2486	0.75
2487	0.75
2488	0.75
2489	0.75
2490	0.75
2491	0.75
2492	0.75
2493	0.75
2494	0.75
2495	0.75
2496	0.75
2497	0.75
2498	0.75
2499	0.75
2500	0.75
2501	0.75
2502	0.75
2503	0.75
2504	0.75
2505	0.75
2506	0.75
2507	0.75
2508	0.75
2509	0.75
2510	0.75
2511	0.75
2512	0.75
2513	0.75
2514	0.75
2515	0.75
2516	0.75
2517	0.75
2518	0.75
2519	0.75
2520	0.75
2521	0.75
2522	0.75
2523	0.75
2524	0.75
2525	0.75
2526	0.75
2527	0.75
2528	0.75
2529	0.75
2530	0.75
2531	0.75
2532	0.75
2533	0.75
2534	0.75
2535	0.75
2536	0.75
2537	0.75
2538	0.75
2539	0.75
2540	0.75
2541	0.75
2542	0.75
2543	0.75
2544	0.75
2545	0.75
2546	0.75
2547	0.75
2548	0.75
2549	0.75
2550	0.75
2551	0.75
2552	0.75
2553	0.75
2554	0.75
2555	0.75
2556	0.75
2557	0.75
2558	0.75
2559	0.75
2560	0.75
2561	0.75
2562	0.75
2563	0.75
2564	0.75
2565	0.75
2566	0.75
2567	0.75
2568	0.75
2569	0.75
2570	0.75
2571	0.75
2572	0.75
2573	0.75
2574	0.75
2575	0.75
2576	0.75
2577	0.75
2578	0.75
2579	0.75
2580	0.75
2581	0.75
2582	0.75
2583	0.75
2584	0.75
2585	0.75
2586	0.75
2587	0.75
2588	0.75
2589	0.75
2590	0.75
2591	0.75
2592	0.75
2593	0.75
2594	0.75
2595	0.75
2596	0.75
2597	0.75
2598	0.75
2599	0.75
2600	0.75
