1	0.5
2	0.5
3	0.5
4	0.5
5	0.5
6	0.5
7	0.5
8	0.5
9	0.5
10	0.5
11	0.503906
12	0.503906
13	0.503906
14	0.507812
15	0.507812
16	0.515625
17	0.515625
18	0.515625
19	0.515625
20	0.515625
21	0.515625
22	0.53125
23	0.53125
24	0.53125
25	0.53125
26	0.53125
27	0.53125
28	0.53125
29	0.53125
30	0.53125
31	0.53125
32	0.53125
33	0.53125
34	0.53125
35	0.53125
36	0.53125
37	0.53125
38	0.53125
39	0.53125
40	0.53125
41	0.53125
42	0.53125
43	0.53125
44	0.53125
45	0.53125
46	0.53125
47	0.53125
48	0.53125
49	0.53125
50	0.53125
51	0.53125
52	0.53125
53	0.53125
54	0.53125
55	0.53125
56	0.53125
57	0.53125
58	0.53125
59	0.53125
60	0.53125
61	0.53125
62	0.53125
63	0.53125
64	0.53125
65	0.53125
66	0.53125
67	0.53125
68	0.53125
69	0.53125
70	0.53125
71	0.53125
72	0.53125
73	0.53125
74	0.53125
75	0.53125
76	0.53125
77	0.53125
78	0.53125
79	0.53125
80	0.53125
81	0.53125
82	0.53125
83	0.53125
84	0.53125
85	0.53125
86	0.53125
87	0.53125
88	0.53125
89	0.53125
90	0.53125
91	0.53125
92	0.53125
93	0.53125
94	0.53125
95	0.53125
96	0.53125
97	0.53125
98	0.53125
99	0.53125
100	0.53125
101	0.53125
102	0.53125
103	0.53125
104	0.53125
105	0.53125
106	0.53125
107	0.53125
108	0.53125
109	0.53125
110	0.53125
111	0.53125
112	0.53125
113	0.53125
114	0.53125
115	0.53125
116	0.53125
117	0.53125
118	0.53125
119	0.53125
120	0.53125
121	0.53125
122	0.53125
123	0.53125
124	0.53125
125	0.53125
126	0.53125
127	0.53125
128	0.5625
129	0.5625
130	0.5625
131	0.5625
132	0.5625
133	0.5625
134	0.5625
135	0.5625
136	0.5625
137	0.5625
138	0.5625
139	0.5625
140	0.5625
141	0.5625
142	0.5625
143	0.5625
144	0.5625
145	0.5625
146	0.5625
147	0.5625
148	0.5625
149	0.5625
150	0.5625
151	0.5625
152	0.5625
153	0.5625
154	0.5625
155	0.5625
156	0.5625
157	0.5625
158	0.5625
159	0.5625
160	0.5625
161	0.5625
162	0.5625
163	0.5625
164	0.5625
165	0.5625
166	0.5625
167	0.5625
168	0.5625
169	0.5625
170	0.5625
171	0.5625
172	0.5625
173	0.59375
174	0.59375
175	0.59375
176	0.59375
177	0.59375
178	0.59375
179	0.59375
180	0.59375
181	0.59375
182	0.59375
183	0.59375
184	0.59375
185	0.59375
186	0.59375
187	0.59375
188	0.59375
189	0.59375
190	0.59375
191	0.59375
192	0.59375
193	0.59375
194	0.59375
195	0.59375
196	0.59375
197	0.59375
198	0.59375
199	0.59375
200	0.59375
201	0.59375
202	0.59375
203	0.59375
204	0.59375
205	0.59375
206	0.59375
207	0.59375
208	0.59375
209	0.59375
210	0.59375
211	0.59375
212	0.59375
213	0.59375
214	0.59375
215	0.59375
216	0.59375
217	0.59375
218	0.59375
219	0.59375
220	0.59375
221	0.59375
222	0.59375
223	0.59375
224	0.59375
225	0.59375
226	0.625
227	0.625
228	0.625
229	0.625
230	0.625
231	0.625
232	0.625
233	0.625
234	0.625
235	0.625
236	0.625
237	0.625
238	0.625
239	0.625
240	0.625
241	0.625
242	0.625
243	0.625
244	0.625
245	0.625
246	0.625
247	0.625
248	0.625
249	0.625
250	0.625
251	0.625
252	0.625
253	0.625
254	0.625
255	0.625
256	0.625
257	0.625
258	0.625
259	0.625
260	0.625
261	0.625
262	0.625
263	0.625
264	0.625
265	0.625
266	0.625
267	0.625
268	0.625
269	0.625
270	0.625
271	0.625
272	0.625
273	0.625
274	0.625
275	0.625
276	0.625
277	0.625
278	0.625
279	0.625
280	0.625
281	0.625
282	0.625
283	0.625
284	0.625
285	0.625
286	0.625
287	0.625
288	0.625
289	0.625
290	0.625
291	0.625
292	0.625
293	0.625
294	0.625
295	0.625
296	0.625
297	0.625
298	0.625
299	0.625
300	0.625
301	0.625
302	0.625
303	0.625
304	0.625
305	0.625
306	0.625
307	0.625
308	0.625
309	0.625
310	0.625
311	0.625
312	0.625
313	0.625
314	0.625
315	0.625
316	0.625
317	0.625
318	0.625
319	0.625
320	0.625
321	0.625
322	0.625
323	0.625
324	0.625
325	0.625
326	0.625
327	0.625
328	0.625
329	0.625
330	0.625
331	0.625
332	0.625
333	0.625
334	0.625
335	0.625
336	0.625
337	0.625
338	0.625
339	0.625
340	0.625
341	0.625
342	0.625
343	0.625
344	0.625
345	0.625
346	0.625
347	0.625
348	0.625
349	0.625
350	0.625
351	0.625
352	0.625
353	0.625
354	0.625
355	0.625
356	0.625
357	0.625
358	0.625
359	0.625
360	0.625
361	0.625
362	0.625
363	0.625
364	0.625
365	0.625
366	0.625
367	0.625
368	0.625
369	0.625
370	0.625
371	0.625
372	0.625
373	0.625
374	0.625
375	0.625
376	0.625
377	0.625
378	0.625
379	0.625
380	0.625
381	0.625
382	0.625
383	0.625
384	0.625
385	0.625
386	0.625
387	0.625
388	0.625
389	0.625
390	0.625
391	0.625
392	0.625
393	0.625
394	0.625
395	0.625
396	0.625
397	0.625
398	0.625
399	0.625
400	0.625
401	0.625
402	0.625
403	0.625
404	0.625
405	0.625
406	0.625
407	0.625
408	0.625
409	0.625
410	0.625
411	0.625
412	0.625
413	0.625
414	0.625
415	0.625
416	0.625
417	0.625
418	0.625
419	0.625
420	0.625
421	0.625
422	0.625
423	0.625
424	0.625
425	0.625
426	0.625
427	0.625
428	0.625
429	0.625
430	0.625
431	0.625
432	0.625
433	0.625
434	0.640625
435	0.640625
436	0.640625
437	0.640625
438	0.640625
439	0.640625
440	0.640625
441	0.640625
442	0.640625
443	0.640625
444	0.640625
445	0.640625
446	0.640625
447	0.640625
448	0.640625
449	0.640625
450	0.640625
451	0.640625
452	0.640625
453	0.640625
454	0.640625
455	0.640625
456	0.640625
457	0.640625
458	0.640625
459	0.640625
460	0.640625
461	0.640625
462	0.640625
463	0.640625
464	0.640625
465	0.640625
466	0.640625
467	0.640625
468	0.640625
469	0.640625
470	0.640625
471	0.640625
472	0.640625
473	0.640625
474	0.640625
475	0.640625
476	0.640625
477	0.640625
478	0.640625
479	0.640625
480	0.640625
481	0.640625
482	0.640625
483	0.640625
484	0.640625
485	0.640625
486	0.640625
487	0.640625
488	0.640625
489	0.640625
490	0.640625
491	0.640625
492	0.640625
493	0.640625
494	0.640625
495	0.640625
496	0.640625
497	0.640625
498	0.640625
499	0.640625
500	0.640625
501	0.640625
502	0.640625
503	0.640625
504	0.640625
505	0.640625
506	0.640625
507	0.640625
508	0.640625
509	0.640625
510	0.640625
511	0.640625
512	0.640625
513	0.640625
514	0.640625
515	0.640625
516	0.640625
517	0.640625
518	0.640625
519	0.640625
520	0.640625
521	0.640625
522	0.640625
523	0.640625
524	0.640625
525	0.640625
526	0.640625
527	0.640625
528	0.640625
529	0.640625
530	0.640625
531	0.640625
532	0.640625
533	0.640625
534	0.640625
535	0.640625
536	0.640625
537	0.640625
538	0.640625
539	0.640625
540	0.640625
541	0.640625
542	0.640625
543	0.640625
544	0.640625
545	0.640625
546	0.640625
547	0.640625
548	0.640625
549	0.640625
550	0.640625
551	0.640625
552	0.640625
553	0.640625
554	0.640625
555	0.640625
556	0.640625
557	0.640625
558	0.640625
559	0.640625
560	0.640625
561	0.640625
562	0.640625
563	0.640625
564	0.640625
565	0.640625
566	0.640625
567	0.640625
568	0.640625
569	0.640625
570	0.640625
571	0.640625
572	0.640625
573	0.640625
574	0.640625
575	0.640625
576	0.640625
577	0.65625
578	0.65625
579	0.65625
580	0.65625
581	0.65625
582	0.65625
583	0.65625
584	0.6875
585	0.6875
586	0.6875
587	0.6875
588	0.6875
589	0.6875
590	0.6875
591	0.6875
592	0.6875
593	0.6875
594	0.6875
595	0.6875
596	0.6875
597	0.6875
598	0.6875
599	0.6875
600	0.6875
601	0.6875
602	0.6875
603	0.6875
604	0.6875
605	0.6875
606	0.6875
607	0.6875
608	0.6875
609	0.6875
610	0.6875
611	0.6875
612	0.6875
613	0.6875
614	0.6875
615	0.6875
616	0.6875
617	0.6875
618	0.6875
619	0.6875
620	0.6875
621	0.6875
622	0.6875
623	0.6875
624	0.6875
625	0.6875
626	0.6875
627	0.6875
628	0.6875
629	0.6875
630	0.6875
631	0.6875
632	0.6875
633	0.6875
634	0.6875
635	0.6875
636	0.6875
637	0.6875
638	0.6875
639	0.6875
640	0.6875
641	0.6875
642	0.6875
643	0.6875
644	0.6875
645	0.6875
646	0.6875
647	0.6875
648	0.6875
649	0.6875
650	0.6875
651	0.6875
652	0.6875
653	0.6875
654	0.6875
655	0.6875
656	0.6875
657	0.6875
658	0.6875
659	0.6875
660	0.6875
661	0.6875
662	0.6875
663	0.6875
664	0.6875
665	0.6875
666	0.6875
667	0.6875
668	0.6875
669	0.6875
670	0.6875
671	0.6875
672	0.6875
673	0.6875
674	0.6875
675	0.6875
676	0.6875
677	0.6875
678	0.6875
679	0.6875
680	0.6875
681	0.6875
682	0.6875
683	0.6875
684	0.6875
685	0.6875
686	0.6875
687	0.6875
688	0.6875
689	0.6875
690	0.6875
691	0.6875
692	0.6875
693	0.6875
694	0.6875
695	0.6875
696	0.6875
697	0.6875
698	0.6875
699	0.6875
700	0.6875
701	0.6875
702	0.6875
703	0.6875
704	0.6875
705	0.6875
706	0.6875
707	0.6875
708	0.6875
709	0.6875
710	0.6875
711	0.6875
712	0.6875
713	0.6875
714	0.6875
715	0.6875
716	0.6875
717	0.6875
718	0.6875
719	0.6875
720	0.6875
721	0.6875
722	0.6875
723	0.6875
724	0.6875
725	0.6875
726	0.6875
727	0.6875
728	0.6875
729	0.6875
730	0.6875
731	0.6875
732	0.6875
733	0.6875
734	0.6875
735	0.6875
736	0.6875
737	0.6875
738	0.6875
739	0.6875
740	0.6875
741	0.6875
742	0.6875
743	0.6875
744	0.6875
745	0.6875
746	0.6875
747	0.6875
748	0.6875
749	0.6875
750	0.6875
751	0.6875
752	0.6875
753	0.6875
754	0.6875
755	0.6875
756	0.6875
757	0.6875
758	0.6875
759	0.6875
760	0.6875
761	0.6875
762	0.6875
763	0.6875
764	0.6875
765	0.6875
766	0.6875
767	0.6875
768	0.6875
769	0.6875
770	0.6875
771	0.6875
772	0.6875
773	0.6875
774	0.6875
775	0.6875
776	0.6875
777	0.6875
778	0.6875
779	0.6875
780	0.6875
781	0.6875
782	0.6875
783	0.6875
784	0.6875
785	0.6875
786	0.6875
787	0.6875
788	0.6875
789	0.6875
790	0.6875
791	0.6875
792	0.6875
793	0.6875
794	0.6875
795	0.6875
796	0.6875
797	0.6875
798	0.6875
799	0.6875
800	0.6875
801	0.6875
802	0.6875
803	0.6875
804	0.6875
805	0.6875
806	0.6875
807	0.6875
808	0.6875
809	0.6875
810	0.6875
811	0.6875
812	0.6875
813	0.6875
814	0.6875
815	0.6875
816	0.6875
817	0.6875
818	0.6875
819	0.6875
820	0.6875
821	0.6875
822	0.6875
823	0.6875
824	0.6875
825	0.6875
826	0.6875
827	0.6875
828	0.6875
829	0.6875
830	0.6875
831	0.6875
832	0.6875
833	0.6875
834	0.6875
835	0.6875
836	0.6875
837	0.6875
838	0.6875
839	0.6875
840	0.6875
841	0.6875
842	0.6875
843	0.6875
844	0.6875
845	0.6875
846	0.6875
847	0.6875
848	0.6875
849	0.6875
850	0.6875
851	0.6875
852	0.6875
853	0.6875
854	0.6875
855	0.6875
856	0.6875
857	0.6875
858	0.6875
859	0.6875
860	0.6875
861	0.6875
862	0.6875
863	0.6875
864	0.6875
865	0.6875
866	0.6875
867	0.6875
868	0.6875
869	0.6875
870	0.6875
871	0.6875
872	0.6875
873	0.6875
874	0.6875
875	0.6875
876	0.6875
877	0.6875
878	0.6875
879	0.6875
880	0.6875
881	0.6875
882	0.6875
883	0.6875
884	0.6875
885	0.6875
886	0.6875
887	0.6875
888	0.6875
889	0.6875
890	0.6875
891	0.6875
892	0.6875
893	0.6875
894	0.6875
895	0.6875
896	0.6875
897	0.6875
898	0.6875
899	0.6875
900	0.6875
901	0.6875
902	0.6875
903	0.6875
904	0.6875
905	0.6875
906	0.6875
907	0.6875
908	0.6875
909	0.6875
910	0.6875
911	0.6875
912	0.6875
913	0.6875
914	0.6875
915	0.6875
916	0.6875
917	0.6875
918	0.6875
919	0.6875
920	0.6875
921	0.6875
922	0.6875
923	0.6875
924	0.6875
925	0.6875
926	0.6875
927	0.6875
928	0.6875
929	0.6875
930	0.6875
931	0.6875
932	0.6875
933	0.6875
934	0.6875
935	0.6875
936	0.6875
937	0.6875
938	0.6875
939	0.6875
940	0.6875
941	0.6875
942	0.6875
943	0.6875
944	0.6875
945	0.6875
946	0.6875
947	0.6875
948	0.6875
949	0.6875
950	0.6875
951	0.6875
952	0.6875
953	0.6875
954	0.6875
955	0.6875
956	0.6875
957	0.6875
958	0.6875
959	0.6875
960	0.6875
961	0.6875
962	0.6875
963	0.6875
964	0.6875
965	0.6875
966	0.6875
967	0.6875
968	0.6875
969	0.6875
970	0.6875
971	0.6875
972	0.6875
973	0.6875
974	0.6875
975	0.6875
976	0.6875
977	0.6875
978	0.6875
979	0.6875
980	0.6875
981	0.6875
982	0.6875
983	0.6875
984	0.6875
985	0.6875
986	0.6875
987	0.6875
988	0.6875
989	0.6875
990	0.6875
991	0.6875
992	0.6875
993	0.6875
994	0.6875
995	0.6875
996	0.6875
997	0.6875
998	0.6875
999	0.6875
1000	0.6875
## No. organisms: 10
## Seeds        : 1501785426, 81292
## Runtime      : 0h 0m 49s.
## Started at   : Sat Aug 22 11:57:06 2020
## Ended at     : Sat Aug 22 11:57:55 2020
