1	0.5625
2	0.5625
3	0.59375
4	0.59375
5	0.59375
6	0.59375
7	0.59375
8	0.59375
9	0.59375
10	0.59375
11	0.59375
12	0.59375
13	0.59375
14	0.59375
15	0.59375
16	0.59375
17	0.59375
18	0.59375
19	0.59375
20	0.59375
21	0.59375
22	0.59375
23	0.59375
24	0.59375
25	0.59375
26	0.59375
27	0.59375
28	0.59375
29	0.625
30	0.625
31	0.625
32	0.625
33	0.625
34	0.625
35	0.625
36	0.625
37	0.625
38	0.625
39	0.625
40	0.625
41	0.625
42	0.625
43	0.625
44	0.625
45	0.625
46	0.625
47	0.625
48	0.625
49	0.625
50	0.625
51	0.625
52	0.625
53	0.625
54	0.625
55	0.625
56	0.625
57	0.625
58	0.625
59	0.625
60	0.625
61	0.625
62	0.625
63	0.625
64	0.625
65	0.625
66	0.625
67	0.625
68	0.625
69	0.625
70	0.625
71	0.625
72	0.625
73	0.625
74	0.625
75	0.625
76	0.625
77	0.625
78	0.625
79	0.625
80	0.625
81	0.625
82	0.625
83	0.625
84	0.625
85	0.625
86	0.625
87	0.625
88	0.625
89	0.625
90	0.625
91	0.625
92	0.625
93	0.625
94	0.625
95	0.625
96	0.625
97	0.625
98	0.625
99	0.625
100	0.625
101	0.625
102	0.625
103	0.625
104	0.625
105	0.625
106	0.625
107	0.625
108	0.625
109	0.625
110	0.625
111	0.625
112	0.625
113	0.625
114	0.625
115	0.625
116	0.625
117	0.625
118	0.625
119	0.625
120	0.625
121	0.625
122	0.625
123	0.625
124	0.625
125	0.625
126	0.625
127	0.625
128	0.625
129	0.625
130	0.625
131	0.625
132	0.625
133	0.625
134	0.625
135	0.625
136	0.625
137	0.625
138	0.625
139	0.625
140	0.625
141	0.625
142	0.625
143	0.625
144	0.625
145	0.625
146	0.625
147	0.625
148	0.625
149	0.625
150	0.625
151	0.625
152	0.625
153	0.625
154	0.625
155	0.625
156	0.625
157	0.625
158	0.625
159	0.625
160	0.625
161	0.625
162	0.625
163	0.625
164	0.625
165	0.625
166	0.625
167	0.625
168	0.625
169	0.625
170	0.625
171	0.625
172	0.625
173	0.625
174	0.625
175	0.625
176	0.625
177	0.625
178	0.625
179	0.625
180	0.625
181	0.625
182	0.625
183	0.625
184	0.625
185	0.625
186	0.625
187	0.625
188	0.625
189	0.625
190	0.625
191	0.625
192	0.625
193	0.625
194	0.625
195	0.625
196	0.625
197	0.625
198	0.625
199	0.625
200	0.625
201	0.625
202	0.625
203	0.625
204	0.625
205	0.625
206	0.625
207	0.625
208	0.625
209	0.625
210	0.625
211	0.625
212	0.625
213	0.625
214	0.625
215	0.625
216	0.625
217	0.625
218	0.625
219	0.625
220	0.625
221	0.625
222	0.625
223	0.625
224	0.625
225	0.625
226	0.625
227	0.625
228	0.625
229	0.625
230	0.625
231	0.625
232	0.625
233	0.625
234	0.625
235	0.625
236	0.625
237	0.625
238	0.625
239	0.625
240	0.625
241	0.625
242	0.625
243	0.625
244	0.625
245	0.625
246	0.625
247	0.625
248	0.625
249	0.625
250	0.625
251	0.625
252	0.625
253	0.625
254	0.625
255	0.625
256	0.625
257	0.625
258	0.625
259	0.625
260	0.625
261	0.625
262	0.625
263	0.625
264	0.625
265	0.625
266	0.625
267	0.625
268	0.625
269	0.625
270	0.625
271	0.625
272	0.625
273	0.625
274	0.625
275	0.625
276	0.625
277	0.625
278	0.625
279	0.625
280	0.625
281	0.625
282	0.625
283	0.625
284	0.625
285	0.625
286	0.625
287	0.625
288	0.625
289	0.625
290	0.625
291	0.625
292	0.625
293	0.625
294	0.625
295	0.625
296	0.625
297	0.625
298	0.625
299	0.625
300	0.625
301	0.625
302	0.625
303	0.625
304	0.625
305	0.625
306	0.625
307	0.625
308	0.625
309	0.625
310	0.625
311	0.625
312	0.625
313	0.625
314	0.625
315	0.625
316	0.625
317	0.625
318	0.625
319	0.625
320	0.625
321	0.625
322	0.625
323	0.625
324	0.625
325	0.625
326	0.625
327	0.625
328	0.625
329	0.625
330	0.625
331	0.625
332	0.625
333	0.625
334	0.625
335	0.625
336	0.625
337	0.625
338	0.625
339	0.625
340	0.625
341	0.625
342	0.625
343	0.625
344	0.625
345	0.625
346	0.625
347	0.625
348	0.625
349	0.625
350	0.625
351	0.625
352	0.625
353	0.625
354	0.625
355	0.625
356	0.625
357	0.625
358	0.625
359	0.625
360	0.625
361	0.625
362	0.625
363	0.625
364	0.625
365	0.625
366	0.625
367	0.625
368	0.625
369	0.625
370	0.625
371	0.625
372	0.625
373	0.625
374	0.625
375	0.625
376	0.625
377	0.625
378	0.625
379	0.625
380	0.625
381	0.625
382	0.625
383	0.625
384	0.625
385	0.625
386	0.625
387	0.625
388	0.625
389	0.625
390	0.625
391	0.625
392	0.625
393	0.625
394	0.625
395	0.625
396	0.625
397	0.625
398	0.625
399	0.625
400	0.625
401	0.625
402	0.625
403	0.625
404	0.625
405	0.625
406	0.625
407	0.625
408	0.625
409	0.625
410	0.625
411	0.625
412	0.625
413	0.625
414	0.625
415	0.625
416	0.625
417	0.625
418	0.625
419	0.625
420	0.625
421	0.625
422	0.625
423	0.625
424	0.625
425	0.625
426	0.625
427	0.625
428	0.625
429	0.625
430	0.625
431	0.625
432	0.625
433	0.625
434	0.625
435	0.625
436	0.625
437	0.625
438	0.625
439	0.625
440	0.625
441	0.625
442	0.625
443	0.625
444	0.625
445	0.625
446	0.625
447	0.625
448	0.625
449	0.625
450	0.625
451	0.625
452	0.625
453	0.625
454	0.625
455	0.625
456	0.625
457	0.625
458	0.625
459	0.625
460	0.625
461	0.625
462	0.625
463	0.625
464	0.625
465	0.625
466	0.625
467	0.625
468	0.625
469	0.625
470	0.625
471	0.625
472	0.625
473	0.625
474	0.625
475	0.625
476	0.625
477	0.625
478	0.625
479	0.625
480	0.625
481	0.625
482	0.625
483	0.625
484	0.625
485	0.625
486	0.625
487	0.625
488	0.625
489	0.625
490	0.625
491	0.625
492	0.625
493	0.625
494	0.625
495	0.625
496	0.625
497	0.625
498	0.625
499	0.625
500	0.625
501	0.625
502	0.625
503	0.625
504	0.625
505	0.625
506	0.625
507	0.625
508	0.625
509	0.625
510	0.625
511	0.625
512	0.625
513	0.625
514	0.625
515	0.625
516	0.625
517	0.625
518	0.625
519	0.625
520	0.625
521	0.625
522	0.625
523	0.625
524	0.625
525	0.625
526	0.625
527	0.625
528	0.625
529	0.625
530	0.625
531	0.625
532	0.625
533	0.625
534	0.625
535	0.625
536	0.625
537	0.625
538	0.625
539	0.625
540	0.625
541	0.625
542	0.625
543	0.625
544	0.625
545	0.625
546	0.625
547	0.625
548	0.625
549	0.625
550	0.625
551	0.625
552	0.625
553	0.625
554	0.625
555	0.625
556	0.625
557	0.625
558	0.625
559	0.625
560	0.625
561	0.625
562	0.625
563	0.625
564	0.625
565	0.625
566	0.625
567	0.625
568	0.625
569	0.625
570	0.625
571	0.625
572	0.625
573	0.625
574	0.625
575	0.625
576	0.625
577	0.625
578	0.625
579	0.625
580	0.625
581	0.625
582	0.625
583	0.625
584	0.625
585	0.625
586	0.625
587	0.625
588	0.625
589	0.625
590	0.625
591	0.625
592	0.625
593	0.625
594	0.625
595	0.625
596	0.625
597	0.625
598	0.625
599	0.625
600	0.625
601	0.625
602	0.625
603	0.625
604	0.625
605	0.625
606	0.625
607	0.625
608	0.625
609	0.625
610	0.625
611	0.625
612	0.625
613	0.625
614	0.625
615	0.625
616	0.625
617	0.625
618	0.625
619	0.625
620	0.625
621	0.625
622	0.625
623	0.625
624	0.625
625	0.625
626	0.625
627	0.625
628	0.625
629	0.625
630	0.625
631	0.625
632	0.625
633	0.625
634	0.625
635	0.625
636	0.625
637	0.625
638	0.625
639	0.625
640	0.625
641	0.625
642	0.625
643	0.625
644	0.625
645	0.625
646	0.625
647	0.625
648	0.625
649	0.625
650	0.625
651	0.625
652	0.625
653	0.625
654	0.625
655	0.625
656	0.625
657	0.625
658	0.625
659	0.625
660	0.625
661	0.625
662	0.625
663	0.625
664	0.625
665	0.625
666	0.625
667	0.625
668	0.625
669	0.625
670	0.625
671	0.625
672	0.625
673	0.625
674	0.625
675	0.625
676	0.625
677	0.625
678	0.625
679	0.625
680	0.625
681	0.625
682	0.625
683	0.625
684	0.625
685	0.625
686	0.625
687	0.625
688	0.625
689	0.625
690	0.625
691	0.625
692	0.625
693	0.625
694	0.625
695	0.625
696	0.625
697	0.625
698	0.625
699	0.625
700	0.625
701	0.625
702	0.625
703	0.625
704	0.625
705	0.625
706	0.625
707	0.625
708	0.625
709	0.625
710	0.625
711	0.625
712	0.625
713	0.625
714	0.625
715	0.625
716	0.625
717	0.625
718	0.625
719	0.625
720	0.625
721	0.625
722	0.625
723	0.625
724	0.625
725	0.625
726	0.625
727	0.625
728	0.625
729	0.625
730	0.625
731	0.625
732	0.625
733	0.625
734	0.625
735	0.625
736	0.625
737	0.625
738	0.625
739	0.625
740	0.625
741	0.625
742	0.625
743	0.625
744	0.625
745	0.625
746	0.625
747	0.625
748	0.625
749	0.625
750	0.625
751	0.625
752	0.625
753	0.625
754	0.625
755	0.625
756	0.625
757	0.625
758	0.625
759	0.625
760	0.625
761	0.625
762	0.625
763	0.625
764	0.625
765	0.625
766	0.625
767	0.625
768	0.625
769	0.625
770	0.625
771	0.625
772	0.625
773	0.625
774	0.625
775	0.625
776	0.625
777	0.625
778	0.625
779	0.625
780	0.625
781	0.625
782	0.625
783	0.625
784	0.625
785	0.625
786	0.625
787	0.625
788	0.625
789	0.625
790	0.625
791	0.625
792	0.625
793	0.625
794	0.625
795	0.625
796	0.625
797	0.625
798	0.625
799	0.625
800	0.625
801	0.625
802	0.625
803	0.625
804	0.625
805	0.625
806	0.625
807	0.625
808	0.625
809	0.625
810	0.625
811	0.625
812	0.625
813	0.625
814	0.625
815	0.625
816	0.625
817	0.625
818	0.625
819	0.625
820	0.625
821	0.625
822	0.625
823	0.625
824	0.625
825	0.625
826	0.625
827	0.625
828	0.625
829	0.625
830	0.625
831	0.625
832	0.625
833	0.625
834	0.625
835	0.625
836	0.625
837	0.625
838	0.625
839	0.625
840	0.625
841	0.625
842	0.625
843	0.625
844	0.625
845	0.625
846	0.625
847	0.625
848	0.625
849	0.625
850	0.625
851	0.625
852	0.625
853	0.625
854	0.625
855	0.625
856	0.625
857	0.625
858	0.625
859	0.625
860	0.625
861	0.625
862	0.625
863	0.625
864	0.625
865	0.625
866	0.625
867	0.625
868	0.625
869	0.625
870	0.625
871	0.625
872	0.625
873	0.625
874	0.625
875	0.625
876	0.625
877	0.625
878	0.625
879	0.625
880	0.625
881	0.625
882	0.625
883	0.625
884	0.625
885	0.625
886	0.625
887	0.625
888	0.625
889	0.625
890	0.625
891	0.625
892	0.625
893	0.625
894	0.625
895	0.625
896	0.625
897	0.625
898	0.625
899	0.625
900	0.625
901	0.625
902	0.625
903	0.625
904	0.625
905	0.625
906	0.625
907	0.625
908	0.625
909	0.625
910	0.625
911	0.625
912	0.625
913	0.625
914	0.625
915	0.625
916	0.625
917	0.625
918	0.625
919	0.625
920	0.625
921	0.625
922	0.625
923	0.625
924	0.625
925	0.625
926	0.625
927	0.625
928	0.625
929	0.625
930	0.625
931	0.625
932	0.625
933	0.625
934	0.625
935	0.625
936	0.625
937	0.625
938	0.625
939	0.625
940	0.625
941	0.625
942	0.625
943	0.625
944	0.625
945	0.625
946	0.625
947	0.625
948	0.625
949	0.625
950	0.625
951	0.625
952	0.625
953	0.625
954	0.625
955	0.625
956	0.625
957	0.625
958	0.625
959	0.625
960	0.625
961	0.625
962	0.625
963	0.625
964	0.625
965	0.625
966	0.625
967	0.625
968	0.625
969	0.625
970	0.625
971	0.625
972	0.625
973	0.625
974	0.625
975	0.625
976	0.625
977	0.625
978	0.625
979	0.625
980	0.625
981	0.625
982	0.625
983	0.625
984	0.625
985	0.625
986	0.625
987	0.625
988	0.625
989	0.625
990	0.625
991	0.625
992	0.625
993	0.625
994	0.625
995	0.625
996	0.625
997	0.625
998	0.625
999	0.625
1000	0.625
1001	0.625
1002	0.625
1003	0.625
1004	0.625
1005	0.625
1006	0.625
1007	0.625
1008	0.625
1009	0.625
1010	0.625
1011	0.625
1012	0.625
1013	0.75
1014	0.75
1015	0.75
1016	0.75
1017	0.75
1018	0.75
1019	0.75
1020	0.75
1021	0.75
1022	0.75
1023	0.75
1024	0.75
1025	0.75
1026	0.75
1027	0.75
1028	0.75
1029	0.75
1030	0.75
1031	0.75
1032	0.75
1033	0.75
1034	0.75
1035	0.75
1036	0.75
1037	0.75
1038	0.75
1039	0.75
1040	0.75
1041	0.75
1042	0.75
1043	0.75
1044	0.75
1045	0.75
1046	0.75
1047	0.75
1048	0.75
1049	0.75
1050	0.75
1051	0.75
1052	0.75
1053	0.75
1054	0.75
1055	0.75
1056	0.75
1057	0.75
1058	0.75
1059	0.75
1060	0.75
1061	0.75
1062	0.75
1063	0.75
1064	0.75
1065	0.75
1066	0.75
1067	0.75
1068	0.75
1069	0.75
1070	0.75
1071	0.75
1072	0.75
1073	0.75
1074	0.75
1075	0.75
1076	0.75
1077	0.75
1078	0.75
1079	0.75
1080	0.75
1081	0.75
1082	0.75
1083	0.75
1084	0.75
1085	0.75
1086	0.75
1087	0.75
1088	0.75
1089	0.75
1090	0.75
1091	0.75
1092	0.75
1093	0.75
1094	0.75
1095	0.75
1096	0.75
1097	0.75
1098	0.75
1099	0.75
1100	0.75
1101	0.75
1102	0.75
1103	0.75
1104	0.75
1105	0.75
1106	0.75
1107	0.75
1108	0.75
1109	0.75
1110	0.75
1111	0.75
1112	0.75
1113	0.75
1114	0.75
1115	0.75
1116	0.75
1117	0.75
1118	0.75
1119	0.75
1120	0.75
1121	0.75
1122	0.75
1123	0.75
1124	0.75
1125	0.75
1126	0.75
1127	0.75
1128	0.75
1129	0.75
1130	0.75
1131	0.75
1132	0.75
1133	0.75
1134	0.75
1135	0.75
1136	0.75
1137	0.75
1138	0.75
1139	0.75
1140	0.75
1141	0.75
1142	0.75
1143	0.75
1144	0.75
1145	0.75
1146	0.75
1147	0.75
1148	0.75
1149	0.75
1150	0.75
1151	0.75
1152	0.75
1153	0.75
1154	0.75
1155	0.75
1156	0.75
1157	0.75
1158	0.75
1159	0.75
1160	0.75
1161	0.75
1162	0.75
1163	0.75
1164	0.75
1165	0.75
1166	0.75
1167	0.75
1168	0.75
1169	0.75
1170	0.75
1171	0.75
1172	0.75
1173	0.75
1174	0.75
1175	0.75
1176	0.75
1177	0.75
1178	0.75
1179	0.75
1180	0.75
1181	0.75
1182	0.75
1183	0.75
1184	0.75
1185	0.75
1186	0.75
1187	0.75
1188	0.75
1189	0.75
1190	0.75
1191	0.75
1192	0.75
1193	0.75
1194	0.75
1195	0.75
1196	0.75
1197	0.75
1198	0.75
1199	0.75
1200	0.75
1201	0.75
1202	0.75
1203	0.75
1204	0.75
1205	0.75
1206	0.75
1207	0.75
1208	0.75
1209	0.75
1210	0.75
1211	0.75
1212	0.75
1213	0.75
1214	0.75
1215	0.75
1216	0.75
1217	0.75
1218	0.75
1219	0.75
1220	0.75
1221	0.75
1222	0.75
1223	0.75
1224	0.75
1225	0.75
1226	0.75
1227	0.75
1228	0.75
1229	0.75
1230	0.75
1231	0.75
1232	0.75
1233	0.75
1234	0.75
1235	0.75
1236	0.75
1237	0.75
1238	0.75
1239	0.75
1240	0.75
1241	0.75
1242	0.75
1243	0.75
1244	0.75
1245	0.75
1246	0.75
1247	0.75
1248	0.75
1249	0.75
1250	0.75
1251	0.75
1252	0.75
1253	0.75
1254	0.75
1255	0.75
1256	0.75
1257	0.75
1258	0.75
1259	0.75
1260	0.75
1261	0.75
1262	0.75
1263	0.75
1264	0.75
1265	0.75
1266	0.75
1267	0.75
1268	0.75
1269	0.75
1270	0.75
1271	0.75
1272	0.75
1273	0.75
1274	0.75
1275	0.75
1276	0.75
1277	0.75
1278	0.75
1279	0.75
1280	0.75
1281	0.75
1282	0.75
1283	0.75
1284	0.75
1285	0.75
1286	0.75
1287	0.75
1288	0.75
1289	0.75
1290	0.75
1291	0.75
1292	0.75
1293	0.75
1294	0.75
1295	0.75
1296	0.75
1297	0.75
1298	0.75
1299	0.75
1300	0.75
1301	0.75
1302	0.75
1303	0.75
1304	0.75
1305	0.75
1306	0.75
1307	0.75
1308	0.75
1309	0.75
1310	0.75
1311	0.75
1312	0.75
1313	0.75
1314	0.75
1315	0.75
1316	0.75
1317	0.75
1318	0.75
1319	0.75
1320	0.75
1321	0.75
1322	0.75
1323	0.75
1324	0.75
1325	0.75
1326	0.75
1327	0.75
1328	0.75
1329	0.75
1330	0.75
1331	0.75
1332	0.75
1333	0.75
1334	0.75
1335	0.75
1336	0.75
1337	0.75
1338	0.75
1339	0.75
1340	0.75
1341	0.75
1342	0.75
1343	0.75
1344	0.75
1345	0.75
1346	0.75
1347	0.75
1348	0.75
1349	0.75
1350	0.75
1351	0.75
1352	0.75
1353	0.75
1354	0.75
1355	0.75
1356	0.75
1357	0.75
1358	0.75
1359	0.75
1360	0.75
1361	0.75
1362	0.75
1363	0.75
1364	0.75
1365	0.75
1366	0.75
1367	0.75
1368	0.75
1369	0.75
1370	0.75
1371	0.75
1372	0.75
1373	0.75
1374	0.75
1375	0.75
1376	0.75
1377	0.75
1378	0.75
1379	0.75
1380	0.75
1381	0.75
1382	0.75
1383	0.75
1384	0.75
1385	0.75
1386	0.75
1387	0.75
1388	0.75
1389	0.75
1390	0.75
1391	0.75
1392	0.75
1393	0.75
1394	0.75
1395	0.75
1396	0.75
1397	0.75
1398	0.75
1399	0.75
1400	0.75
1401	0.75
1402	0.75
1403	0.75
1404	0.75
1405	0.75
1406	0.75
1407	0.75
1408	0.75
1409	0.75
1410	0.75
1411	0.75
1412	0.75
1413	0.75
1414	0.75
1415	0.75
1416	0.75
1417	0.75
1418	0.75
1419	0.75
1420	0.75
1421	0.75
1422	0.75
1423	0.75
1424	0.75
1425	0.75
1426	0.75
1427	0.75
1428	0.75
1429	0.75
1430	0.75
1431	0.75
1432	0.75
1433	0.75
1434	0.75
1435	0.75
1436	0.75
1437	0.75
1438	0.75
1439	0.75
1440	0.75
1441	0.75
1442	0.75
1443	0.75
1444	0.75
1445	0.75
1446	0.75
1447	0.75
1448	0.75
1449	0.75
1450	0.75
1451	0.75
1452	0.75
1453	0.75
1454	0.75
1455	0.75
1456	0.75
1457	0.75
1458	0.75
1459	0.75
1460	0.75
1461	0.75
1462	0.75
1463	0.75
1464	0.75
1465	0.75
1466	0.75
1467	0.75
1468	0.75
1469	0.75
1470	0.75
1471	0.75
1472	0.75
1473	0.75
1474	0.75
1475	0.75
1476	0.75
1477	0.75
1478	0.75
1479	0.75
1480	0.75
1481	0.75
1482	0.75
1483	0.75
1484	0.75
1485	0.75
1486	0.75
1487	0.75
1488	0.75
1489	0.75
1490	0.75
1491	0.75
1492	0.75
1493	0.75
1494	0.75
1495	0.75
1496	0.75
1497	0.75
1498	0.75
1499	0.75
1500	0.75
1501	0.75
1502	0.75
1503	0.75
1504	0.75
1505	0.75
1506	0.75
1507	0.75
1508	0.75
1509	0.75
1510	0.75
1511	0.75
1512	0.75
1513	0.75
1514	0.75
1515	0.75
1516	0.75
1517	0.75
1518	0.75
1519	0.75
1520	0.75
1521	0.75
1522	0.75
1523	0.75
1524	0.75
1525	0.75
1526	0.75
1527	0.75
1528	0.75
1529	0.75
1530	0.75
1531	0.75
1532	0.75
1533	0.75
1534	0.75
1535	0.75
1536	0.75
1537	0.75
1538	0.75
1539	0.75
1540	0.75
1541	0.75
1542	0.75
1543	0.75
1544	0.75
1545	0.75
1546	0.75
1547	0.75
1548	0.75
1549	0.75
1550	0.75
1551	0.75
1552	0.75
1553	0.75
1554	0.75
1555	0.75
1556	0.75
1557	0.75
1558	0.75
1559	0.75
1560	0.75
1561	0.75
1562	0.75
1563	0.75
1564	0.75
1565	0.75
1566	0.75
1567	0.75
1568	0.75
1569	0.75
1570	0.75
1571	0.75
1572	0.75
1573	0.75
1574	0.75
1575	0.75
1576	0.75
1577	0.75
1578	0.75
1579	0.75
1580	0.75
1581	0.75
1582	0.75
1583	0.75
1584	0.75
1585	0.75
1586	0.75
1587	0.75
1588	0.75
1589	0.75
1590	0.75
1591	0.75
1592	0.75
1593	0.75
1594	0.75
1595	0.75
1596	0.75
1597	0.75
1598	0.75
1599	0.75
1600	0.75
1601	0.75
1602	0.75
1603	0.75
1604	0.75
1605	0.75
1606	0.75
1607	0.75
1608	0.75
1609	0.75
1610	0.75
1611	0.75
1612	0.75
1613	0.75
1614	0.75
1615	0.75
1616	0.75
1617	0.75
1618	0.75
1619	0.75
1620	0.75
1621	0.75
1622	0.75
1623	0.75
1624	0.75
1625	0.75
1626	0.75
1627	0.75
1628	0.75
1629	0.75
1630	0.75
1631	0.75
1632	0.75
1633	0.75
1634	0.75
1635	0.75
1636	0.75
1637	0.75
1638	0.75
1639	0.75
1640	0.75
1641	0.75
1642	0.75
1643	0.75
1644	0.75
1645	0.75
1646	0.75
1647	0.75
1648	0.75
1649	0.75
1650	0.75
1651	0.75
1652	0.75
1653	0.75
1654	0.75
1655	0.75
1656	0.75
1657	0.8125
1658	0.8125
1659	0.8125
1660	0.8125
1661	0.8125
1662	0.8125
1663	0.8125
1664	0.8125
1665	0.8125
1666	0.8125
1667	0.8125
1668	0.8125
1669	0.8125
1670	0.8125
1671	0.8125
1672	0.8125
1673	0.8125
1674	0.8125
1675	0.8125
1676	0.8125
1677	0.8125
1678	0.8125
1679	0.8125
1680	0.8125
1681	0.8125
1682	0.8125
1683	0.8125
1684	0.8125
1685	0.8125
1686	0.8125
1687	0.8125
1688	0.8125
1689	0.8125
1690	0.8125
1691	0.8125
1692	0.8125
1693	0.8125
1694	0.8125
1695	0.8125
1696	0.8125
1697	0.8125
1698	0.8125
1699	0.8125
1700	0.8125
1701	0.8125
1702	0.8125
1703	0.8125
1704	0.8125
1705	0.8125
1706	0.8125
1707	0.8125
1708	0.8125
1709	0.8125
1710	0.8125
1711	0.8125
1712	0.8125
1713	0.8125
1714	0.8125
1715	0.8125
1716	0.8125
1717	0.8125
1718	0.8125
1719	0.8125
1720	0.8125
1721	0.8125
1722	0.8125
1723	0.8125
1724	0.8125
1725	0.8125
1726	0.8125
1727	0.8125
1728	0.8125
1729	0.8125
1730	0.8125
1731	0.8125
1732	0.8125
1733	0.8125
1734	0.8125
1735	0.8125
1736	0.8125
1737	0.8125
1738	0.8125
1739	0.8125
1740	0.8125
1741	0.8125
1742	0.8125
1743	0.8125
1744	0.8125
1745	0.8125
1746	0.8125
1747	0.8125
1748	0.8125
1749	0.8125
1750	0.8125
1751	0.8125
1752	0.8125
1753	0.8125
1754	0.8125
1755	0.8125
1756	0.8125
1757	0.8125
1758	0.8125
1759	0.8125
1760	0.8125
1761	0.8125
1762	0.8125
1763	0.8125
1764	0.8125
1765	0.8125
1766	0.8125
1767	0.8125
1768	0.8125
1769	0.8125
1770	0.8125
1771	0.8125
1772	0.8125
1773	0.8125
1774	0.8125
1775	0.8125
1776	0.8125
1777	0.8125
1778	0.8125
1779	0.8125
1780	0.8125
1781	0.8125
1782	0.8125
1783	0.8125
1784	0.8125
1785	0.8125
1786	0.8125
1787	0.8125
1788	0.8125
1789	0.8125
1790	0.8125
1791	0.8125
1792	0.8125
1793	0.8125
1794	0.8125
1795	0.8125
1796	0.8125
1797	0.8125
1798	0.8125
1799	0.8125
1800	0.8125
1801	0.8125
1802	0.8125
1803	0.8125
1804	0.8125
1805	0.8125
1806	0.8125
1807	0.8125
1808	0.8125
1809	0.8125
1810	0.8125
1811	0.8125
1812	0.8125
1813	0.8125
1814	0.8125
1815	0.8125
1816	0.8125
1817	0.8125
1818	0.8125
1819	0.8125
1820	0.8125
1821	0.8125
1822	0.8125
1823	0.8125
1824	0.8125
1825	0.8125
1826	0.8125
1827	0.8125
1828	0.8125
1829	0.8125
1830	0.8125
1831	0.8125
1832	0.8125
1833	0.8125
1834	0.8125
1835	0.8125
1836	0.8125
1837	0.8125
1838	0.8125
1839	0.8125
1840	0.8125
1841	0.8125
1842	0.8125
1843	0.8125
1844	0.8125
1845	0.8125
1846	0.8125
1847	0.8125
1848	0.8125
1849	0.8125
1850	0.8125
1851	0.8125
1852	0.8125
1853	0.8125
1854	0.8125
1855	0.8125
1856	0.8125
1857	0.8125
1858	0.8125
1859	0.8125
1860	0.8125
1861	0.8125
1862	0.8125
1863	0.8125
1864	0.8125
1865	0.8125
1866	0.8125
1867	0.8125
1868	0.8125
1869	0.8125
1870	0.8125
1871	0.8125
1872	0.8125
1873	0.8125
1874	0.8125
1875	0.8125
1876	0.8125
1877	0.8125
1878	0.8125
1879	0.8125
1880	0.8125
1881	0.8125
1882	0.8125
1883	0.8125
1884	0.8125
1885	0.8125
1886	0.8125
1887	0.8125
1888	0.8125
1889	0.8125
1890	0.8125
1891	0.8125
1892	0.8125
1893	0.8125
1894	0.8125
1895	0.8125
1896	0.8125
1897	0.8125
1898	0.8125
1899	0.8125
1900	0.8125
1901	0.8125
1902	0.8125
1903	0.8125
1904	0.8125
1905	0.8125
1906	0.8125
1907	0.8125
1908	0.8125
1909	0.8125
1910	0.8125
1911	0.8125
1912	0.8125
1913	0.8125
1914	0.8125
1915	0.8125
1916	0.8125
1917	0.8125
1918	0.8125
1919	0.875
1920	0.875
1921	0.875
1922	0.875
1923	0.875
1924	0.875
1925	0.875
1926	0.875
1927	0.875
1928	0.875
1929	0.875
1930	0.875
1931	0.875
1932	0.875
1933	0.875
1934	0.875
1935	0.875
1936	0.875
1937	0.875
1938	0.875
1939	0.875
1940	0.875
1941	0.875
1942	0.875
1943	0.875
1944	0.875
1945	0.875
1946	0.875
1947	0.875
1948	0.875
1949	0.875
1950	0.875
1951	0.875
1952	0.875
1953	0.875
1954	0.875
1955	0.875
1956	0.875
1957	0.875
1958	0.875
1959	0.875
1960	0.875
1961	0.875
1962	0.875
1963	0.875
1964	0.875
1965	0.875
1966	0.875
1967	0.875
1968	0.875
1969	0.875
1970	0.875
1971	0.875
1972	0.875
1973	0.875
1974	0.875
1975	0.875
1976	0.875
1977	0.875
1978	0.875
1979	0.875
1980	0.875
1981	0.875
1982	0.875
1983	0.875
1984	0.875
1985	0.875
1986	0.875
1987	0.875
1988	0.875
1989	0.875
1990	0.875
1991	0.875
1992	0.875
1993	0.875
1994	0.875
1995	0.875
1996	0.875
1997	0.875
1998	0.875
1999	0.875
2000	0.875
2001	0.875
2002	0.875
2003	0.875
2004	0.875
2005	0.875
2006	0.875
2007	0.875
2008	0.875
2009	0.875
2010	0.875
2011	0.875
2012	0.875
2013	0.875
2014	0.875
2015	0.875
2016	0.875
2017	0.875
2018	0.875
2019	0.875
2020	0.875
2021	0.875
2022	0.875
2023	0.875
2024	0.875
2025	0.875
2026	0.875
2027	0.875
2028	0.875
2029	0.875
2030	0.875
2031	0.875
2032	0.875
2033	0.875
2034	0.875
2035	0.875
2036	0.875
2037	0.875
2038	0.875
2039	0.875
2040	0.875
2041	0.875
2042	0.875
2043	0.875
2044	0.875
2045	0.875
2046	0.875
2047	0.875
2048	0.875
2049	0.875
2050	0.875
2051	0.875
2052	0.875
2053	0.875
2054	0.875
2055	0.875
2056	0.875
2057	0.875
2058	0.875
2059	0.875
2060	0.875
2061	0.875
2062	0.875
2063	0.875
2064	0.875
2065	0.875
2066	0.875
2067	0.875
2068	0.875
2069	0.875
2070	0.875
2071	0.875
2072	0.875
2073	0.875
2074	0.875
2075	0.875
2076	0.875
2077	0.875
2078	0.875
2079	0.875
2080	0.875
2081	0.875
2082	0.875
2083	0.875
2084	0.875
2085	0.875
2086	0.875
2087	0.875
2088	0.875
2089	0.875
2090	0.875
2091	0.875
2092	0.875
2093	0.875
2094	0.875
2095	0.875
2096	0.875
2097	0.875
2098	0.875
2099	0.875
2100	0.875
2101	0.875
2102	0.875
2103	0.875
2104	0.875
2105	0.875
2106	0.875
2107	0.875
2108	0.875
2109	0.875
2110	0.875
2111	0.875
2112	0.875
2113	0.875
2114	0.875
2115	0.875
2116	0.875
2117	0.875
2118	0.875
2119	0.875
2120	0.875
2121	0.875
2122	0.875
2123	0.875
2124	0.875
2125	0.875
2126	0.875
2127	0.875
2128	0.875
2129	0.875
2130	0.875
2131	0.875
2132	0.875
2133	0.875
2134	0.875
2135	0.875
2136	0.875
2137	0.875
2138	0.875
2139	0.875
2140	0.875
2141	0.875
2142	0.875
2143	0.875
2144	0.875
2145	0.875
2146	0.875
2147	0.875
2148	0.875
2149	0.875
2150	0.875
2151	0.875
2152	0.875
2153	0.875
2154	0.875
2155	0.875
2156	0.875
2157	0.875
2158	0.875
2159	0.875
2160	0.875
2161	0.875
2162	0.875
2163	0.875
2164	0.875
2165	0.875
2166	0.875
2167	0.875
2168	0.875
2169	0.875
2170	0.875
2171	0.875
2172	0.875
2173	0.875
2174	0.875
2175	0.875
2176	0.875
2177	0.875
2178	0.875
2179	0.875
2180	0.875
2181	0.875
2182	0.875
2183	0.875
2184	0.875
2185	0.875
2186	0.875
2187	0.875
2188	0.875
2189	0.875
2190	0.875
2191	0.875
2192	0.875
2193	0.875
2194	0.875
2195	0.875
2196	0.875
2197	0.875
2198	0.875
2199	0.875
2200	0.875
2201	0.875
2202	0.875
2203	0.875
2204	0.875
2205	0.875
2206	0.875
2207	0.875
2208	0.875
2209	0.875
2210	0.875
2211	0.875
2212	0.875
2213	0.875
2214	0.875
2215	0.875
2216	0.875
2217	0.875
2218	0.875
2219	0.875
2220	0.875
2221	0.875
2222	0.875
2223	0.875
2224	0.875
2225	0.875
2226	0.875
2227	0.875
2228	0.875
2229	0.875
2230	0.875
2231	0.875
2232	0.875
2233	0.875
2234	0.875
2235	0.875
2236	0.875
2237	0.875
2238	0.875
2239	0.875
2240	0.875
2241	0.875
2242	0.875
2243	0.875
2244	0.875
2245	0.875
2246	0.875
2247	0.875
2248	0.875
2249	0.875
2250	0.875
2251	0.875
2252	0.875
2253	0.875
2254	0.875
2255	0.875
2256	0.875
2257	0.875
2258	0.875
2259	0.875
2260	0.875
2261	0.875
2262	0.875
2263	0.875
2264	0.875
2265	0.875
2266	0.875
2267	0.875
2268	0.875
2269	0.875
2270	0.875
2271	0.875
2272	0.875
2273	0.875
2274	0.875
2275	0.875
2276	0.875
2277	0.875
2278	0.875
2279	0.875
2280	0.875
2281	0.875
2282	0.875
2283	0.875
2284	0.875
2285	0.875
2286	0.875
2287	0.875
2288	0.875
2289	0.875
2290	0.875
2291	0.875
2292	0.875
2293	0.875
2294	0.875
2295	0.875
2296	0.875
2297	0.875
2298	0.875
2299	0.875
2300	0.875
2301	0.875
2302	0.875
2303	0.875
2304	0.875
2305	0.875
2306	0.875
2307	0.875
2308	0.875
2309	0.875
2310	0.875
2311	0.875
2312	0.875
2313	0.875
2314	0.875
2315	0.875
2316	0.875
2317	0.875
2318	0.875
2319	0.875
2320	0.875
2321	0.875
2322	0.875
2323	0.875
2324	0.875
2325	0.875
2326	0.875
2327	0.875
2328	0.875
2329	0.875
2330	0.875
2331	0.875
2332	0.875
2333	0.875
2334	0.875
2335	0.875
2336	0.875
2337	0.875
2338	0.875
2339	0.875
2340	0.875
2341	0.875
2342	0.875
2343	0.875
2344	0.875
2345	0.875
2346	0.875
2347	0.875
2348	0.875
2349	0.875
2350	0.875
2351	0.875
2352	0.875
2353	0.875
2354	0.875
2355	0.875
2356	0.875
2357	0.875
2358	0.875
2359	0.875
2360	0.875
2361	0.875
2362	0.875
2363	0.875
2364	0.875
2365	0.875
2366	0.875
2367	0.875
2368	0.875
2369	0.875
2370	0.875
2371	0.875
2372	0.875
2373	0.875
2374	0.875
2375	0.875
2376	0.875
2377	0.875
2378	0.875
2379	0.875
2380	0.875
2381	0.875
2382	0.875
2383	0.875
2384	0.875
2385	0.875
2386	0.875
2387	0.875
2388	0.875
2389	0.875
2390	0.875
2391	0.875
2392	0.875
2393	0.875
2394	0.875
2395	0.875
2396	0.875
2397	0.875
2398	0.875
2399	0.875
2400	0.875
2401	0.875
2402	0.875
2403	0.875
2404	0.875
2405	0.875
2406	0.875
2407	0.875
2408	0.875
2409	0.875
2410	0.875
2411	0.875
2412	0.875
2413	0.875
2414	0.875
2415	0.875
2416	0.875
2417	0.875
2418	0.875
2419	0.875
2420	0.875
2421	0.875
2422	0.875
2423	0.875
2424	0.875
2425	0.875
2426	0.875
2427	0.875
2428	0.875
2429	0.875
2430	0.875
2431	0.875
2432	0.875
2433	0.875
2434	0.875
2435	0.875
2436	0.875
2437	0.875
2438	0.875
2439	0.875
2440	0.875
2441	0.875
2442	0.875
2443	0.875
2444	0.875
2445	0.875
2446	0.875
2447	0.875
2448	0.875
2449	0.875
2450	0.875
2451	0.875
2452	0.875
2453	0.875
2454	0.875
2455	0.875
2456	0.875
2457	0.875
2458	0.875
2459	0.875
2460	0.875
2461	0.875
2462	0.875
2463	0.875
2464	0.875
2465	0.875
2466	0.875
2467	0.875
2468	0.875
2469	0.875
2470	0.875
2471	0.875
2472	0.875
2473	0.875
2474	0.875
2475	0.875
2476	0.875
2477	0.875
2478	0.875
2479	0.875
2480	0.875
2481	0.875
2482	0.875
2483	0.875
2484	0.875
2485	0.875
2486	0.875
2487	0.875
2488	0.875
2489	0.875
2490	0.875
2491	0.875
2492	0.875
2493	0.875
2494	0.875
2495	0.875
2496	0.875
2497	0.875
2498	0.875
2499	0.875
2500	0.875
2501	0.875
2502	0.875
2503	0.875
2504	0.875
2505	0.875
2506	0.875
2507	0.875
2508	0.875
2509	0.875
2510	0.875
2511	0.875
2512	0.875
2513	0.875
2514	0.875
2515	0.875
2516	0.875
2517	0.875
2518	0.875
2519	0.875
2520	0.875
2521	0.875
2522	0.875
2523	0.875
2524	0.875
2525	0.875
2526	0.875
2527	0.875
2528	0.875
2529	0.875
2530	0.875
2531	0.875
2532	0.875
2533	0.875
2534	0.875
2535	0.875
2536	0.875
2537	0.875
2538	0.875
2539	0.875
2540	0.875
2541	0.875
2542	0.875
2543	0.875
2544	0.875
2545	0.875
2546	0.875
2547	0.875
2548	0.875
2549	0.875
2550	0.875
2551	0.875
2552	0.875
2553	0.875
2554	0.875
2555	0.875
2556	0.875
2557	0.875
2558	0.875
2559	0.875
2560	0.875
2561	0.875
2562	0.875
2563	0.875
2564	0.875
2565	0.875
2566	0.875
2567	0.875
2568	0.875
2569	0.875
2570	0.875
2571	0.875
2572	0.875
2573	0.875
2574	0.875
2575	0.875
2576	0.875
2577	0.875
2578	0.875
2579	0.875
2580	0.875
2581	0.875
2582	0.875
2583	0.875
2584	0.875
2585	0.875
2586	0.875
2587	0.875
2588	0.875
2589	0.875
2590	0.875
2591	0.875
2592	0.875
2593	0.875
2594	0.875
2595	0.875
2596	0.875
2597	0.875
2598	0.875
2599	0.875
2600	0.875
2601	0.875
2602	0.875
2603	0.875
2604	0.875
2605	0.875
2606	0.875
2607	0.875
2608	0.875
2609	0.875
2610	0.875
2611	0.875
2612	0.875
2613	0.875
2614	0.875
2615	0.875
2616	0.875
2617	0.875
2618	0.875
2619	0.875
2620	0.875
2621	0.875
2622	0.875
2623	0.875
2624	0.875
2625	0.875
2626	0.875
2627	0.875
2628	0.875
2629	0.875
2630	0.875
2631	0.875
2632	0.875
2633	0.875
2634	0.875
2635	0.875
2636	0.875
2637	0.875
2638	0.875
2639	0.875
2640	0.875
2641	0.875
2642	0.875
2643	0.875
2644	0.875
2645	0.875
2646	0.875
2647	0.875
2648	0.875
2649	0.875
2650	0.875
2651	0.875
2652	0.875
2653	0.875
2654	0.875
2655	0.875
2656	0.875
2657	0.875
2658	0.875
2659	0.875
2660	0.875
2661	0.875
2662	0.875
2663	0.875
2664	0.875
2665	0.875
2666	0.875
2667	0.875
2668	0.875
2669	0.875
2670	0.875
2671	0.875
2672	0.875
2673	0.875
2674	0.875
2675	0.875
2676	0.875
2677	0.875
2678	0.875
2679	0.875
2680	0.875
2681	0.875
2682	0.875
2683	0.875
2684	0.875
2685	0.875
2686	0.875
2687	0.875
2688	0.875
2689	0.875
2690	0.875
2691	0.875
2692	0.875
2693	0.875
2694	0.875
2695	0.875
2696	0.875
2697	0.875
2698	0.875
2699	0.875
2700	0.875
2701	0.875
2702	0.875
2703	0.875
2704	0.875
2705	0.875
2706	0.875
2707	0.875
2708	0.875
2709	0.875
2710	0.875
2711	0.875
2712	0.875
2713	0.875
2714	0.875
2715	0.875
2716	0.875
2717	0.875
2718	0.875
2719	0.875
2720	0.875
2721	0.875
2722	0.875
2723	0.875
2724	0.875
2725	0.875
2726	0.875
2727	0.875
2728	0.875
2729	0.875
2730	0.875
2731	0.875
2732	0.875
2733	0.875
2734	0.875
2735	0.875
2736	0.875
2737	0.875
2738	0.875
2739	0.875
2740	0.875
2741	0.875
2742	0.875
2743	0.875
2744	0.875
2745	0.875
2746	0.875
2747	0.875
2748	0.875
2749	0.875
2750	0.875
2751	0.875
2752	0.875
2753	0.875
2754	0.875
2755	0.875
2756	0.875
2757	0.875
2758	0.875
2759	0.875
2760	0.875
2761	0.875
2762	0.875
2763	0.875
2764	0.875
2765	0.875
2766	0.875
2767	0.875
2768	0.875
2769	0.875
2770	0.875
2771	0.875
2772	0.875
2773	0.875
2774	0.875
2775	0.875
2776	0.875
2777	0.875
2778	0.875
2779	0.875
2780	0.875
2781	0.875
2782	0.875
2783	0.875
2784	0.875
2785	0.875
2786	0.875
2787	0.875
2788	0.875
2789	0.875
2790	0.875
2791	0.875
2792	0.875
2793	0.875
2794	0.875
2795	0.875
2796	0.875
2797	0.875
2798	0.875
2799	0.875
2800	0.875
2801	0.875
2802	0.875
2803	0.875
2804	0.875
2805	0.875
2806	0.875
2807	0.875
2808	0.875
2809	0.875
2810	0.875
2811	0.875
2812	0.875
2813	0.875
2814	0.875
2815	0.875
2816	0.875
2817	0.875
2818	0.875
2819	0.875
2820	0.875
2821	0.875
2822	0.875
2823	0.875
2824	0.875
2825	0.875
2826	0.875
2827	0.875
2828	0.875
2829	0.875
2830	0.875
2831	0.875
2832	0.875
2833	0.875
2834	0.875
2835	0.875
2836	0.875
2837	0.875
2838	0.875
2839	0.875
2840	0.875
2841	0.875
2842	0.875
2843	0.875
2844	0.875
2845	0.875
2846	0.875
2847	0.875
2848	0.875
2849	0.875
2850	0.875
2851	0.875
2852	0.875
2853	0.875
2854	0.875
2855	0.875
2856	0.875
2857	0.875
2858	0.875
2859	0.875
2860	0.875
2861	0.875
2862	0.875
2863	0.875
2864	0.875
2865	0.875
2866	0.875
2867	0.875
2868	0.875
2869	0.875
2870	0.875
2871	0.875
2872	0.875
2873	0.875
2874	0.875
2875	0.875
2876	0.875
2877	0.875
2878	0.875
2879	0.875
2880	0.875
2881	0.875
2882	0.875
2883	0.875
2884	0.875
2885	0.875
2886	0.875
2887	0.875
2888	0.875
2889	0.875
2890	0.875
2891	0.875
2892	0.875
2893	0.875
2894	0.875
2895	0.875
2896	0.875
2897	0.875
2898	0.875
2899	0.875
2900	0.875
2901	0.875
2902	0.875
2903	0.875
2904	0.875
2905	0.875
2906	0.875
2907	0.875
2908	0.875
2909	0.875
2910	0.875
2911	0.875
2912	0.875
2913	0.875
2914	0.875
2915	0.875
2916	0.875
2917	0.875
2918	0.875
2919	0.875
2920	0.875
2921	0.875
2922	0.875
2923	0.875
2924	0.875
2925	0.875
2926	0.875
2927	0.875
2928	0.875
2929	0.875
2930	0.875
2931	0.875
2932	0.875
2933	0.875
2934	0.875
2935	0.875
2936	0.875
2937	0.875
2938	0.875
2939	0.875
2940	0.875
2941	0.875
2942	0.875
2943	0.875
2944	0.875
2945	0.875
2946	0.875
2947	0.875
2948	0.875
2949	0.875
2950	0.875
2951	0.875
2952	0.875
2953	0.875
2954	0.875
2955	0.875
2956	0.875
2957	0.875
2958	0.875
2959	0.875
2960	0.875
2961	0.875
2962	0.875
2963	0.875
2964	0.875
2965	0.875
2966	0.875
2967	0.875
2968	0.875
2969	0.875
2970	0.875
2971	0.875
2972	0.875
2973	0.875
2974	0.875
2975	0.875
2976	0.875
2977	0.875
2978	0.875
2979	0.875
2980	0.875
2981	0.875
2982	0.875
2983	0.875
2984	0.875
2985	0.875
2986	0.875
2987	0.875
2988	0.875
2989	0.875
2990	0.875
2991	0.875
2992	0.875
2993	0.875
2994	0.875
2995	0.875
2996	0.875
2997	0.875
2998	0.875
2999	0.875
3000	0.875
3001	0.875
3002	0.875
3003	0.875
3004	0.875
3005	0.875
3006	0.875
3007	0.875
3008	0.875
3009	0.875
3010	0.875
3011	0.875
3012	0.875
3013	0.875
3014	0.875
3015	0.875
3016	0.875
3017	0.875
3018	0.875
3019	0.875
3020	0.875
3021	0.875
3022	0.875
3023	0.875
3024	0.875
3025	0.875
3026	0.875
3027	0.875
3028	0.875
3029	0.875
3030	0.875
3031	0.875
3032	0.875
3033	0.875
3034	0.875
3035	0.875
3036	0.875
3037	0.875
3038	0.875
3039	0.875
3040	0.875
3041	0.875
3042	0.875
3043	0.875
3044	0.875
3045	0.875
3046	0.875
3047	0.875
3048	0.875
3049	0.875
3050	0.875
3051	0.875
3052	0.875
3053	0.875
3054	0.875
3055	0.875
3056	0.875
3057	0.875
3058	0.875
3059	0.875
3060	0.875
3061	0.875
3062	0.875
3063	0.875
3064	0.875
3065	0.875
3066	0.875
3067	0.875
3068	0.875
3069	0.875
3070	0.875
3071	0.875
3072	0.875
3073	0.875
3074	0.875
3075	0.875
3076	0.875
3077	0.875
3078	0.875
3079	0.875
3080	0.875
3081	0.875
3082	0.875
3083	0.875
3084	0.875
3085	0.875
3086	0.875
3087	0.875
3088	0.875
3089	0.875
3090	0.875
3091	0.875
3092	0.875
3093	0.875
3094	0.875
3095	0.875
3096	0.875
3097	0.875
3098	0.875
3099	0.875
3100	0.875
3101	0.875
3102	0.875
3103	0.875
3104	0.875
3105	0.875
3106	0.875
3107	0.875
3108	0.875
3109	0.875
3110	0.875
3111	0.875
3112	0.875
3113	0.875
3114	0.875
3115	0.875
3116	0.875
3117	0.875
3118	0.875
3119	0.875
3120	0.875
3121	0.875
3122	0.875
3123	0.875
3124	0.875
3125	0.875
3126	0.875
3127	0.875
3128	0.875
3129	0.875
3130	0.875
3131	0.875
3132	0.875
3133	0.875
3134	0.875
3135	0.875
3136	0.875
3137	0.875
3138	0.875
3139	0.875
3140	0.875
3141	0.875
3142	0.875
3143	0.875
3144	0.875
3145	0.875
3146	0.875
3147	0.875
3148	0.875
3149	0.875
3150	0.875
3151	0.875
3152	0.875
3153	0.875
3154	0.875
3155	0.875
3156	0.875
3157	0.875
3158	0.875
3159	0.875
3160	0.875
3161	0.875
3162	0.875
3163	0.875
3164	0.875
3165	0.875
3166	0.875
3167	0.875
3168	0.875
3169	0.875
3170	0.875
3171	0.875
3172	0.875
3173	0.875
3174	0.875
3175	0.875
3176	0.875
3177	0.875
3178	0.875
3179	0.875
3180	0.875
3181	0.875
3182	0.875
3183	0.875
3184	0.875
3185	0.875
3186	0.875
3187	0.875
3188	0.875
3189	0.875
3190	0.875
3191	0.875
3192	0.875
3193	0.875
3194	0.875
3195	0.875
3196	0.875
3197	0.875
3198	0.875
3199	0.875
3200	0.875
3201	0.875
3202	0.875
3203	0.875
3204	0.875
3205	0.875
3206	0.875
3207	0.875
3208	0.875
3209	0.875
3210	0.875
3211	0.875
3212	0.875
3213	0.875
3214	0.875
3215	0.875
3216	0.875
3217	0.875
3218	0.875
3219	0.875
3220	0.875
3221	0.875
3222	0.875
3223	0.875
3224	0.875
3225	0.875
3226	0.875
3227	0.875
3228	0.875
3229	0.875
3230	0.875
3231	0.875
3232	0.875
3233	0.875
3234	0.875
3235	0.875
3236	0.875
3237	0.875
3238	0.875
3239	0.875
3240	0.875
3241	0.875
3242	0.875
3243	0.875
3244	0.875
3245	0.875
3246	0.875
3247	0.875
3248	0.875
3249	0.875
3250	0.875
3251	0.875
3252	0.875
3253	0.875
3254	0.875
3255	0.875
3256	0.875
3257	0.875
3258	0.875
3259	0.875
3260	0.875
3261	0.875
3262	0.875
3263	0.875
3264	0.875
3265	0.875
3266	0.875
3267	0.875
3268	0.875
3269	0.875
3270	0.875
3271	0.875
3272	0.875
3273	0.875
3274	0.875
3275	0.875
3276	0.875
3277	0.875
3278	0.875
3279	0.875
3280	0.875
3281	0.875
3282	0.875
3283	0.875
3284	0.875
3285	0.875
3286	0.875
3287	0.875
3288	0.875
3289	0.875
3290	0.875
3291	0.875
3292	0.875
3293	0.875
3294	0.875
3295	0.875
3296	0.875
3297	0.875
3298	0.875
3299	0.875
3300	0.875
3301	0.875
3302	0.875
3303	0.875
3304	0.875
3305	0.875
3306	0.875
3307	0.875
3308	0.875
3309	0.875
3310	0.875
3311	0.875
3312	0.875
3313	0.875
3314	0.875
3315	0.875
3316	0.875
3317	0.875
3318	0.875
3319	0.875
3320	0.875
3321	0.875
3322	0.875
3323	0.875
3324	0.875
3325	0.875
3326	0.875
3327	0.875
3328	0.875
3329	0.875
3330	0.875
3331	0.875
3332	0.875
3333	0.875
3334	0.875
3335	0.875
3336	0.875
3337	0.875
3338	0.875
3339	0.875
3340	0.875
3341	0.875
3342	0.875
3343	0.875
3344	0.875
3345	0.875
3346	0.875
3347	0.875
3348	0.875
3349	0.875
3350	0.875
3351	0.875
3352	0.875
3353	0.875
3354	0.875
3355	0.875
3356	0.875
3357	0.875
3358	0.875
3359	0.875
3360	0.875
3361	0.875
3362	0.875
3363	0.875
3364	0.875
3365	0.875
3366	0.875
3367	0.875
3368	0.875
3369	0.875
3370	0.875
3371	0.875
3372	0.875
3373	0.875
3374	0.875
3375	0.875
3376	0.875
3377	0.875
3378	0.875
3379	0.875
3380	0.875
3381	0.875
3382	0.875
3383	0.875
3384	0.875
3385	0.875
3386	0.875
3387	0.875
3388	0.875
3389	0.875
3390	0.875
3391	0.875
3392	0.875
3393	0.875
3394	0.875
3395	0.875
3396	0.875
3397	0.875
3398	0.875
3399	0.875
3400	0.875
3401	0.875
3402	0.875
3403	0.875
3404	0.875
3405	0.875
3406	0.875
3407	0.875
3408	0.875
3409	0.875
3410	0.875
3411	0.875
3412	0.875
3413	0.875
3414	0.875
3415	0.875
3416	0.875
3417	0.875
3418	0.875
3419	0.875
3420	0.875
3421	0.875
3422	0.875
3423	0.875
3424	0.875
3425	0.875
3426	0.875
3427	0.875
3428	0.875
3429	0.875
3430	0.875
3431	0.875
3432	0.875
3433	0.875
3434	0.875
3435	0.875
3436	0.875
3437	0.875
3438	0.875
3439	0.875
3440	0.875
3441	0.875
3442	0.875
3443	0.875
3444	0.875
3445	0.875
3446	0.875
3447	0.875
3448	0.875
3449	0.875
3450	0.875
3451	0.875
3452	0.875
3453	0.875
3454	0.875
3455	0.875
3456	0.875
3457	0.875
3458	0.875
3459	0.875
3460	0.875
3461	0.875
3462	0.875
3463	0.875
3464	0.875
3465	0.875
3466	0.875
3467	0.875
3468	0.875
3469	0.875
3470	0.875
3471	0.875
3472	0.875
3473	0.875
3474	0.875
3475	0.875
3476	0.875
3477	0.875
3478	0.875
3479	0.875
3480	0.875
3481	0.875
3482	0.875
3483	0.875
3484	0.875
3485	0.875
3486	0.875
3487	0.875
3488	0.875
3489	0.875
3490	0.875
3491	0.875
3492	0.875
3493	0.875
3494	0.875
3495	0.875
3496	0.875
3497	0.875
3498	0.875
3499	0.875
3500	0.875
3501	0.875
3502	0.875
3503	0.875
3504	0.875
3505	0.875
3506	0.875
3507	0.875
3508	0.875
3509	0.875
3510	0.875
3511	0.875
3512	0.875
3513	0.875
3514	0.875
3515	0.875
3516	0.875
3517	0.875
3518	0.875
3519	0.875
3520	0.875
3521	0.875
3522	0.875
3523	0.875
3524	0.875
3525	0.875
3526	0.875
3527	0.875
3528	0.875
3529	0.875
3530	0.875
3531	0.875
3532	0.875
3533	0.875
3534	0.875
3535	0.875
3536	0.875
3537	0.875
3538	0.875
3539	0.875
3540	0.875
3541	0.875
3542	0.875
3543	0.875
3544	0.875
3545	0.875
3546	0.875
3547	0.875
3548	0.875
3549	0.875
3550	0.875
3551	0.875
3552	0.875
3553	0.875
3554	0.875
3555	0.875
3556	0.875
3557	0.875
3558	0.875
3559	0.875
3560	0.875
3561	0.875
3562	0.875
3563	0.875
3564	0.875
3565	0.875
3566	0.875
3567	0.875
3568	0.875
3569	0.875
3570	0.875
3571	0.875
3572	0.875
3573	0.875
3574	0.875
3575	0.875
3576	0.875
3577	0.875
3578	0.875
3579	0.875
3580	0.875
3581	0.875
3582	0.875
3583	0.875
3584	0.875
3585	0.875
3586	0.875
3587	0.875
3588	0.875
3589	0.875
3590	0.875
3591	0.875
3592	0.875
3593	0.875
3594	0.875
3595	0.875
3596	0.875
3597	0.875
3598	0.875
3599	0.875
3600	0.875
3601	0.875
3602	0.875
3603	0.875
3604	0.875
3605	0.875
3606	0.875
3607	0.875
3608	0.875
3609	0.875
3610	0.875
3611	0.875
3612	0.875
3613	0.875
3614	0.875
3615	0.875
3616	0.875
3617	0.875
3618	0.875
3619	0.875
3620	0.875
3621	0.875
3622	0.875
3623	0.875
3624	0.875
3625	0.875
3626	0.875
3627	0.875
3628	0.875
3629	0.875
3630	0.875
3631	0.875
3632	0.875
3633	0.875
3634	0.875
3635	0.875
3636	0.875
3637	0.875
3638	0.875
3639	0.875
3640	0.875
3641	0.875
3642	0.875
3643	0.875
3644	0.875
3645	0.875
3646	0.875
3647	0.875
3648	0.875
3649	0.875
3650	0.875
3651	0.875
3652	0.875
3653	0.875
3654	0.875
3655	0.875
3656	0.875
3657	0.875
3658	0.875
3659	0.875
3660	0.875
3661	0.875
3662	0.875
3663	0.875
3664	0.875
3665	0.875
3666	0.875
3667	0.875
3668	0.875
3669	0.875
3670	0.875
3671	0.875
3672	0.875
3673	0.875
3674	0.875
3675	0.875
3676	0.875
3677	0.875
3678	0.875
3679	0.875
3680	0.875
3681	0.875
3682	0.875
3683	0.875
3684	0.875
3685	0.875
3686	0.875
3687	0.875
3688	0.875
3689	0.875
3690	0.875
3691	0.875
3692	0.875
3693	0.875
3694	0.875
3695	0.875
3696	0.875
3697	0.875
3698	0.875
3699	0.875
3700	0.875
3701	0.875
3702	0.875
3703	0.875
3704	0.875
3705	0.875
3706	0.875
3707	0.875
3708	0.875
3709	0.875
3710	0.875
3711	0.875
3712	0.875
3713	0.875
3714	0.875
3715	0.875
3716	0.875
3717	0.875
3718	0.875
3719	0.875
3720	0.875
3721	0.875
3722	0.875
3723	0.875
3724	0.875
3725	0.875
3726	0.875
3727	0.875
3728	0.875
3729	0.875
3730	0.875
3731	0.875
3732	0.875
3733	0.875
3734	0.875
3735	0.875
3736	0.875
3737	0.875
3738	0.875
3739	0.875
3740	0.875
3741	0.875
3742	0.875
3743	0.875
3744	0.875
3745	0.875
3746	0.875
3747	0.875
3748	0.875
3749	0.875
3750	0.875
3751	0.875
3752	0.875
3753	0.875
3754	0.875
3755	0.875
3756	0.875
3757	0.875
3758	0.875
3759	0.875
3760	0.875
3761	0.875
3762	0.875
3763	0.875
3764	0.875
3765	0.875
3766	0.875
3767	0.875
3768	0.875
3769	0.875
3770	0.875
3771	0.875
3772	0.875
3773	0.875
3774	0.875
3775	0.875
3776	0.875
3777	0.875
3778	0.875
3779	0.875
3780	0.875
3781	0.875
3782	0.875
3783	0.875
3784	0.875
3785	0.875
3786	0.875
3787	0.875
3788	0.875
3789	0.875
3790	0.875
3791	0.875
3792	0.875
3793	0.875
3794	0.875
3795	0.875
3796	0.875
3797	0.875
3798	0.875
3799	0.875
3800	0.875
3801	0.875
3802	0.875
3803	0.875
3804	0.875
3805	0.875
3806	0.875
3807	0.875
3808	0.875
3809	0.875
3810	0.875
3811	0.875
3812	0.875
3813	0.875
3814	0.875
3815	0.875
3816	0.875
3817	0.875
3818	0.875
3819	0.875
3820	0.875
3821	0.875
3822	0.875
3823	0.875
3824	0.875
3825	0.875
3826	0.875
3827	0.875
3828	0.875
3829	0.875
3830	0.875
3831	0.875
3832	0.875
3833	0.875
3834	0.875
3835	0.875
3836	0.875
3837	0.875
3838	0.875
3839	0.875
3840	0.875
3841	0.875
3842	0.875
3843	0.875
3844	0.875
3845	0.875
3846	0.875
3847	0.875
3848	0.875
3849	0.875
3850	0.875
3851	0.875
3852	0.875
3853	0.875
3854	0.875
3855	0.875
3856	0.875
3857	0.875
3858	0.875
3859	0.875
3860	0.875
3861	0.875
3862	0.875
3863	0.875
3864	0.875
3865	0.875
3866	0.875
3867	0.875
3868	0.875
3869	0.875
3870	0.875
3871	0.875
3872	0.875
3873	0.875
3874	0.875
3875	0.875
3876	0.875
3877	0.875
3878	0.875
3879	0.875
3880	0.875
3881	0.875
3882	0.875
3883	0.875
3884	0.875
3885	0.875
3886	0.875
3887	0.875
3888	0.875
3889	0.875
3890	0.875
3891	0.875
3892	0.875
3893	0.875
3894	0.875
3895	0.875
3896	0.875
3897	0.875
3898	0.875
3899	0.875
3900	0.875
3901	0.875
3902	0.875
3903	0.875
3904	0.875
3905	0.875
3906	0.875
3907	0.875
3908	0.875
3909	0.875
3910	0.875
3911	0.875
3912	0.875
3913	0.875
3914	0.875
3915	0.875
3916	0.875
3917	0.875
3918	0.875
3919	0.875
3920	0.875
3921	0.875
3922	0.875
3923	0.875
3924	0.875
3925	0.875
3926	0.875
3927	0.875
3928	0.875
3929	0.875
3930	0.875
3931	0.875
3932	0.875
3933	0.875
3934	0.875
3935	0.875
3936	0.875
3937	0.875
3938	0.875
3939	0.875
3940	0.875
3941	0.875
3942	0.875
3943	0.875
3944	0.875
3945	0.875
3946	0.875
3947	0.875
3948	0.875
3949	0.875
3950	0.875
3951	0.875
3952	0.875
3953	0.875
3954	0.875
3955	0.875
3956	0.875
3957	0.875
3958	0.875
3959	0.875
3960	0.875
3961	0.875
3962	0.875
3963	0.875
3964	0.875
3965	0.875
3966	0.875
3967	0.875
3968	0.875
3969	0.875
3970	0.875
3971	0.875
3972	0.875
3973	0.875
3974	0.875
3975	0.875
3976	0.875
3977	0.875
3978	0.875
3979	0.875
3980	0.875
3981	0.875
3982	0.875
3983	0.875
3984	0.875
3985	0.875
3986	0.875
3987	0.875
3988	0.875
3989	0.875
3990	0.875
3991	0.875
3992	0.875
3993	0.875
3994	0.875
3995	0.875
3996	0.875
3997	0.875
3998	0.875
3999	0.875
4000	0.875
4001	0.875
4002	0.875
4003	0.875
4004	0.875
4005	0.875
4006	0.875
4007	0.875
4008	0.875
4009	0.875
4010	0.875
4011	0.875
4012	0.875
4013	0.875
4014	0.875
4015	0.875
4016	0.875
4017	0.875
4018	0.875
4019	0.875
4020	0.875
4021	0.875
4022	0.875
4023	0.875
4024	0.875
4025	0.875
4026	0.875
4027	0.875
4028	0.875
4029	0.875
4030	0.875
4031	0.875
4032	0.875
4033	0.875
4034	0.875
4035	0.875
4036	0.875
4037	0.875
4038	0.875
4039	0.875
4040	0.875
4041	0.875
4042	0.875
4043	0.875
4044	0.875
4045	0.875
4046	0.875
4047	0.875
4048	0.875
4049	0.875
4050	0.875
4051	0.875
4052	0.875
4053	0.875
4054	0.875
4055	0.875
4056	0.875
4057	0.875
4058	0.875
4059	0.875
4060	0.875
4061	0.875
4062	0.875
4063	0.875
4064	0.875
4065	0.875
4066	0.875
4067	0.875
4068	0.875
4069	0.875
4070	0.875
4071	0.875
4072	0.875
4073	0.875
4074	0.875
4075	0.875
4076	0.875
4077	0.875
4078	0.875
4079	0.875
4080	0.875
4081	0.875
4082	0.875
4083	0.875
4084	0.875
4085	0.875
4086	0.875
4087	0.875
4088	0.875
4089	0.875
4090	0.875
4091	0.875
4092	0.875
4093	0.875
4094	0.875
4095	0.875
4096	0.875
4097	0.875
4098	0.875
4099	0.875
4100	0.875
4101	0.875
4102	0.875
4103	0.875
4104	0.875
4105	0.875
4106	0.875
4107	0.875
4108	0.875
4109	0.875
4110	0.875
4111	0.875
4112	0.875
4113	0.875
4114	0.875
4115	0.875
4116	0.875
4117	0.875
4118	0.875
4119	0.875
4120	0.875
4121	0.875
4122	0.875
4123	0.875
4124	0.875
4125	0.875
4126	0.875
4127	0.875
4128	0.875
4129	0.875
4130	0.875
4131	0.875
4132	0.875
4133	0.875
4134	0.875
4135	0.875
4136	0.875
4137	0.875
4138	0.875
4139	0.875
4140	0.875
4141	0.875
4142	0.875
4143	0.875
4144	0.875
4145	0.875
4146	0.875
4147	0.875
4148	0.875
4149	0.875
4150	0.875
4151	0.875
4152	0.875
4153	0.875
4154	0.875
4155	0.875
4156	0.875
4157	0.875
4158	0.875
4159	0.875
4160	0.875
4161	0.875
4162	0.875
4163	0.875
4164	0.875
4165	0.875
4166	0.875
4167	0.875
4168	0.875
4169	0.875
4170	0.875
4171	0.875
4172	0.875
4173	0.875
4174	0.875
4175	0.875
4176	0.875
4177	0.875
4178	0.875
4179	0.875
4180	0.875
4181	0.875
4182	0.875
4183	0.875
4184	0.875
4185	0.875
4186	0.875
4187	0.875
4188	0.875
4189	0.875
4190	0.875
4191	0.875
4192	0.875
4193	0.875
4194	0.875
4195	0.875
4196	0.875
4197	0.875
4198	0.875
4199	0.875
4200	0.875
4201	0.875
4202	0.875
4203	0.875
4204	0.875
4205	0.875
4206	0.875
4207	0.875
4208	0.875
4209	0.875
4210	0.875
4211	0.875
4212	0.875
4213	0.875
4214	0.875
4215	0.875
4216	0.875
4217	0.875
4218	0.875
4219	0.875
4220	0.875
4221	0.875
4222	0.875
4223	0.875
4224	0.875
4225	0.875
4226	0.875
4227	0.875
4228	0.875
4229	0.875
4230	0.875
4231	0.875
4232	0.875
4233	0.875
4234	0.875
4235	0.875
4236	0.875
4237	0.875
4238	0.875
4239	0.875
4240	0.875
4241	0.875
4242	0.875
4243	0.875
4244	0.875
4245	0.875
4246	0.875
4247	0.875
4248	0.875
4249	0.875
4250	0.875
4251	0.875
4252	0.875
4253	0.875
4254	0.875
4255	0.875
4256	0.875
4257	0.875
4258	0.875
4259	0.875
4260	0.875
4261	0.875
4262	0.875
4263	0.875
4264	0.875
4265	0.875
4266	0.875
4267	0.875
4268	0.875
4269	0.875
4270	0.875
4271	0.875
4272	0.875
4273	0.875
4274	0.875
4275	0.875
4276	0.875
4277	0.875
4278	0.875
4279	0.875
4280	0.875
4281	0.875
4282	0.875
4283	0.875
4284	0.875
4285	0.875
4286	0.875
4287	0.875
4288	0.875
4289	0.875
4290	0.875
4291	0.875
4292	0.875
4293	0.875
4294	0.875
4295	0.875
4296	0.875
4297	0.875
4298	0.875
4299	0.875
4300	0.875
4301	0.875
4302	0.875
4303	0.875
4304	0.875
4305	0.875
4306	0.875
4307	0.875
4308	0.875
4309	0.875
4310	0.875
4311	0.875
4312	0.875
4313	0.875
4314	0.875
4315	0.875
4316	0.875
4317	0.875
4318	0.875
4319	0.875
4320	0.875
4321	0.875
4322	0.875
4323	0.875
4324	0.875
4325	0.875
4326	0.875
4327	0.875
4328	0.875
4329	0.875
4330	0.875
4331	0.875
4332	0.875
4333	0.875
4334	0.875
4335	0.875
4336	0.875
4337	0.875
4338	0.875
4339	0.875
4340	0.875
4341	0.875
4342	0.875
4343	0.875
4344	0.875
4345	0.875
4346	0.875
4347	0.875
4348	0.875
4349	0.875
4350	0.875
4351	0.875
4352	0.875
4353	0.875
4354	0.875
4355	0.875
4356	0.875
4357	0.875
4358	0.875
4359	0.875
4360	0.875
4361	0.875
4362	0.875
4363	0.875
4364	0.875
4365	0.875
4366	0.875
4367	0.875
4368	0.875
4369	0.875
4370	0.875
4371	0.875
4372	0.875
4373	0.875
4374	0.875
4375	0.875
4376	0.875
4377	0.875
4378	0.875
4379	0.875
4380	0.875
4381	0.875
4382	0.875
4383	0.875
4384	0.875
4385	0.875
4386	0.875
4387	0.875
4388	0.875
4389	0.875
4390	0.875
4391	0.875
4392	0.875
4393	0.875
4394	0.875
4395	0.875
4396	0.875
4397	0.875
4398	0.875
4399	0.875
4400	0.875
4401	0.875
4402	0.875
4403	0.875
4404	0.875
4405	0.875
4406	0.875
4407	0.875
4408	0.875
4409	0.875
4410	0.875
4411	0.875
4412	0.875
4413	0.875
4414	0.875
4415	0.875
4416	0.875
4417	0.875
4418	0.875
4419	0.875
4420	0.875
4421	0.875
4422	0.875
4423	0.875
4424	0.875
4425	0.875
4426	0.875
4427	0.875
4428	0.875
4429	0.875
4430	0.875
4431	0.875
4432	0.875
4433	0.875
4434	0.875
4435	0.875
4436	0.875
4437	0.875
4438	0.875
4439	0.875
4440	0.875
4441	0.875
4442	0.875
4443	0.875
4444	0.875
4445	0.875
4446	0.875
4447	0.875
4448	0.875
4449	0.875
4450	0.875
4451	0.875
4452	0.875
4453	0.875
4454	0.875
4455	0.875
4456	0.875
4457	0.875
4458	0.875
4459	0.875
4460	0.875
4461	0.875
4462	0.875
4463	0.875
4464	0.875
4465	0.875
4466	0.875
4467	0.875
4468	0.875
4469	0.875
4470	0.875
4471	0.875
4472	0.875
4473	0.875
4474	0.875
4475	0.875
4476	0.875
4477	0.875
4478	0.875
4479	0.875
4480	0.875
4481	0.875
4482	0.875
4483	0.875
4484	0.875
4485	0.875
4486	0.875
4487	0.875
4488	0.875
4489	0.875
4490	0.875
4491	0.875
4492	0.875
4493	0.875
4494	0.875
4495	0.875
4496	0.875
4497	0.875
4498	0.875
4499	0.875
4500	0.875
4501	0.875
4502	0.875
4503	0.875
4504	0.875
4505	0.875
4506	0.875
4507	0.875
4508	0.875
4509	0.875
4510	0.875
4511	0.875
4512	0.875
4513	0.875
4514	0.875
4515	0.875
4516	0.875
4517	0.875
4518	0.875
4519	0.875
4520	0.875
4521	0.875
4522	0.875
4523	0.875
4524	0.875
4525	0.875
4526	0.875
4527	0.875
4528	0.875
4529	0.875
4530	0.875
4531	0.875
4532	0.875
4533	0.875
4534	0.875
4535	0.875
4536	0.875
4537	0.875
4538	0.875
4539	0.875
4540	0.875
4541	0.875
4542	0.875
4543	0.875
4544	0.875
4545	0.875
4546	0.875
4547	0.875
4548	0.875
4549	0.875
4550	0.875
4551	0.875
4552	0.875
4553	0.875
4554	0.875
4555	0.875
4556	0.875
4557	0.875
4558	0.875
4559	0.875
4560	0.875
4561	0.875
4562	0.875
4563	0.875
4564	0.875
4565	0.875
4566	0.875
4567	0.875
4568	0.875
4569	0.875
4570	0.875
4571	0.875
4572	0.875
4573	0.875
4574	0.875
4575	0.875
4576	0.875
4577	0.875
4578	0.875
4579	0.875
4580	0.875
4581	0.875
4582	0.875
4583	0.875
4584	0.875
4585	0.875
4586	0.875
4587	0.875
4588	0.875
4589	0.875
4590	0.875
4591	0.875
4592	0.875
4593	0.875
4594	0.875
4595	0.875
4596	0.875
4597	0.875
4598	0.875
4599	0.875
4600	0.875
4601	0.875
4602	0.875
4603	0.875
4604	0.875
4605	0.875
4606	0.875
4607	0.875
4608	0.875
4609	0.875
4610	0.875
4611	0.875
4612	0.875
4613	0.875
4614	0.875
4615	0.875
4616	0.875
4617	0.875
4618	0.875
4619	0.875
4620	0.875
4621	0.875
4622	0.875
4623	0.875
4624	0.875
4625	0.875
4626	0.875
4627	0.875
4628	0.875
4629	0.875
4630	0.875
4631	0.875
4632	0.875
4633	0.875
4634	0.875
4635	0.875
4636	0.875
4637	0.875
4638	0.875
4639	0.875
4640	0.875
4641	0.875
4642	0.875
4643	0.875
4644	0.875
4645	0.875
4646	0.875
4647	0.875
4648	0.875
4649	0.875
4650	0.875
4651	0.875
4652	0.875
4653	0.875
4654	0.875
4655	0.875
4656	0.875
4657	0.875
4658	0.875
4659	0.875
4660	0.875
4661	0.875
4662	0.875
4663	0.875
4664	0.875
4665	0.875
4666	0.875
4667	0.875
4668	0.875
4669	0.875
4670	0.875
4671	0.875
4672	0.875
4673	0.875
4674	0.875
4675	0.875
4676	0.875
4677	0.875
4678	0.875
4679	0.875
4680	0.875
4681	0.875
4682	0.875
4683	0.875
4684	0.875
4685	0.875
4686	0.875
4687	0.875
4688	0.875
4689	0.875
4690	0.875
4691	0.875
4692	0.875
4693	0.875
4694	0.875
4695	0.875
4696	0.875
4697	0.875
4698	0.875
4699	0.875
4700	0.875
4701	0.875
4702	0.875
4703	0.875
4704	0.875
4705	0.875
4706	0.875
4707	0.875
4708	0.875
4709	0.875
4710	0.875
4711	0.875
4712	0.875
4713	0.875
4714	0.875
4715	0.875
4716	0.875
4717	0.875
4718	0.875
4719	0.875
4720	0.875
4721	0.875
4722	0.875
4723	0.875
4724	0.875
4725	0.875
4726	0.875
4727	0.875
4728	0.875
4729	0.875
4730	0.875
4731	0.875
4732	0.875
4733	0.875
4734	0.875
4735	0.875
4736	0.875
4737	0.875
4738	0.875
4739	0.875
4740	0.875
4741	0.875
4742	0.875
4743	0.875
4744	0.875
4745	0.875
4746	0.875
4747	0.875
4748	0.875
4749	0.875
4750	0.875
4751	0.875
4752	0.875
4753	0.875
4754	0.875
4755	0.875
4756	0.875
4757	0.875
4758	0.875
4759	0.875
4760	0.875
4761	0.875
4762	0.875
4763	0.875
4764	0.875
4765	0.875
4766	0.875
4767	0.875
4768	0.875
4769	0.875
4770	0.875
4771	0.875
4772	0.875
4773	0.875
4774	0.875
4775	0.875
4776	0.875
4777	0.875
4778	0.875
4779	0.875
4780	0.875
4781	0.875
4782	0.875
4783	0.875
4784	0.875
4785	0.875
4786	0.875
4787	0.875
4788	0.875
4789	0.875
4790	0.875
4791	0.875
4792	0.875
4793	0.875
4794	0.875
4795	0.875
4796	0.875
4797	0.875
4798	0.875
4799	0.875
4800	0.875
4801	0.875
4802	0.875
4803	0.875
4804	0.875
4805	0.875
4806	0.875
4807	0.875
4808	0.875
4809	0.875
4810	0.875
4811	0.875
4812	0.875
4813	0.875
4814	0.875
4815	0.875
4816	0.875
4817	0.875
4818	0.875
4819	0.875
4820	0.875
4821	0.875
4822	0.875
4823	0.875
4824	0.875
4825	0.875
4826	0.875
4827	0.875
4828	0.875
4829	0.875
4830	0.875
4831	0.875
4832	0.875
4833	0.875
4834	0.875
4835	0.875
4836	0.875
4837	0.875
4838	0.875
4839	0.875
4840	0.875
4841	0.875
4842	0.875
4843	0.875
4844	0.875
4845	0.875
4846	0.875
4847	0.875
4848	0.875
4849	0.875
4850	0.875
4851	0.875
4852	0.875
4853	0.875
4854	0.875
4855	0.875
4856	0.875
4857	0.875
4858	0.875
4859	0.875
4860	0.875
4861	0.875
4862	0.875
4863	0.875
4864	0.875
4865	0.875
4866	0.875
4867	0.875
4868	0.875
4869	0.875
4870	0.875
4871	0.875
4872	0.875
4873	0.875
4874	0.875
4875	0.875
4876	0.875
4877	0.875
4878	0.875
4879	0.875
4880	0.875
4881	0.875
4882	0.875
4883	0.875
4884	0.875
4885	0.875
4886	0.875
4887	0.875
4888	0.875
4889	0.875
4890	0.875
4891	0.875
4892	0.875
4893	0.875
4894	0.875
4895	0.875
4896	0.875
4897	0.875
4898	0.875
4899	0.875
4900	0.875
4901	0.875
4902	0.875
4903	0.875
4904	0.875
4905	0.875
4906	0.875
4907	0.875
4908	0.875
4909	0.875
4910	0.875
4911	0.875
4912	0.875
4913	0.875
4914	0.875
4915	0.875
4916	0.875
4917	0.875
4918	0.875
4919	0.875
4920	0.875
4921	0.875
4922	0.875
4923	0.875
4924	0.875
4925	0.875
4926	0.875
4927	0.875
4928	0.875
4929	0.875
4930	0.875
4931	0.875
4932	0.875
4933	0.875
4934	0.875
4935	0.875
4936	0.875
4937	0.875
4938	0.875
4939	0.875
4940	0.875
4941	0.875
4942	0.875
4943	0.875
4944	0.875
4945	0.875
4946	0.875
4947	0.875
4948	0.875
4949	0.875
4950	0.875
4951	0.875
4952	0.875
4953	0.875
4954	0.875
4955	0.875
4956	0.875
4957	0.875
4958	0.875
4959	0.875
4960	0.875
4961	0.875
4962	0.875
4963	0.875
4964	0.875
4965	0.875
4966	0.875
4967	0.875
4968	0.875
4969	0.875
4970	0.875
4971	0.875
4972	0.875
4973	0.875
4974	0.875
4975	0.875
4976	0.875
4977	0.875
4978	0.875
4979	0.875
4980	0.875
4981	0.875
4982	0.875
4983	0.875
4984	0.875
4985	0.875
4986	0.875
4987	0.875
4988	0.875
4989	0.875
4990	0.875
4991	0.875
4992	0.875
4993	0.875
4994	0.875
4995	0.875
4996	0.875
4997	0.875
4998	0.875
4999	0.875
5000	0.875
5001	0.875
5002	0.875
5003	0.875
5004	0.875
5005	0.875
5006	0.875
5007	0.875
5008	0.875
5009	0.875
5010	0.875
5011	0.875
5012	0.875
5013	0.875
5014	0.875
5015	0.875
5016	0.875
5017	0.875
5018	0.875
5019	0.875
5020	0.875
5021	0.875
5022	0.875
5023	0.875
5024	0.875
5025	0.875
5026	0.875
5027	0.875
5028	0.875
5029	0.875
5030	0.875
5031	0.875
5032	0.875
5033	0.875
5034	0.875
5035	0.875
5036	0.875
5037	0.875
5038	0.875
5039	0.875
5040	0.875
5041	0.875
5042	0.875
5043	0.875
5044	0.875
5045	0.875
5046	0.875
5047	0.875
5048	0.875
5049	0.875
5050	0.875
5051	0.875
5052	0.875
5053	0.875
5054	0.875
5055	0.875
5056	0.875
5057	0.875
5058	0.875
5059	0.875
5060	0.875
5061	0.875
5062	0.875
5063	0.875
5064	0.875
5065	0.875
5066	0.875
5067	0.875
5068	0.875
5069	0.875
5070	0.875
5071	0.875
5072	0.875
5073	0.875
5074	0.875
5075	0.875
5076	0.875
5077	0.875
5078	0.875
5079	0.875
5080	0.875
5081	0.875
5082	0.875
5083	0.875
5084	0.875
5085	0.875
5086	0.875
5087	0.875
5088	0.875
5089	0.875
5090	0.875
5091	0.875
5092	0.875
5093	0.875
5094	0.875
5095	0.875
5096	0.875
5097	0.875
5098	0.875
5099	0.875
5100	0.875
5101	0.875
5102	0.875
5103	0.875
5104	0.875
5105	0.875
5106	0.875
5107	0.875
5108	0.875
5109	0.875
5110	0.875
5111	0.875
5112	0.875
5113	0.875
5114	0.875
5115	0.875
5116	0.875
5117	0.875
5118	0.875
5119	0.875
5120	0.875
5121	0.875
5122	0.875
5123	0.875
5124	0.875
5125	0.875
5126	0.875
5127	0.875
5128	0.875
5129	0.875
5130	0.875
5131	0.875
5132	0.875
5133	0.875
5134	0.875
5135	0.875
5136	0.875
5137	0.875
5138	0.875
5139	0.875
5140	0.875
5141	0.875
5142	0.875
5143	0.875
5144	0.875
5145	0.875
5146	0.875
5147	0.875
5148	0.875
5149	0.875
5150	0.875
5151	0.875
5152	0.875
5153	0.875
5154	0.875
5155	0.875
5156	0.875
5157	0.875
5158	0.875
5159	0.875
5160	0.875
5161	0.875
5162	0.875
5163	0.875
5164	0.875
5165	0.875
5166	0.875
5167	0.875
5168	0.875
5169	0.875
5170	0.875
5171	0.875
5172	0.875
5173	0.875
5174	0.875
5175	0.875
5176	0.875
5177	0.875
5178	0.875
5179	0.875
5180	0.875
5181	0.875
5182	0.875
5183	0.875
5184	0.875
5185	0.875
5186	0.875
5187	0.875
5188	0.875
5189	0.875
5190	0.875
5191	0.875
5192	0.875
5193	0.875
5194	0.875
5195	0.875
5196	0.875
5197	0.875
5198	0.875
5199	0.875
5200	0.875
5201	0.875
5202	0.875
5203	0.875
5204	0.875
5205	0.875
5206	0.875
5207	0.875
5208	0.875
5209	0.875
5210	0.875
5211	0.875
5212	0.875
5213	0.875
5214	0.875
5215	0.875
5216	0.875
5217	0.875
5218	0.875
5219	0.875
5220	0.875
5221	0.875
5222	0.875
5223	0.875
5224	0.875
5225	0.875
5226	0.875
5227	0.875
5228	0.875
5229	0.875
5230	0.875
5231	0.875
5232	0.875
5233	0.875
5234	0.875
5235	0.875
5236	0.875
5237	0.875
5238	0.875
5239	0.875
5240	0.875
5241	0.875
5242	0.875
5243	0.875
5244	0.875
5245	0.875
5246	0.875
5247	0.875
5248	0.875
5249	0.875
5250	0.875
5251	0.875
5252	0.875
5253	0.875
5254	0.875
5255	0.875
5256	0.875
5257	0.875
5258	0.875
5259	0.875
5260	0.875
5261	0.875
5262	0.875
5263	0.875
5264	0.875
5265	0.875
5266	0.875
5267	0.875
5268	0.875
5269	0.875
5270	0.875
5271	0.875
5272	0.875
5273	0.875
5274	0.875
5275	0.875
5276	0.875
5277	0.875
5278	0.875
5279	0.875
5280	0.875
5281	0.875
5282	0.875
5283	0.875
5284	0.875
5285	0.875
5286	0.875
5287	0.875
5288	0.875
5289	0.875
5290	0.875
5291	0.875
5292	0.875
5293	0.875
5294	0.875
5295	0.875
5296	0.875
5297	0.875
5298	0.875
5299	0.875
5300	0.875
5301	0.875
5302	0.875
5303	0.875
5304	0.875
5305	0.875
5306	0.875
5307	0.875
5308	0.875
5309	0.875
5310	0.875
5311	0.875
5312	0.875
5313	0.875
5314	0.875
5315	0.875
5316	0.875
5317	0.875
5318	0.875
5319	0.875
5320	0.875
5321	0.875
5322	0.875
5323	0.875
5324	0.875
5325	0.875
5326	0.875
5327	0.875
5328	0.875
5329	0.875
5330	0.875
5331	0.875
5332	0.875
5333	0.875
5334	0.875
5335	0.875
5336	0.875
5337	0.875
5338	0.875
5339	0.875
5340	0.875
5341	0.875
5342	0.875
5343	0.875
5344	0.875
5345	0.875
5346	0.875
5347	0.875
5348	0.875
5349	0.875
5350	0.875
5351	0.875
5352	0.875
5353	0.875
5354	0.875
5355	0.875
5356	0.875
5357	0.875
5358	0.875
5359	0.875
5360	0.875
5361	0.875
5362	0.875
5363	0.875
5364	0.875
5365	0.875
5366	0.875
5367	0.875
5368	0.875
5369	0.875
5370	0.875
5371	0.875
5372	0.875
5373	0.875
5374	0.875
5375	0.875
5376	0.875
5377	0.875
5378	0.875
5379	0.875
5380	0.875
5381	0.875
5382	0.875
5383	0.875
5384	0.875
5385	0.875
5386	0.875
5387	0.875
5388	0.875
5389	0.875
5390	0.875
5391	0.875
5392	0.875
5393	0.875
5394	0.875
5395	0.875
5396	0.875
5397	0.875
5398	0.875
5399	0.875
5400	0.875
5401	0.875
5402	0.875
5403	0.875
5404	0.875
5405	0.875
5406	0.875
5407	0.875
5408	0.875
5409	0.875
5410	0.875
5411	0.875
5412	0.875
5413	0.875
5414	0.875
5415	0.875
5416	0.875
5417	0.875
5418	0.875
5419	0.875
5420	0.875
5421	0.875
5422	0.875
5423	0.875
5424	0.875
5425	0.875
5426	0.875
5427	0.875
5428	0.875
5429	0.875
5430	0.875
5431	0.875
5432	0.875
5433	0.875
5434	0.875
5435	0.875
5436	0.875
5437	0.875
5438	0.875
5439	0.875
5440	0.875
5441	0.875
5442	0.875
5443	0.875
5444	0.875
5445	0.875
5446	0.875
5447	0.875
5448	0.875
5449	0.875
5450	0.875
5451	0.875
5452	0.875
5453	0.875
5454	0.875
5455	0.875
5456	0.875
5457	0.875
5458	0.875
5459	0.875
5460	0.875
5461	0.875
5462	0.875
5463	0.875
5464	0.875
5465	0.875
5466	0.875
5467	0.875
5468	0.875
5469	0.875
5470	0.875
5471	0.875
5472	0.875
5473	0.875
5474	0.875
5475	0.875
5476	0.875
5477	0.875
5478	0.875
5479	0.875
5480	0.875
5481	0.875
5482	0.875
5483	0.875
5484	0.875
5485	0.875
5486	0.875
5487	0.875
5488	0.875
5489	0.875
5490	0.875
5491	0.875
5492	0.875
5493	0.875
5494	0.875
5495	0.875
5496	0.875
5497	0.875
5498	0.875
5499	0.875
5500	0.875
5501	0.875
5502	0.875
5503	0.875
5504	0.875
5505	0.875
5506	0.875
5507	0.875
5508	0.875
5509	0.875
5510	0.875
5511	0.875
5512	0.875
5513	0.875
5514	0.875
5515	0.875
5516	0.875
5517	0.875
5518	0.875
5519	0.875
5520	0.875
5521	0.875
5522	0.875
5523	0.875
5524	0.875
5525	0.875
5526	0.875
5527	0.875
5528	0.875
5529	0.875
5530	0.875
5531	0.875
5532	0.875
5533	0.875
5534	0.875
5535	0.875
5536	0.875
5537	0.875
5538	0.875
5539	0.875
5540	0.875
5541	0.875
5542	0.875
5543	0.875
5544	0.875
5545	0.875
5546	0.875
5547	0.875
5548	0.875
5549	0.875
5550	0.875
5551	0.875
5552	0.875
5553	0.875
5554	0.875
5555	0.875
5556	0.875
5557	0.875
5558	0.875
5559	0.875
5560	0.875
5561	0.875
5562	0.875
5563	0.875
5564	0.875
5565	0.875
5566	0.875
5567	0.875
5568	0.875
5569	0.875
5570	0.875
5571	0.875
5572	0.875
5573	0.875
5574	0.875
5575	0.875
5576	0.875
5577	0.875
5578	0.875
5579	0.875
5580	0.875
5581	0.875
5582	0.875
5583	0.875
5584	0.875
5585	0.875
5586	0.875
5587	0.875
5588	0.875
5589	0.875
5590	0.875
5591	0.875
5592	0.875
5593	0.875
5594	0.875
5595	0.875
5596	0.875
5597	0.875
5598	0.875
5599	0.875
5600	0.875
5601	0.875
5602	0.875
5603	0.875
5604	0.875
5605	0.875
5606	0.875
5607	0.875
5608	0.875
5609	0.875
5610	0.875
5611	0.875
5612	0.875
5613	0.875
5614	0.875
5615	0.875
5616	0.875
5617	0.875
5618	0.875
5619	0.875
5620	0.875
5621	0.875
5622	0.875
5623	0.875
5624	0.875
5625	0.875
5626	0.875
5627	0.875
5628	0.875
5629	0.875
5630	0.875
5631	0.875
5632	0.875
5633	0.875
5634	0.875
5635	0.875
5636	0.875
5637	0.875
5638	0.875
5639	0.875
5640	0.875
5641	0.875
5642	0.875
5643	0.875
5644	0.875
5645	0.875
5646	0.875
5647	0.875
5648	0.875
5649	0.875
5650	0.875
5651	0.875
5652	0.875
5653	0.875
5654	0.875
5655	0.875
5656	0.875
5657	0.875
5658	0.875
5659	0.875
5660	0.875
5661	0.875
5662	0.875
5663	0.875
5664	0.875
5665	0.875
5666	0.875
5667	0.875
5668	0.875
5669	0.875
5670	0.875
5671	0.875
5672	0.875
5673	0.875
5674	0.875
5675	0.875
5676	0.875
5677	0.875
5678	0.875
5679	0.875
5680	0.875
5681	0.875
5682	0.875
5683	0.875
5684	0.875
5685	0.875
5686	0.875
5687	0.875
5688	0.875
5689	0.875
5690	0.875
5691	0.875
5692	0.875
5693	0.875
5694	0.875
5695	0.875
5696	0.875
5697	0.875
5698	0.875
5699	0.875
5700	0.875
5701	0.875
5702	0.875
5703	0.875
5704	0.875
5705	0.875
5706	0.875
5707	0.875
5708	0.875
5709	0.875
5710	0.875
5711	0.875
5712	0.875
5713	0.875
5714	0.875
5715	0.875
5716	0.875
5717	0.875
5718	0.875
5719	0.875
5720	0.875
5721	0.875
5722	0.875
5723	0.875
5724	0.875
5725	0.875
5726	0.875
5727	0.875
5728	0.875
5729	0.875
5730	0.875
5731	0.875
5732	0.875
5733	0.875
5734	0.875
5735	0.875
5736	0.875
5737	0.875
5738	0.875
5739	0.875
5740	0.875
5741	0.875
5742	0.875
5743	0.875
5744	0.875
5745	0.875
5746	0.875
5747	0.875
5748	0.875
5749	0.875
5750	0.875
5751	0.875
5752	0.875
5753	0.875
5754	0.875
5755	0.875
5756	0.875
5757	0.875
5758	0.875
5759	0.875
5760	0.875
5761	0.875
5762	0.875
5763	0.875
5764	0.875
5765	0.875
5766	0.875
5767	0.875
5768	0.875
5769	0.875
5770	0.875
5771	0.875
5772	0.875
5773	0.875
5774	0.875
5775	0.875
5776	0.875
5777	0.875
5778	0.875
5779	0.875
5780	0.875
5781	0.875
5782	0.875
5783	0.875
5784	0.875
5785	0.875
5786	0.875
5787	0.875
5788	0.875
5789	0.875
5790	0.875
5791	0.875
5792	0.875
5793	0.875
5794	0.875
5795	0.875
5796	0.875
5797	0.875
5798	0.875
5799	0.875
5800	0.875
5801	0.875
5802	0.875
5803	0.875
5804	0.875
5805	0.875
5806	0.875
5807	0.875
5808	0.875
5809	0.875
5810	0.875
5811	0.875
5812	0.875
5813	0.875
5814	0.875
5815	0.875
5816	0.875
5817	0.875
5818	0.875
5819	0.875
5820	0.875
5821	0.875
5822	0.875
5823	0.875
5824	0.875
5825	0.875
5826	0.875
5827	0.875
5828	0.875
5829	0.875
5830	0.875
5831	0.875
5832	0.875
5833	0.875
5834	0.875
5835	0.875
5836	0.875
5837	0.875
5838	0.875
5839	0.875
5840	0.875
5841	0.875
5842	0.875
5843	0.875
5844	0.875
5845	0.875
5846	0.875
5847	0.875
5848	0.875
5849	0.875
5850	0.875
5851	0.875
5852	0.875
5853	0.875
5854	0.875
5855	0.875
5856	0.875
5857	0.875
5858	0.875
5859	0.875
5860	0.875
5861	0.875
5862	0.875
5863	0.875
5864	0.875
5865	0.875
5866	0.875
5867	0.875
5868	0.875
5869	0.875
5870	0.875
5871	0.875
5872	0.875
5873	0.875
5874	0.875
5875	0.875
5876	0.875
5877	0.875
5878	0.875
5879	0.875
5880	0.875
5881	0.875
5882	0.875
5883	0.875
5884	0.875
5885	0.875
5886	0.875
5887	0.875
5888	0.875
5889	0.875
5890	0.875
5891	0.875
5892	0.875
5893	0.875
5894	0.875
5895	0.875
5896	0.875
5897	0.875
5898	0.875
5899	0.875
5900	0.875
5901	0.875
5902	0.875
5903	0.875
5904	0.875
5905	0.875
5906	0.875
5907	0.875
5908	0.875
5909	0.875
5910	0.875
5911	0.875
5912	0.875
5913	0.875
5914	0.875
5915	0.875
5916	0.875
5917	0.875
5918	0.875
5919	0.875
5920	0.875
5921	0.875
5922	0.875
5923	0.875
5924	0.875
5925	0.875
5926	0.875
5927	0.875
5928	0.875
5929	0.875
5930	0.875
5931	0.875
5932	0.875
5933	0.875
5934	0.875
5935	0.875
5936	0.875
5937	0.875
5938	0.875
5939	0.875
5940	0.875
5941	0.875
5942	0.875
5943	0.875
5944	0.875
5945	0.875
5946	0.875
5947	0.875
5948	0.875
5949	0.875
5950	0.875
5951	0.875
5952	0.875
5953	0.875
5954	0.875
5955	0.875
5956	0.875
5957	0.875
5958	0.875
5959	0.875
5960	0.875
5961	0.875
5962	0.875
5963	0.875
5964	0.875
5965	0.875
5966	0.875
5967	0.875
5968	0.875
5969	0.875
5970	0.875
5971	0.875
5972	0.875
5973	0.875
5974	0.875
5975	0.875
5976	0.875
5977	0.875
5978	0.875
5979	0.875
5980	0.875
5981	0.875
5982	0.875
5983	0.875
5984	0.875
5985	0.875
5986	0.875
5987	0.875
5988	0.875
5989	0.875
5990	0.875
5991	0.875
5992	0.875
5993	0.875
5994	0.875
5995	0.875
5996	0.875
5997	0.875
5998	0.875
5999	0.875
6000	0.875
6001	0.875
6002	0.875
6003	0.875
6004	0.875
6005	0.875
6006	0.875
6007	0.875
6008	0.875
6009	0.875
6010	0.875
6011	0.875
6012	0.875
6013	0.875
6014	0.875
6015	0.875
6016	0.875
6017	0.875
6018	0.875
6019	0.875
6020	0.875
6021	0.875
6022	0.875
6023	0.875
6024	0.875
6025	0.875
6026	0.875
6027	0.875
6028	0.875
6029	0.875
6030	0.875
6031	0.875
6032	0.875
6033	0.875
6034	0.875
6035	0.875
6036	0.875
6037	0.875
6038	0.875
6039	0.875
6040	0.875
6041	0.875
6042	0.875
6043	0.875
6044	0.875
6045	0.875
6046	0.875
6047	0.875
6048	0.875
6049	0.875
6050	0.875
6051	0.875
6052	0.875
6053	0.875
6054	0.875
6055	0.875
6056	0.875
6057	0.875
6058	0.875
6059	0.875
6060	0.875
6061	0.875
6062	0.875
6063	0.875
6064	0.875
6065	0.875
6066	0.875
6067	0.875
6068	0.875
6069	0.875
6070	0.875
6071	0.875
6072	0.875
6073	0.875
6074	0.875
6075	0.875
6076	0.875
6077	0.875
6078	0.875
6079	0.875
6080	0.875
6081	0.875
6082	0.875
6083	0.875
6084	0.875
6085	0.875
6086	0.875
6087	0.875
6088	0.875
6089	0.875
6090	0.875
6091	0.875
6092	0.875
6093	0.875
6094	0.875
6095	0.875
6096	0.875
6097	0.875
6098	0.875
6099	0.875
6100	0.875
6101	0.875
6102	0.875
6103	0.875
6104	0.875
6105	0.875
6106	0.875
6107	0.875
6108	0.875
6109	0.875
6110	0.875
6111	0.875
6112	0.875
6113	0.875
6114	0.875
6115	0.875
6116	0.875
6117	0.875
6118	0.875
6119	0.875
6120	0.875
6121	0.875
6122	0.875
6123	0.875
6124	0.875
6125	0.875
6126	0.875
6127	0.875
6128	0.875
6129	0.875
6130	0.875
6131	0.875
6132	0.875
6133	0.875
6134	0.875
6135	0.875
6136	0.875
6137	0.875
6138	0.875
6139	0.875
6140	0.875
6141	0.875
6142	0.875
6143	0.875
6144	0.875
6145	0.875
6146	0.875
6147	0.875
6148	0.875
6149	0.875
6150	0.875
6151	0.875
6152	0.875
6153	0.875
6154	0.875
6155	0.875
6156	0.875
6157	0.875
6158	0.875
6159	0.875
6160	0.875
6161	0.875
6162	0.875
6163	0.875
6164	0.875
6165	0.875
6166	0.875
6167	0.875
6168	0.875
6169	0.875
6170	0.875
6171	0.875
6172	0.875
6173	0.875
6174	0.875
6175	0.875
6176	0.875
6177	0.875
6178	0.875
6179	0.875
6180	0.875
6181	0.875
6182	0.875
6183	0.875
6184	0.875
6185	0.875
6186	0.875
6187	0.875
6188	0.875
6189	0.875
6190	0.875
6191	0.875
6192	0.875
6193	0.875
6194	0.875
6195	0.875
6196	0.875
6197	0.875
6198	0.875
6199	0.875
6200	0.875
6201	0.875
6202	0.875
6203	0.875
6204	0.875
6205	0.875
6206	0.875
6207	0.875
6208	0.875
6209	0.875
6210	0.875
6211	0.875
6212	0.875
6213	0.875
6214	0.875
6215	0.875
6216	0.875
6217	0.875
6218	0.875
6219	0.875
6220	0.875
6221	0.875
6222	0.875
6223	0.875
6224	0.875
6225	0.875
6226	0.875
6227	0.875
6228	0.875
6229	0.875
6230	0.875
6231	0.875
6232	0.875
6233	0.875
6234	0.875
6235	0.875
6236	0.875
6237	0.875
6238	0.875
6239	0.875
6240	0.875
6241	0.875
6242	0.875
6243	0.875
6244	0.875
6245	0.875
6246	0.875
6247	0.875
6248	0.875
6249	0.875
6250	0.875
6251	0.875
6252	0.875
6253	0.875
6254	0.875
6255	0.875
6256	0.875
6257	0.875
6258	0.875
6259	0.875
6260	0.875
6261	0.875
6262	0.875
6263	0.875
6264	0.875
6265	0.875
6266	0.875
6267	0.875
6268	0.875
6269	0.875
6270	0.875
6271	0.875
6272	0.875
6273	0.875
6274	0.875
6275	0.875
6276	0.875
6277	0.875
6278	0.875
6279	0.875
6280	0.875
6281	0.875
6282	0.875
6283	0.875
6284	0.875
6285	0.875
6286	0.875
6287	0.875
6288	0.875
6289	0.875
6290	0.875
6291	0.875
6292	0.875
6293	0.875
6294	0.875
6295	0.875
6296	0.875
6297	0.875
6298	0.875
6299	0.875
6300	0.875
6301	0.875
6302	0.875
6303	0.875
6304	0.875
6305	0.875
6306	0.875
6307	0.875
6308	0.875
6309	0.875
6310	0.875
6311	0.875
6312	0.875
6313	0.875
6314	0.875
6315	0.875
6316	0.875
6317	0.875
6318	0.875
6319	0.875
6320	0.875
6321	0.875
6322	0.875
6323	0.875
6324	0.875
6325	0.875
6326	0.875
6327	0.875
6328	0.875
6329	0.875
6330	0.875
6331	0.875
6332	0.875
6333	0.875
6334	0.875
6335	0.875
6336	0.875
6337	0.875
6338	0.875
6339	0.875
6340	0.875
6341	0.875
6342	0.875
6343	0.875
6344	0.875
6345	0.875
6346	0.875
6347	0.875
6348	0.875
6349	0.875
6350	0.875
6351	0.875
6352	0.875
6353	0.875
6354	0.875
6355	0.875
6356	0.875
6357	0.875
6358	0.875
6359	0.875
6360	0.875
6361	0.875
6362	0.875
6363	0.875
6364	0.875
6365	0.875
6366	0.875
6367	0.875
6368	0.875
6369	0.875
6370	0.875
6371	0.875
6372	0.875
6373	0.875
6374	0.875
6375	0.875
6376	0.875
6377	0.875
6378	0.875
6379	0.875
6380	0.875
6381	0.875
6382	0.875
6383	0.875
6384	0.875
6385	0.875
6386	0.875
6387	0.875
6388	0.875
6389	0.875
6390	0.875
6391	0.875
6392	0.875
6393	0.875
6394	0.875
6395	0.875
6396	0.875
6397	0.875
6398	0.875
6399	0.875
6400	0.875
6401	0.875
6402	0.875
6403	0.875
6404	0.875
6405	0.875
6406	0.875
6407	0.875
6408	0.875
6409	0.875
6410	0.875
6411	0.875
6412	0.875
6413	0.875
6414	0.875
6415	0.875
6416	0.875
6417	0.875
6418	0.875
6419	0.875
6420	0.875
6421	0.875
6422	0.875
6423	0.875
6424	0.875
6425	0.875
6426	0.875
6427	0.875
6428	0.875
6429	0.875
6430	0.875
6431	0.875
6432	0.875
6433	0.875
6434	0.875
6435	0.875
6436	0.875
6437	0.875
6438	0.875
6439	0.875
6440	0.875
6441	0.875
6442	0.875
6443	0.875
6444	0.875
6445	0.875
6446	0.875
6447	0.875
6448	0.875
6449	0.875
6450	0.875
6451	0.875
6452	0.875
6453	0.875
6454	0.875
6455	0.875
6456	0.875
6457	0.875
6458	0.875
6459	0.875
6460	0.875
6461	0.875
6462	0.875
6463	0.875
6464	0.875
6465	0.875
6466	0.875
6467	0.875
6468	0.875
6469	0.875
6470	0.875
6471	0.875
6472	0.875
6473	0.875
6474	0.875
6475	0.875
6476	0.875
6477	0.875
6478	0.875
6479	0.875
6480	0.875
6481	0.875
6482	0.875
6483	0.875
6484	0.875
6485	0.875
6486	0.875
6487	0.875
6488	0.875
6489	0.875
6490	0.875
6491	0.875
6492	0.875
6493	0.875
6494	0.875
6495	0.875
6496	0.875
6497	0.875
6498	0.875
6499	0.875
6500	0.875
6501	0.875
6502	0.875
6503	0.875
6504	0.875
6505	0.875
6506	0.875
6507	0.875
6508	0.875
6509	0.875
6510	0.875
6511	0.875
6512	0.875
6513	0.875
6514	0.875
6515	0.875
6516	0.875
6517	0.875
6518	0.875
6519	0.875
6520	0.875
6521	0.875
6522	0.875
6523	0.875
6524	0.875
6525	0.875
6526	0.875
6527	0.875
6528	0.875
6529	0.875
6530	0.875
6531	0.875
6532	0.875
6533	0.875
6534	0.875
6535	0.875
6536	0.875
6537	0.875
6538	0.875
6539	0.875
6540	0.875
6541	0.875
6542	0.875
6543	0.875
6544	0.875
6545	0.875
6546	0.875
6547	0.875
6548	0.875
6549	0.875
6550	0.875
6551	0.875
6552	0.875
6553	0.875
6554	0.875
6555	0.875
6556	0.875
6557	0.875
6558	0.875
6559	0.875
6560	0.875
6561	0.875
6562	0.875
6563	0.875
6564	0.875
6565	0.875
6566	0.875
6567	0.875
6568	0.875
6569	0.875
6570	0.875
6571	0.875
6572	0.875
6573	0.875
6574	0.875
6575	0.875
6576	0.875
6577	0.875
6578	0.875
6579	0.875
6580	0.875
6581	0.875
6582	0.875
6583	0.875
6584	0.875
6585	0.875
6586	0.875
6587	0.875
6588	0.875
6589	0.875
6590	0.875
6591	0.875
6592	0.875
6593	0.875
6594	0.875
6595	0.875
6596	0.875
6597	0.875
6598	0.875
6599	0.875
6600	0.875
6601	0.875
6602	0.875
6603	0.875
6604	0.875
6605	0.875
6606	0.875
6607	0.875
6608	0.875
6609	0.875
6610	0.875
6611	0.875
6612	0.875
6613	0.875
6614	0.875
6615	0.875
6616	0.875
6617	0.875
6618	0.875
6619	0.875
6620	0.875
6621	0.875
6622	0.875
6623	0.875
6624	0.875
6625	0.875
6626	0.875
6627	0.875
6628	0.875
6629	0.875
6630	0.875
6631	0.875
6632	0.875
6633	0.875
6634	0.875
6635	0.875
6636	0.875
6637	0.875
6638	0.875
6639	0.875
6640	0.875
6641	0.875
6642	0.875
6643	0.875
6644	0.875
6645	0.875
6646	0.875
6647	0.875
6648	0.875
6649	0.875
6650	0.875
6651	0.875
6652	0.875
6653	0.875
6654	0.875
6655	0.875
6656	0.875
6657	0.875
6658	0.875
6659	0.875
6660	0.875
6661	0.875
6662	0.875
6663	0.875
6664	0.875
6665	0.875
6666	0.875
6667	0.875
6668	0.875
6669	0.875
6670	0.875
6671	0.875
6672	0.875
6673	0.875
6674	0.875
6675	0.875
6676	0.875
6677	0.875
6678	0.875
6679	0.875
6680	0.875
6681	0.875
6682	0.875
6683	0.875
6684	0.875
6685	0.875
6686	0.875
6687	0.875
6688	0.875
6689	0.875
6690	0.875
6691	0.875
6692	0.875
6693	0.875
6694	0.875
6695	0.875
6696	0.875
6697	0.875
6698	0.875
6699	0.875
6700	0.875
6701	0.875
6702	0.875
6703	0.875
6704	0.875
6705	0.875
6706	0.875
6707	0.875
6708	0.875
6709	0.875
6710	0.875
6711	0.875
6712	0.875
6713	0.875
6714	0.875
6715	0.875
6716	0.875
6717	0.875
6718	0.875
6719	0.875
6720	0.875
6721	0.875
6722	0.875
6723	0.875
6724	0.875
6725	0.875
6726	0.875
6727	0.875
6728	0.875
6729	0.875
6730	0.875
6731	0.875
6732	0.875
6733	0.875
6734	0.875
6735	0.875
6736	0.875
6737	0.875
6738	0.875
6739	0.875
6740	0.875
6741	0.875
6742	0.875
6743	0.875
6744	0.875
6745	0.875
6746	0.875
6747	0.875
6748	0.875
6749	0.875
6750	0.875
6751	0.875
6752	0.875
6753	0.875
6754	0.875
6755	0.875
6756	0.875
6757	0.875
6758	0.875
6759	0.875
6760	0.875
6761	0.875
6762	0.875
6763	0.875
6764	0.875
6765	0.875
6766	0.875
6767	0.875
6768	0.875
6769	0.875
6770	0.875
6771	0.875
6772	0.875
6773	0.875
6774	0.875
6775	0.875
6776	0.875
6777	0.875
6778	0.875
6779	0.875
6780	0.875
6781	0.875
6782	0.875
6783	0.875
6784	0.875
6785	0.875
6786	0.875
6787	0.875
6788	0.875
6789	0.875
6790	0.875
6791	0.875
6792	0.875
6793	0.875
6794	0.875
6795	0.875
6796	0.875
6797	0.875
6798	0.875
6799	0.875
6800	0.875
6801	0.875
6802	0.875
6803	0.875
6804	0.875
6805	0.875
6806	0.875
6807	0.875
6808	0.875
6809	0.875
6810	0.875
6811	0.875
6812	0.875
6813	0.875
6814	0.875
6815	0.875
6816	0.875
6817	0.875
6818	0.875
6819	0.875
6820	0.875
6821	0.875
6822	0.875
6823	0.875
6824	0.875
6825	0.875
6826	0.875
6827	0.875
6828	0.875
6829	0.875
6830	0.875
6831	0.875
6832	0.875
6833	0.875
6834	0.875
6835	0.875
6836	0.875
6837	0.875
6838	0.875
6839	0.875
6840	0.875
6841	0.875
6842	0.875
6843	0.875
6844	0.875
6845	0.875
6846	0.875
6847	0.875
6848	0.875
6849	0.875
6850	0.875
6851	0.875
6852	0.875
6853	0.875
6854	0.875
6855	0.875
6856	0.875
6857	0.875
6858	0.875
6859	0.875
6860	0.875
6861	0.875
6862	0.875
6863	0.875
6864	0.875
6865	0.875
6866	0.875
6867	0.875
6868	0.875
6869	0.875
6870	0.875
6871	0.875
6872	0.875
6873	0.875
6874	0.875
6875	0.875
6876	0.875
6877	0.875
6878	0.875
6879	0.875
6880	0.875
6881	0.875
6882	0.875
6883	0.875
6884	0.875
6885	0.875
6886	0.875
6887	0.875
6888	0.875
6889	0.875
6890	0.875
6891	0.875
6892	0.875
6893	0.875
6894	0.875
6895	0.875
6896	0.875
6897	0.875
6898	0.875
6899	0.875
6900	0.875
6901	0.875
6902	0.875
6903	0.875
6904	0.875
6905	0.875
6906	0.875
6907	0.875
6908	0.875
6909	0.875
6910	0.875
6911	0.875
6912	0.875
6913	0.875
6914	0.875
6915	0.875
6916	0.875
6917	0.875
6918	0.875
6919	0.875
6920	0.875
6921	0.875
6922	0.875
6923	0.875
6924	0.875
6925	0.875
6926	0.875
6927	0.875
6928	0.875
6929	0.875
6930	0.875
6931	0.875
6932	0.875
6933	0.875
6934	0.875
6935	0.875
6936	0.875
6937	0.875
6938	0.875
6939	0.875
6940	0.875
6941	0.875
6942	0.875
6943	0.875
6944	0.875
6945	0.875
6946	0.875
6947	0.875
6948	0.875
6949	0.875
6950	0.875
6951	0.875
6952	0.875
6953	0.875
6954	0.875
6955	0.875
6956	0.875
6957	0.875
6958	0.875
6959	0.875
6960	0.875
6961	0.875
6962	0.875
6963	0.875
6964	0.875
6965	0.875
6966	0.875
6967	0.875
6968	0.875
6969	0.875
6970	0.875
6971	0.875
6972	0.875
6973	0.875
6974	0.875
6975	0.875
6976	0.875
6977	0.875
6978	0.875
6979	0.875
6980	0.875
6981	0.875
6982	0.875
6983	0.875
6984	0.875
6985	0.875
6986	0.875
6987	0.875
6988	0.875
6989	0.875
6990	0.875
6991	0.875
6992	0.875
6993	0.875
6994	0.875
6995	0.875
6996	0.875
6997	0.875
6998	0.875
6999	0.875
7000	0.875
7001	0.875
7002	0.875
7003	0.875
7004	0.875
7005	0.875
7006	0.875
7007	0.875
7008	0.875
7009	0.875
7010	0.875
7011	0.875
7012	0.875
7013	0.875
7014	0.875
7015	0.875
7016	0.875
7017	0.875
7018	0.875
7019	0.875
7020	0.875
7021	0.875
7022	0.875
7023	0.875
7024	0.875
7025	0.875
7026	0.875
7027	0.875
7028	0.875
7029	0.875
7030	0.875
7031	0.875
7032	0.875
7033	0.875
7034	0.875
7035	0.875
7036	0.875
7037	0.875
7038	0.875
7039	0.875
7040	0.875
7041	0.875
7042	0.875
7043	0.875
7044	0.875
7045	0.875
7046	0.875
7047	0.875
7048	0.875
7049	0.875
7050	0.875
7051	0.875
7052	0.875
7053	0.875
7054	0.875
7055	0.875
7056	0.875
7057	0.875
7058	0.875
7059	0.875
7060	0.875
7061	0.875
7062	0.875
7063	0.875
7064	0.875
7065	0.875
7066	0.875
7067	0.875
7068	0.875
7069	0.875
7070	0.875
7071	0.875
7072	0.875
7073	0.875
7074	0.875
7075	0.875
7076	0.875
7077	0.875
7078	0.875
7079	0.875
7080	0.875
7081	0.875
7082	0.875
7083	0.875
7084	0.875
7085	0.875
7086	0.875
7087	0.875
7088	0.875
7089	0.875
7090	0.875
7091	0.875
7092	0.875
7093	0.875
7094	0.875
7095	0.875
7096	0.875
7097	0.875
7098	0.875
7099	0.875
7100	0.875
7101	0.875
7102	0.875
7103	0.875
7104	0.875
7105	0.875
7106	0.875
7107	0.875
7108	0.875
7109	0.875
7110	0.875
7111	0.875
7112	0.875
7113	0.875
7114	0.875
7115	0.875
7116	0.875
7117	0.875
7118	0.875
7119	0.875
7120	0.875
7121	0.875
7122	0.875
7123	0.875
7124	0.875
7125	0.875
7126	0.875
7127	0.875
7128	0.875
7129	0.875
7130	0.875
7131	0.875
7132	0.875
7133	0.875
7134	0.875
7135	0.875
7136	0.875
7137	0.875
7138	0.875
7139	0.875
7140	0.875
7141	0.875
7142	0.875
7143	0.875
7144	0.875
7145	0.875
7146	0.875
7147	0.875
7148	0.875
7149	0.875
7150	0.875
7151	0.875
7152	0.875
7153	0.875
7154	0.875
7155	0.875
7156	0.875
7157	0.875
7158	0.875
7159	0.875
7160	0.875
7161	0.875
7162	0.875
7163	0.875
7164	0.875
7165	0.875
7166	0.875
7167	0.875
7168	0.875
7169	0.875
7170	0.875
7171	0.875
7172	0.875
7173	0.875
7174	0.875
7175	0.875
7176	0.875
7177	0.875
7178	0.875
7179	0.875
7180	0.875
7181	0.875
7182	0.875
7183	0.875
7184	0.875
7185	0.875
7186	0.875
7187	0.875
7188	0.875
7189	0.875
7190	0.875
7191	0.875
7192	0.875
7193	0.875
7194	0.875
7195	0.875
7196	0.875
7197	0.875
7198	0.875
7199	0.875
7200	0.875
7201	0.875
7202	0.875
7203	0.875
7204	0.875
7205	0.875
7206	0.875
7207	0.875
7208	0.875
7209	0.875
7210	0.875
7211	0.875
7212	0.875
7213	0.875
7214	0.875
7215	0.875
7216	0.875
7217	0.875
7218	0.875
7219	0.875
7220	0.875
7221	0.875
7222	0.875
7223	0.875
7224	0.875
7225	0.875
7226	0.875
7227	0.875
7228	0.875
7229	0.875
7230	0.875
7231	0.875
7232	0.875
7233	0.875
7234	0.875
7235	0.875
7236	0.875
7237	0.875
7238	0.875
7239	0.875
7240	0.875
7241	0.875
7242	0.875
7243	0.875
7244	0.875
7245	0.875
7246	0.875
7247	0.875
7248	0.875
7249	0.875
7250	0.875
7251	0.875
7252	0.875
7253	0.875
7254	0.875
7255	0.875
7256	0.875
7257	0.875
7258	0.875
7259	0.875
7260	0.875
7261	0.875
7262	0.875
7263	0.875
7264	0.875
7265	0.875
7266	0.875
7267	0.875
7268	0.875
7269	0.875
7270	0.875
7271	0.875
7272	0.875
7273	0.875
7274	0.875
7275	0.875
7276	0.875
7277	0.875
7278	0.875
7279	0.875
7280	0.875
7281	0.875
7282	0.875
7283	0.875
7284	0.875
7285	0.875
7286	0.875
7287	0.875
7288	0.875
7289	0.875
7290	0.875
7291	0.875
7292	0.875
7293	0.875
7294	0.875
7295	0.875
7296	0.875
7297	0.875
7298	0.875
7299	0.875
7300	0.875
7301	0.875
7302	0.875
7303	0.875
7304	0.875
7305	0.875
7306	0.875
7307	0.875
7308	0.875
7309	0.875
7310	0.875
7311	0.875
7312	0.875
7313	0.875
7314	0.875
7315	0.875
7316	0.875
7317	0.875
7318	0.875
7319	0.875
7320	0.875
7321	0.875
7322	0.875
7323	0.875
7324	0.875
7325	0.875
7326	0.875
7327	0.875
7328	0.875
7329	0.875
7330	0.875
7331	0.875
7332	0.875
7333	0.875
7334	0.875
7335	0.875
7336	0.875
7337	0.875
7338	0.875
7339	0.875
7340	0.875
7341	0.875
7342	0.875
7343	0.875
7344	0.875
7345	0.875
7346	0.875
7347	0.875
7348	0.875
7349	0.875
7350	0.875
7351	0.875
7352	0.875
7353	0.875
7354	0.875
7355	0.875
7356	0.875
7357	0.875
7358	0.875
7359	0.875
7360	0.875
7361	0.875
7362	0.875
7363	0.875
7364	0.875
7365	0.875
7366	0.875
7367	0.875
7368	0.875
7369	0.875
7370	0.875
7371	0.875
7372	0.875
7373	0.875
7374	0.875
7375	0.875
7376	0.875
7377	0.875
7378	0.875
7379	0.875
7380	0.875
7381	0.875
7382	0.875
7383	0.875
7384	0.875
7385	0.875
7386	0.875
7387	0.875
7388	0.875
7389	0.875
7390	0.875
7391	0.875
7392	0.875
7393	0.875
7394	0.875
7395	0.875
7396	0.875
7397	0.875
7398	0.875
7399	0.875
7400	0.875
7401	0.875
7402	0.875
7403	0.875
7404	0.875
7405	0.875
7406	0.875
7407	0.875
7408	0.875
7409	0.875
7410	0.875
7411	0.875
7412	0.875
7413	0.875
7414	0.875
7415	0.875
7416	0.875
7417	0.875
7418	0.875
7419	0.875
7420	0.875
7421	0.875
7422	0.875
7423	0.875
7424	0.875
7425	0.875
7426	0.875
7427	0.875
7428	0.875
7429	0.875
7430	0.875
7431	0.875
7432	0.875
7433	0.875
7434	0.875
7435	0.875
7436	0.875
7437	0.875
7438	0.875
7439	0.875
7440	0.875
7441	0.875
7442	0.875
7443	0.875
7444	0.875
7445	0.875
7446	0.875
7447	0.875
7448	0.875
7449	0.875
7450	0.875
7451	0.875
7452	0.875
7453	0.875
7454	0.875
7455	0.875
7456	0.875
7457	0.875
7458	0.875
7459	0.875
7460	0.875
7461	0.875
7462	0.875
7463	0.875
7464	0.875
7465	0.875
7466	0.875
7467	0.875
7468	0.875
7469	0.875
7470	0.875
7471	0.875
7472	0.875
7473	0.875
7474	0.875
7475	0.875
7476	0.875
7477	0.875
7478	0.875
7479	0.875
7480	0.875
7481	0.875
7482	0.875
7483	0.875
7484	0.875
7485	0.875
7486	0.875
7487	0.875
7488	0.875
7489	0.875
7490	0.875
7491	0.875
7492	0.875
7493	0.875
7494	0.875
7495	0.875
7496	0.875
7497	0.875
7498	0.875
7499	0.875
7500	0.875
7501	0.875
7502	0.875
7503	0.875
7504	0.875
7505	0.875
7506	0.875
7507	0.875
7508	0.875
7509	0.875
7510	0.875
7511	0.875
7512	0.875
7513	0.875
7514	0.875
7515	0.875
7516	0.875
7517	0.875
7518	0.875
7519	0.875
7520	0.875
7521	0.875
7522	0.875
7523	0.875
7524	0.875
7525	0.875
7526	0.875
7527	0.875
7528	0.875
7529	0.875
7530	0.875
7531	0.875
7532	0.875
7533	0.875
7534	0.875
7535	0.875
7536	0.875
7537	0.875
7538	0.875
7539	0.875
7540	0.875
7541	0.875
7542	0.875
7543	0.875
7544	0.875
7545	0.875
7546	0.875
7547	0.875
7548	0.875
7549	0.875
7550	0.875
7551	0.875
7552	0.875
7553	0.875
7554	0.875
7555	0.875
7556	0.875
7557	0.875
7558	0.875
7559	0.875
7560	0.875
7561	0.875
7562	0.875
7563	0.875
7564	0.875
7565	0.875
7566	0.875
7567	0.875
7568	0.875
7569	0.875
7570	0.875
7571	0.875
7572	0.875
7573	0.875
7574	0.875
7575	0.875
7576	0.875
7577	0.875
7578	0.875
7579	0.875
7580	0.875
7581	0.875
7582	0.875
7583	0.875
7584	0.875
7585	0.875
7586	0.875
7587	0.875
7588	0.875
7589	0.875
7590	0.875
7591	0.875
7592	0.875
7593	0.875
7594	0.875
7595	0.875
7596	0.875
7597	0.875
7598	0.875
7599	0.875
7600	0.875
7601	0.875
7602	0.875
7603	0.875
7604	0.875
7605	0.875
7606	0.875
7607	0.875
7608	0.875
7609	0.875
7610	0.875
7611	0.875
7612	0.875
7613	0.875
7614	0.875
7615	0.875
7616	0.875
7617	0.875
7618	0.875
7619	0.875
7620	0.875
7621	0.875
7622	0.875
7623	0.875
7624	0.875
7625	0.875
7626	0.875
7627	0.875
7628	0.875
7629	0.875
7630	0.875
7631	0.875
7632	0.875
7633	0.875
7634	0.875
7635	0.875
7636	0.875
7637	0.875
7638	0.875
7639	0.875
7640	0.875
7641	0.875
7642	0.875
7643	0.875
7644	0.875
7645	0.875
7646	0.875
7647	0.875
7648	0.875
7649	0.875
7650	0.875
7651	0.875
7652	0.875
7653	0.875
7654	0.875
7655	0.875
7656	0.875
7657	0.875
7658	0.875
7659	0.875
7660	0.875
7661	0.875
7662	0.875
7663	0.875
7664	0.875
7665	0.875
7666	0.875
7667	0.875
7668	0.875
7669	0.875
7670	0.875
7671	0.875
7672	0.875
7673	0.875
7674	0.875
7675	0.875
7676	0.875
7677	0.875
7678	0.875
7679	0.875
7680	0.875
7681	0.875
7682	0.875
7683	0.875
7684	0.875
7685	0.875
7686	0.875
7687	0.875
7688	0.875
7689	0.875
7690	0.875
7691	0.875
7692	0.875
7693	0.875
7694	0.875
7695	0.875
7696	0.875
7697	0.875
7698	0.875
7699	0.875
7700	0.875
7701	0.875
7702	0.875
7703	0.875
7704	0.875
7705	0.875
7706	0.875
7707	0.875
7708	0.875
7709	0.875
7710	0.875
7711	0.875
7712	0.875
7713	0.875
7714	0.875
7715	0.875
7716	0.875
7717	0.875
7718	0.875
7719	0.875
7720	0.875
7721	0.875
7722	0.875
7723	0.875
7724	0.875
7725	0.875
7726	0.875
7727	0.875
7728	0.875
7729	0.875
7730	0.875
7731	0.875
7732	0.875
7733	0.875
7734	0.875
7735	0.875
7736	0.875
7737	0.875
7738	0.875
7739	0.875
7740	0.875
7741	0.875
7742	0.875
7743	0.875
7744	0.875
7745	0.875
7746	0.875
7747	0.875
7748	0.875
7749	0.875
7750	0.875
7751	0.875
7752	0.875
7753	0.875
7754	0.875
7755	0.875
7756	0.875
7757	0.875
7758	0.875
7759	0.875
7760	0.875
7761	0.875
7762	0.875
7763	0.875
7764	0.875
7765	0.875
7766	0.875
7767	0.875
7768	0.875
7769	0.875
7770	0.875
7771	0.875
7772	0.875
7773	0.875
7774	0.875
7775	0.875
7776	0.875
7777	0.875
7778	0.875
7779	0.875
7780	0.875
7781	0.875
7782	0.875
7783	0.875
7784	0.875
7785	0.875
7786	0.875
7787	0.875
7788	0.875
7789	0.875
7790	0.875
7791	0.875
7792	0.875
7793	0.875
7794	0.875
7795	0.875
7796	0.875
7797	0.875
7798	0.875
7799	0.875
7800	0.875
7801	0.875
7802	0.875
7803	0.875
7804	0.875
7805	0.875
7806	0.875
7807	0.875
7808	0.875
7809	0.875
7810	0.875
7811	0.875
7812	0.875
7813	0.875
7814	0.875
7815	0.875
7816	0.875
7817	0.875
7818	0.875
7819	0.875
7820	0.875
7821	0.875
7822	0.875
7823	0.875
7824	0.875
7825	0.875
7826	0.875
7827	0.875
7828	0.875
7829	0.875
7830	0.875
7831	0.875
7832	0.875
7833	0.875
7834	0.875
7835	0.875
7836	0.875
7837	0.875
7838	0.875
7839	0.875
7840	0.875
7841	0.875
7842	0.875
7843	0.875
7844	0.875
7845	0.875
7846	0.875
7847	0.875
7848	0.875
7849	0.875
7850	0.875
7851	0.875
7852	0.875
7853	0.875
7854	0.875
7855	0.875
7856	0.875
7857	0.875
7858	0.875
7859	0.875
7860	0.875
7861	0.875
7862	0.875
7863	0.875
7864	0.875
7865	0.875
7866	0.875
7867	0.875
7868	0.875
7869	0.875
7870	0.875
7871	0.875
7872	0.875
7873	0.875
7874	0.875
7875	0.875
7876	0.875
7877	0.875
7878	0.875
7879	0.875
7880	0.875
7881	0.875
7882	0.875
7883	0.875
7884	0.875
7885	0.875
7886	0.875
7887	0.875
7888	0.875
7889	0.875
7890	0.875
7891	0.875
7892	0.875
7893	0.875
7894	0.875
7895	0.875
7896	0.875
7897	0.875
7898	0.875
7899	0.875
7900	0.875
7901	0.875
7902	0.875
7903	0.875
7904	0.875
7905	0.875
7906	0.875
7907	0.875
7908	0.875
7909	0.875
7910	0.875
7911	0.875
7912	0.875
7913	0.875
7914	0.875
7915	0.875
7916	0.875
7917	0.875
7918	0.875
7919	0.875
7920	0.875
7921	0.875
7922	0.875
7923	0.875
7924	0.875
7925	0.875
7926	0.875
7927	0.875
7928	0.875
7929	0.875
7930	0.875
7931	0.875
7932	0.875
7933	0.875
7934	0.875
7935	0.875
7936	0.875
7937	0.875
7938	0.875
7939	0.875
7940	0.875
7941	0.875
7942	0.875
7943	0.875
7944	0.875
7945	0.875
7946	0.875
7947	0.875
7948	0.875
7949	0.875
7950	0.875
7951	0.875
7952	0.875
7953	0.875
7954	0.875
7955	0.875
7956	0.875
7957	0.875
7958	0.875
7959	0.875
7960	0.875
7961	0.875
7962	0.875
7963	0.875
7964	0.875
7965	0.875
7966	0.875
7967	0.875
7968	0.875
7969	0.875
7970	0.875
7971	0.875
7972	0.875
7973	0.875
7974	0.875
7975	0.875
7976	0.875
7977	0.875
7978	0.875
7979	0.875
7980	0.875
7981	0.875
7982	0.875
7983	0.875
7984	0.875
7985	0.875
7986	0.875
7987	0.875
7988	0.875
7989	0.875
7990	0.875
7991	0.875
7992	0.875
7993	0.875
7994	0.875
7995	0.875
7996	0.875
7997	0.875
7998	0.875
7999	0.875
8000	0.875
8001	0.875
8002	0.875
8003	0.875
8004	0.875
8005	0.875
8006	0.875
8007	0.875
8008	0.875
8009	0.875
8010	0.875
8011	0.875
8012	0.875
8013	0.875
8014	0.875
8015	0.875
8016	0.875
8017	0.875
8018	0.875
8019	0.875
8020	0.875
8021	0.875
8022	0.875
8023	0.875
8024	0.875
8025	0.875
8026	0.875
8027	0.875
8028	0.875
8029	0.875
8030	0.875
8031	0.875
8032	0.875
8033	0.875
8034	0.875
8035	0.875
8036	0.875
8037	0.875
8038	0.875
8039	0.875
8040	0.875
8041	0.875
8042	0.875
8043	0.875
8044	0.875
8045	0.875
8046	0.875
8047	0.875
8048	0.875
8049	0.875
8050	0.875
8051	0.875
8052	0.875
8053	0.875
8054	0.875
8055	0.875
8056	0.875
8057	0.875
8058	0.875
8059	0.875
8060	0.875
8061	0.875
8062	0.875
8063	0.875
8064	0.875
8065	0.875
8066	0.875
8067	0.875
8068	0.875
8069	0.875
8070	0.875
8071	0.875
8072	0.875
8073	0.875
8074	0.875
8075	0.875
8076	0.875
8077	0.875
8078	0.875
8079	0.875
8080	0.875
8081	0.875
8082	0.875
8083	0.875
8084	0.875
8085	0.875
8086	0.875
8087	0.875
8088	0.875
8089	0.875
8090	0.875
8091	0.875
8092	0.875
8093	0.875
8094	0.875
8095	0.875
8096	0.875
8097	0.875
8098	0.875
8099	0.875
8100	0.875
8101	0.875
8102	0.875
8103	0.875
8104	0.875
8105	0.875
8106	0.875
8107	0.875
8108	0.875
8109	0.875
8110	0.875
8111	0.875
8112	0.875
8113	0.875
8114	0.875
8115	0.875
8116	0.875
8117	0.875
8118	0.875
8119	0.875
8120	0.875
8121	0.875
8122	0.875
8123	0.875
8124	0.875
8125	0.875
8126	0.875
8127	0.875
8128	0.875
8129	0.875
8130	0.875
8131	0.875
8132	0.875
8133	0.875
8134	0.875
8135	0.875
8136	0.875
8137	0.875
8138	0.875
8139	0.875
8140	0.875
8141	0.875
8142	0.875
8143	0.875
8144	0.875
8145	0.875
8146	0.875
8147	0.875
8148	0.875
8149	0.875
8150	0.875
8151	0.875
8152	0.875
8153	0.875
8154	0.875
8155	0.875
8156	0.875
8157	0.875
8158	0.875
8159	0.875
8160	0.875
8161	0.875
8162	0.875
8163	0.875
8164	0.875
8165	0.875
8166	0.875
8167	0.875
8168	0.875
8169	0.875
8170	0.875
8171	0.875
8172	0.875
8173	0.875
8174	0.875
8175	0.875
8176	0.875
8177	0.875
8178	0.875
8179	0.875
8180	0.875
8181	0.875
8182	0.875
8183	0.875
8184	0.875
8185	0.875
8186	0.875
8187	0.875
8188	0.875
8189	0.875
8190	0.875
8191	0.875
8192	0.875
8193	0.875
8194	0.875
8195	0.875
8196	0.875
8197	0.875
8198	0.875
8199	0.875
8200	0.875
8201	0.875
8202	0.875
8203	0.875
8204	0.875
8205	0.875
8206	0.875
8207	0.875
8208	0.875
8209	0.875
8210	0.875
8211	0.875
8212	0.875
8213	0.875
8214	0.875
8215	0.875
8216	0.875
8217	0.875
8218	0.875
8219	0.875
8220	0.875
8221	0.875
8222	0.875
8223	0.875
8224	0.875
8225	0.875
8226	0.875
8227	0.875
8228	0.875
8229	0.875
8230	0.875
8231	0.875
8232	0.875
8233	0.875
8234	0.875
8235	0.875
8236	0.875
8237	0.875
8238	0.875
8239	0.875
8240	0.875
8241	0.875
8242	0.875
8243	0.875
8244	0.875
8245	0.875
8246	0.875
8247	0.875
8248	0.875
8249	0.875
8250	0.875
8251	0.875
8252	0.875
8253	0.875
8254	0.875
8255	0.875
8256	0.875
8257	0.875
8258	0.875
8259	0.875
8260	0.875
8261	0.875
8262	0.875
8263	0.875
8264	0.875
8265	0.875
8266	0.875
8267	0.875
8268	0.875
8269	0.875
8270	0.875
8271	0.875
8272	0.875
8273	0.875
8274	0.875
8275	0.875
8276	0.875
8277	0.875
8278	0.875
8279	0.875
8280	0.875
8281	0.875
8282	0.875
8283	0.875
8284	0.875
8285	0.875
8286	0.875
8287	0.875
8288	0.875
8289	0.875
8290	0.875
8291	0.875
8292	0.875
8293	0.875
8294	0.875
8295	0.875
8296	0.875
8297	0.875
8298	0.875
8299	0.875
8300	0.875
8301	0.875
8302	0.875
8303	0.875
8304	0.875
8305	0.875
8306	0.875
8307	0.875
8308	0.875
8309	0.875
8310	0.875
8311	0.875
8312	0.875
8313	0.875
8314	0.875
8315	0.875
8316	0.875
8317	0.875
8318	0.875
8319	0.875
8320	0.875
8321	0.875
8322	0.875
8323	0.875
8324	0.875
8325	0.875
8326	0.875
8327	0.875
8328	0.875
8329	0.875
8330	0.875
8331	0.875
8332	0.875
8333	0.875
8334	0.875
8335	0.875
8336	0.875
8337	0.875
8338	0.875
8339	0.875
8340	0.875
8341	0.875
8342	0.875
8343	0.875
8344	0.875
8345	0.875
8346	0.875
8347	0.875
8348	0.875
8349	0.875
8350	0.875
8351	0.875
8352	0.875
8353	0.875
8354	0.875
8355	0.875
8356	0.875
8357	0.875
8358	0.875
8359	0.875
8360	0.875
8361	0.875
8362	0.875
8363	0.875
8364	0.875
8365	0.875
8366	0.875
8367	0.875
8368	0.875
8369	0.875
8370	0.875
8371	0.875
8372	0.875
8373	0.875
8374	0.875
8375	0.875
8376	0.875
8377	0.875
8378	0.875
8379	0.875
8380	0.875
8381	0.875
8382	0.875
8383	0.875
8384	0.875
8385	0.875
8386	0.875
8387	0.875
8388	0.875
8389	0.875
8390	0.875
8391	0.875
8392	0.875
8393	0.875
8394	0.875
8395	0.875
8396	0.875
8397	0.875
8398	0.875
8399	0.875
8400	0.875
8401	0.875
8402	0.875
8403	0.875
8404	0.875
8405	0.875
8406	0.875
8407	0.875
8408	0.875
8409	0.875
8410	0.875
8411	0.875
8412	0.875
8413	0.875
8414	0.875
8415	0.875
8416	0.875
8417	0.875
8418	0.875
8419	0.875
8420	0.875
8421	0.875
8422	0.875
8423	0.875
8424	0.875
8425	0.875
8426	0.875
8427	0.875
8428	0.9375
8429	0.9375
8430	0.9375
8431	0.9375
8432	0.9375
8433	0.9375
8434	0.9375
8435	0.9375
8436	0.9375
8437	0.9375
8438	0.9375
8439	0.9375
8440	0.9375
8441	0.9375
8442	0.9375
8443	0.9375
8444	0.9375
8445	0.9375
8446	0.9375
8447	0.9375
8448	0.9375
8449	0.9375
8450	0.9375
8451	0.9375
8452	0.9375
8453	0.9375
8454	0.9375
8455	0.9375
8456	0.9375
8457	0.9375
8458	0.9375
8459	0.9375
8460	0.9375
8461	0.9375
8462	0.9375
8463	0.9375
8464	0.9375
8465	0.9375
8466	0.9375
8467	0.9375
8468	0.9375
8469	0.9375
8470	0.9375
8471	0.9375
8472	0.9375
8473	0.9375
8474	0.9375
8475	0.9375
8476	0.9375
8477	0.9375
8478	0.9375
8479	0.9375
8480	0.9375
8481	0.9375
8482	0.9375
8483	0.9375
8484	0.9375
8485	0.9375
8486	0.9375
8487	0.9375
8488	0.9375
8489	0.9375
8490	0.9375
8491	0.9375
8492	0.9375
8493	0.9375
8494	0.9375
8495	0.9375
8496	0.9375
8497	0.9375
8498	0.9375
8499	0.9375
8500	0.9375
8501	0.9375
8502	0.9375
8503	0.9375
8504	0.9375
8505	0.9375
8506	0.9375
8507	0.9375
8508	0.9375
8509	0.9375
8510	0.9375
8511	0.9375
8512	0.9375
8513	0.9375
8514	0.9375
8515	0.9375
8516	0.9375
8517	0.9375
8518	0.9375
8519	0.9375
8520	0.9375
8521	0.9375
8522	0.9375
8523	0.9375
8524	0.9375
8525	0.9375
8526	0.9375
8527	0.9375
8528	0.9375
8529	0.9375
8530	0.9375
8531	0.9375
8532	0.9375
8533	0.9375
8534	0.9375
8535	0.9375
8536	0.9375
8537	0.9375
8538	0.9375
8539	0.9375
8540	0.9375
8541	0.9375
8542	0.9375
8543	0.9375
8544	0.9375
8545	0.9375
8546	0.9375
8547	1
## No. organisms: 20
## Seeds        : 1502476292, 67328
## Runtime      : 0h 4m 36s.
## Started at   : Sun Aug 30 11:56:14 2020
## Ended at     : Sun Aug 30 12:00:50 2020
