1	0.515625
2	0.515625
3	0.515625
4	0.515625
5	0.515625
6	0.515625
7	0.515625
8	0.515625
9	0.515625
10	0.515625
11	0.515625
12	0.515625
13	0.515625
14	0.515625
15	0.515625
16	0.515625
17	0.515625
18	0.515625
19	0.515625
20	0.515625
21	0.515625
22	0.515625
23	0.515625
24	0.515625
25	0.515625
26	0.515625
27	0.515625
28	0.515625
29	0.515625
30	0.515625
31	0.515625
32	0.515625
33	0.515625
34	0.515625
35	0.53125
36	0.53125
37	0.53125
38	0.53125
39	0.53125
40	0.53125
41	0.53125
42	0.53125
43	0.53125
44	0.53125
45	0.53125
46	0.53125
47	0.53125
48	0.53125
49	0.53125
50	0.53125
51	0.53125
52	0.5625
53	0.5625
54	0.5625
55	0.5625
56	0.5625
57	0.5625
58	0.5625
59	0.5625
60	0.5625
61	0.5625
62	0.5625
63	0.5625
64	0.5625
65	0.5625
66	0.5625
67	0.5625
68	0.5625
69	0.5625
70	0.5625
71	0.5625
72	0.5625
73	0.5625
74	0.59375
75	0.59375
76	0.625
77	0.625
78	0.625
79	0.625
80	0.625
81	0.625
82	0.625
83	0.625
84	0.625
85	0.625
86	0.625
87	0.625
88	0.625
89	0.625
90	0.625
91	0.625
92	0.625
93	0.625
94	0.625
95	0.6875
96	0.6875
97	0.6875
98	0.6875
99	0.6875
100	0.6875
101	0.6875
102	0.6875
103	0.6875
104	0.6875
105	0.6875
106	0.6875
107	0.6875
108	0.6875
109	0.6875
110	0.6875
111	0.6875
112	0.6875
113	0.6875
114	0.6875
115	0.6875
116	0.6875
117	0.6875
118	0.6875
119	0.6875
120	0.6875
121	0.6875
122	0.71875
123	0.71875
124	0.71875
125	0.71875
126	0.71875
127	0.71875
128	0.71875
129	0.71875
130	0.71875
131	0.71875
132	0.71875
133	0.71875
134	0.71875
135	0.71875
136	0.71875
137	0.71875
138	0.71875
139	0.71875
140	0.71875
141	0.71875
142	0.71875
143	0.71875
144	0.71875
145	0.71875
146	0.71875
147	0.71875
148	0.71875
149	0.71875
150	0.71875
151	0.71875
152	0.71875
153	0.71875
154	0.71875
155	0.71875
156	0.71875
157	0.71875
158	0.71875
159	0.71875
160	0.71875
161	0.71875
162	0.71875
163	0.71875
164	0.71875
165	0.71875
166	0.71875
167	0.71875
168	0.71875
169	0.71875
170	0.71875
171	0.71875
172	0.71875
173	0.71875
174	0.71875
175	0.71875
176	0.71875
177	0.71875
178	0.71875
179	0.71875
180	0.71875
181	0.71875
182	0.71875
183	0.71875
184	0.71875
185	0.71875
186	0.71875
187	0.71875
188	0.71875
189	0.71875
190	0.71875
191	0.75
192	0.75
193	0.75
194	0.75
195	0.75
196	0.75
197	0.75
198	0.75
199	0.75
200	0.75
201	0.75
202	0.75
203	0.75
204	0.75
205	0.75
206	0.75
207	0.75
208	0.75
209	0.75
210	0.75
211	0.75
212	0.75
213	0.75
214	0.75
215	0.75
216	0.75
217	0.75
218	0.75
219	0.75
220	0.75
221	0.75
222	0.75
223	0.75
224	0.75
225	0.75
226	0.75
227	0.75
228	0.75
229	0.75
230	0.75
231	0.75
232	0.75
233	0.75
234	0.75
235	0.75
236	0.75
237	0.75
238	0.75
239	0.75
240	0.75
241	0.75
242	0.75
243	0.75
244	0.75
245	0.75
246	0.75
247	0.75
248	0.75
249	0.75
250	0.75
251	0.75
252	0.75
253	0.75
254	0.75
255	0.75
256	0.75
257	0.75
258	0.75
259	0.75
260	0.75
261	0.75
262	0.75
263	0.75
264	0.75
265	0.75
266	0.75
267	0.75
268	0.75
269	0.75
270	0.75
271	0.75
272	0.75
273	0.75
274	0.75
275	0.75
276	0.75
277	0.75
278	0.75
279	0.75
280	0.75
281	0.75
282	0.75
283	0.75
284	0.75
285	0.75
286	0.75
287	0.75
288	0.75
289	0.75
290	0.75
291	0.75
292	0.75
293	0.75
294	0.75
295	0.75
296	0.75
297	0.75
298	0.75
299	0.75
300	0.75
301	0.75
302	0.75
303	0.75
304	0.75
305	0.75
306	0.75
307	0.75
308	0.75
309	0.75
310	0.75
311	0.75
312	0.75
313	0.75
314	0.75
315	0.75
316	0.75
317	0.75
318	0.75
319	0.75
320	0.75
321	0.75
322	0.75
323	0.75
324	0.75
325	0.75
326	0.75
327	0.75
328	0.75
329	0.75
330	0.75
331	0.75
332	0.75
333	0.75
334	0.75
335	0.75
336	0.75
337	0.75
338	0.75
339	0.75
340	0.75
341	0.75
342	0.75
343	0.75
344	0.75
345	0.75
346	0.75
347	0.75
348	0.75
349	0.75
350	0.75
351	0.75
352	0.75
353	0.75
354	0.75
355	0.75
356	0.75
357	0.75
358	0.75
359	0.75
360	0.75
361	0.75
362	0.75
363	0.75
364	0.75
365	0.75
366	0.75
367	0.75
368	0.75
369	0.75
370	0.75
371	0.75
372	0.75
373	0.75
374	0.75
375	0.75
376	0.75
377	0.75
378	0.75
379	0.75
380	0.75
381	0.75
382	0.75
383	0.75
384	0.75
385	0.75
386	0.75
387	0.75
388	0.75
389	0.75
390	0.75
391	0.75
392	0.75
393	0.75
394	0.75
395	0.75
396	0.75
397	0.75
398	0.75
399	0.75
400	0.75
401	0.75
402	0.75
403	0.75
404	0.75
405	0.75
406	0.75
407	0.75
408	0.75
409	0.75
410	0.75
411	0.75
412	0.75
413	0.75
414	0.75
415	0.75
416	0.75
417	0.75
418	0.75
419	0.75
420	0.75
421	0.75
422	0.75
423	0.75
424	0.75
425	0.75
426	0.75
427	0.75
428	0.75
429	0.75
430	0.75
431	0.75
432	0.75
433	0.75
434	0.75
435	0.75
436	0.75
437	0.75
438	0.75
439	0.75
440	0.75
441	0.75
442	0.75
443	0.75
444	0.75
445	0.75
446	0.75
447	0.75
448	0.75
449	0.75
450	0.75
451	0.75
452	0.75
453	0.75
454	0.75
455	0.75
456	0.75
457	0.75
458	0.75
459	0.75
460	0.75
461	0.75
462	0.75
463	0.75
464	0.75
465	0.75
466	0.75
467	0.75
468	0.75
469	0.75
470	0.75
471	0.75
472	0.75
473	0.75
474	0.75
475	0.75
476	0.75
477	0.75
478	0.75
479	0.75
480	0.75
481	0.75
482	0.75
483	0.75
484	0.75
485	0.75
486	0.75
487	0.75
488	0.75
489	0.75
490	0.75
491	0.75
492	0.75
493	0.75
494	0.75
495	0.75
496	0.75
497	0.75
498	0.75
499	0.75
500	0.75
501	0.75
502	0.75
503	0.75
504	0.75
505	0.75
506	0.75
507	0.75
508	0.75
509	0.75
510	0.75
511	0.75
512	0.75
513	0.75
514	0.75
515	0.75
516	0.75
517	0.75
518	0.75
519	0.75
520	0.75
521	0.75
522	0.75
523	0.75
524	0.75
525	0.75
526	0.75
527	0.75
528	0.75
529	0.75
530	0.75
531	0.75
532	0.75
533	0.75
534	0.75
535	0.75
536	0.75
537	0.75
538	0.75
539	0.75
540	0.75
541	0.75
542	0.75
543	0.75
544	0.75
545	0.75
546	0.75
547	0.75
548	0.75
549	0.75
550	0.75
551	0.75
552	0.75
553	0.75
554	0.75
555	0.75
556	0.75
557	0.75
558	0.75
559	0.78125
560	0.78125
561	0.78125
562	0.78125
563	0.78125
564	0.78125
565	0.78125
566	0.78125
567	0.78125
568	0.78125
569	0.78125
570	0.78125
571	0.796875
572	0.796875
573	0.796875
574	0.796875
575	0.796875
576	0.796875
577	0.796875
578	0.796875
579	0.796875
580	0.796875
581	0.796875
582	0.796875
583	0.796875
584	0.796875
585	0.796875
586	0.796875
587	0.796875
588	0.796875
589	0.796875
590	0.796875
591	0.796875
592	0.796875
593	0.796875
594	0.796875
595	0.796875
596	0.796875
597	0.796875
598	0.796875
599	0.796875
600	0.796875
601	0.796875
602	0.796875
603	0.796875
604	0.796875
605	0.796875
606	0.796875
607	0.796875
608	0.796875
609	0.796875
610	0.796875
611	0.796875
612	0.796875
613	0.796875
614	0.796875
615	0.796875
616	0.8125
617	0.8125
618	0.8125
619	0.8125
620	0.8125
621	0.8125
622	0.8125
623	0.8125
624	0.8125
625	0.8125
626	0.8125
627	0.8125
628	0.8125
629	0.8125
630	0.8125
631	0.8125
632	0.8125
633	0.8125
634	0.8125
635	0.8125
636	0.8125
637	0.8125
638	0.8125
639	0.8125
640	0.8125
641	0.8125
642	0.8125
643	0.8125
644	0.8125
645	0.8125
646	0.8125
647	0.8125
648	0.8125
649	0.8125
650	0.8125
651	0.8125
652	0.8125
653	0.8125
654	0.8125
655	0.8125
656	0.8125
657	0.8125
658	0.8125
659	0.8125
660	0.8125
661	0.8125
662	0.8125
663	0.8125
664	0.8125
665	0.8125
666	0.8125
667	0.8125
668	0.8125
669	0.8125
670	0.8125
671	0.8125
672	0.8125
673	0.8125
674	0.8125
675	0.8125
676	0.8125
677	0.8125
678	0.8125
679	0.8125
680	0.8125
681	0.8125
682	0.8125
683	0.8125
684	0.8125
685	0.8125
686	0.8125
687	0.8125
688	0.8125
689	0.8125
690	0.8125
691	0.8125
692	0.8125
693	0.8125
694	0.8125
695	0.8125
696	0.8125
697	0.8125
698	0.8125
699	0.8125
700	0.8125
701	0.8125
702	0.8125
703	0.8125
704	0.8125
705	0.8125
706	0.8125
707	0.8125
708	0.8125
709	0.8125
710	0.8125
711	0.8125
712	0.8125
713	0.8125
714	0.8125
715	0.8125
716	0.8125
717	0.8125
718	0.8125
719	0.8125
720	0.8125
721	0.8125
722	0.8125
723	0.8125
724	0.8125
725	0.8125
726	0.875
727	0.875
728	0.875
729	0.875
730	0.875
731	0.875
732	0.875
733	0.875
734	0.875
735	0.875
736	0.875
737	0.875
738	0.875
739	0.875
740	0.875
741	0.875
742	0.875
743	0.875
744	0.875
745	0.875
746	0.875
747	0.875
748	0.875
749	0.875
750	0.875
751	0.875
752	0.875
753	0.875
754	0.875
755	0.875
756	0.875
757	0.875
758	0.875
759	0.875
760	0.875
761	0.875
762	0.875
763	0.875
764	0.875
765	0.875
766	0.875
767	0.875
768	0.875
769	0.875
770	0.875
771	0.875
772	0.875
773	0.875
774	0.875
775	0.875
776	0.875
777	0.875
778	0.875
779	0.875
780	0.875
781	0.875
782	0.875
783	0.875
784	0.875
785	0.875
786	0.875
787	0.875
788	0.875
789	0.875
790	0.875
791	0.875
792	0.875
793	0.875
794	0.875
795	0.875
796	0.875
797	0.875
798	0.875
799	0.875
800	0.875
801	0.875
802	0.875
803	0.875
804	0.875
805	0.875
806	0.875
807	0.875
808	0.875
809	0.875
810	0.875
811	0.875
812	0.875
813	0.875
814	0.875
815	0.875
816	0.875
817	0.875
818	0.875
819	0.875
820	0.875
821	0.875
822	0.875
823	0.875
824	0.875
825	0.875
826	0.875
827	0.875
828	0.875
829	0.875
830	0.875
831	0.875
832	0.875
833	0.875
834	0.875
835	0.875
836	0.875
837	0.875
838	0.875
839	0.875
840	0.875
841	0.875
842	0.875
843	0.875
844	0.875
845	0.875
846	0.875
847	0.875
848	0.875
849	0.875
850	0.875
851	0.875
852	0.875
853	0.875
854	0.875
855	0.875
856	0.875
857	0.875
858	0.875
859	0.875
860	0.875
861	0.875
862	0.875
863	0.875
864	0.875
865	0.875
866	0.875
867	0.875
868	0.875
869	0.875
870	0.875
871	0.875
872	0.875
873	0.875
874	0.875
875	0.875
876	0.875
877	0.875
878	0.875
879	0.875
880	0.875
881	0.875
882	0.875
883	0.875
884	0.875
885	0.875
886	0.875
887	0.875
888	0.875
889	0.875
890	0.875
891	0.875
892	0.875
893	0.875
894	0.875
895	0.875
896	0.875
897	0.875
898	0.875
899	0.875
900	0.875
901	0.875
902	0.875
903	0.875
904	0.875
905	0.875
906	0.875
907	0.875
908	0.875
909	0.875
910	0.875
911	0.875
912	0.875
913	0.875
914	0.875
915	0.875
916	0.875
917	0.875
918	0.875
919	0.875
920	0.875
921	0.875
922	0.875
923	0.875
924	0.875
925	0.875
926	0.875
927	0.875
928	0.875
929	0.875
930	0.875
931	0.875
932	0.875
933	0.875
934	0.875
935	0.875
936	0.875
937	0.875
938	0.875
939	0.875
940	0.875
941	0.875
942	0.875
943	0.875
944	0.875
945	0.875
946	0.875
947	0.875
948	0.875
949	0.875
950	0.875
951	0.875
952	0.875
953	0.875
954	0.875
955	0.875
956	0.875
957	0.875
958	0.875
959	0.875
960	0.875
961	0.875
962	0.875
963	0.875
964	0.875
965	0.875
966	0.875
967	0.875
968	0.875
969	0.875
970	0.875
971	0.875
972	0.875
973	0.875
974	0.875
975	0.875
976	0.875
977	0.875
978	0.875
979	0.875
980	0.875
981	0.875
982	0.875
983	0.875
984	0.875
985	0.875
986	0.875
987	0.875
988	0.875
989	0.875
990	0.875
991	0.875
992	0.875
993	0.875
994	0.875
995	0.875
996	0.875
997	0.875
998	0.875
999	0.875
1000	0.875
1001	0.875
1002	0.875
1003	0.875
1004	0.875
1005	0.875
1006	0.875
1007	0.875
1008	0.875
1009	0.875
1010	0.875
1011	0.875
1012	0.875
1013	0.875
1014	0.875
1015	0.875
1016	0.875
1017	0.875
1018	0.875
1019	0.875
1020	0.875
1021	0.875
1022	0.875
1023	0.875
1024	0.875
1025	0.875
1026	0.875
1027	0.875
1028	0.875
1029	0.875
1030	0.875
1031	0.875
1032	0.875
1033	0.875
1034	0.875
1035	0.875
1036	0.875
1037	0.875
1038	0.875
1039	0.875
1040	0.875
1041	0.875
1042	0.875
1043	0.875
1044	0.875
1045	0.875
1046	0.875
1047	0.875
1048	0.875
1049	0.875
1050	0.875
1051	0.875
1052	0.875
1053	0.875
1054	0.875
1055	0.875
1056	0.875
1057	0.875
1058	0.875
1059	0.875
1060	0.875
1061	0.875
1062	0.875
1063	0.875
1064	0.875
1065	0.875
1066	0.875
1067	0.875
1068	0.875
1069	0.875
1070	0.875
1071	0.875
1072	0.875
1073	0.875
1074	0.875
1075	0.875
1076	0.875
1077	0.875
1078	0.875
1079	0.875
1080	0.875
1081	0.875
1082	0.875
1083	0.875
1084	0.875
1085	0.875
1086	0.875
1087	0.875
1088	0.875
1089	0.875
1090	0.875
1091	0.875
1092	0.875
1093	0.875
1094	0.875
1095	0.875
1096	0.875
1097	0.875
1098	0.875
1099	0.875
1100	0.875
1101	0.875
1102	0.875
1103	0.875
1104	0.875
1105	0.875
1106	0.875
1107	0.875
1108	0.875
1109	0.875
1110	0.875
1111	0.875
1112	0.875
1113	0.875
1114	0.875
1115	0.875
1116	0.875
1117	0.875
1118	0.875
1119	0.875
1120	0.875
1121	0.875
1122	0.875
1123	0.875
1124	0.875
1125	0.875
1126	0.875
1127	0.875
1128	0.875
1129	0.875
1130	0.875
1131	0.875
1132	0.875
1133	0.875
1134	0.875
1135	0.875
1136	0.875
1137	0.875
1138	0.875
1139	0.875
1140	0.875
1141	0.875
1142	0.875
1143	0.875
1144	0.875
1145	0.875
1146	0.875
1147	0.875
1148	0.875
1149	0.875
1150	0.875
1151	0.875
1152	0.875
1153	0.875
1154	0.875
1155	0.875
1156	0.875
1157	0.875
1158	0.875
1159	0.875
1160	0.875
1161	0.875
1162	0.875
1163	0.875
1164	0.875
1165	0.875
1166	0.875
1167	0.875
1168	0.875
1169	0.875
1170	0.875
1171	0.875
1172	0.875
1173	0.875
1174	0.875
1175	0.875
1176	0.875
1177	0.875
1178	0.875
1179	0.875
1180	0.875
1181	0.875
1182	0.875
1183	0.875
1184	0.875
1185	0.875
1186	0.875
1187	0.875
1188	0.875
1189	0.875
1190	0.875
1191	0.875
1192	0.875
1193	0.875
1194	0.875
1195	0.875
1196	0.875
1197	0.875
1198	0.875
1199	0.875
1200	0.875
1201	0.875
1202	0.875
1203	0.875
1204	0.875
1205	0.875
1206	0.875
1207	0.875
1208	0.875
1209	0.875
1210	0.875
1211	0.875
1212	0.875
1213	0.875
1214	0.875
1215	0.875
1216	0.875
1217	0.875
1218	0.875
1219	0.875
1220	0.875
1221	0.875
1222	0.875
1223	0.875
1224	0.875
1225	0.875
1226	0.875
1227	0.875
1228	0.875
1229	0.875
1230	0.875
1231	0.875
1232	0.875
1233	0.875
1234	0.875
1235	0.875
1236	0.875
1237	0.875
1238	0.875
1239	0.875
1240	0.875
1241	0.875
1242	0.875
1243	0.875
1244	0.875
1245	0.875
1246	0.875
1247	0.875
1248	0.875
1249	0.875
1250	0.875
1251	0.875
1252	0.875
1253	0.875
1254	0.875
1255	0.875
1256	0.875
1257	0.875
1258	0.875
1259	0.875
1260	0.875
1261	0.875
1262	0.875
1263	0.875
1264	0.875
1265	0.875
1266	0.875
1267	0.875
1268	0.875
1269	0.875
1270	0.875
1271	0.875
1272	0.875
1273	0.875
1274	0.875
1275	0.875
1276	0.875
1277	0.875
1278	0.875
1279	0.875
1280	0.875
1281	0.875
1282	0.875
1283	0.875
1284	0.875
1285	0.875
1286	0.875
1287	0.875
1288	0.875
1289	0.875
1290	0.875
1291	0.875
1292	0.875
1293	0.875
1294	0.875
1295	0.875
1296	0.875
1297	0.875
1298	0.875
1299	0.875
1300	0.875
1301	0.875
1302	0.875
1303	0.875
1304	0.875
1305	0.875
1306	0.875
1307	0.875
1308	0.875
1309	0.875
1310	0.875
1311	0.875
1312	0.875
1313	0.875
1314	0.875
1315	0.875
1316	0.875
1317	0.875
1318	0.875
1319	0.875
1320	0.875
1321	0.875
1322	0.875
1323	0.875
1324	0.875
1325	0.875
1326	0.875
1327	0.875
1328	0.875
1329	0.875
1330	0.875
1331	0.875
1332	0.875
1333	0.875
1334	0.875
1335	0.875
1336	0.875
1337	0.875
1338	0.875
1339	0.875
1340	0.875
1341	0.875
1342	0.875
1343	0.875
1344	0.875
1345	0.875
1346	0.875
1347	0.875
1348	0.875
1349	0.875
1350	0.875
1351	0.875
1352	0.875
1353	0.875
1354	0.875
1355	0.875
1356	0.875
1357	0.875
1358	0.875
1359	0.875
1360	0.875
1361	0.875
1362	0.875
1363	0.875
1364	0.875
1365	0.875
1366	0.875
1367	0.875
1368	0.875
1369	0.875
1370	0.875
1371	0.875
1372	0.875
1373	0.875
1374	0.875
1375	0.875
1376	0.875
1377	0.875
1378	0.875
1379	0.875
1380	0.875
1381	0.875
1382	0.875
1383	0.875
1384	0.875
1385	0.875
1386	0.875
1387	0.875
1388	0.875
1389	0.875
1390	0.875
1391	0.875
1392	0.875
1393	0.875
1394	0.875
1395	0.875
1396	0.875
1397	0.875
1398	0.875
1399	0.875
1400	0.875
1401	0.875
1402	0.875
1403	0.875
1404	0.875
1405	0.875
1406	0.875
1407	0.875
1408	0.875
1409	0.875
1410	0.875
1411	0.875
1412	0.875
1413	0.875
1414	0.875
1415	0.875
1416	0.875
1417	0.875
1418	0.875
1419	0.875
1420	0.875
1421	0.875
1422	0.875
1423	0.875
1424	0.875
1425	0.875
1426	0.875
1427	0.875
1428	0.875
1429	0.875
1430	0.875
1431	0.875
1432	0.875
1433	0.875
1434	0.875
1435	0.875
1436	0.875
1437	0.875
1438	0.875
1439	0.875
1440	0.875
1441	0.875
1442	0.875
1443	0.875
1444	0.875
1445	0.875
1446	0.875
1447	0.875
1448	0.875
1449	0.875
1450	0.875
1451	0.875
1452	0.875
1453	0.875
1454	0.875
1455	0.875
1456	0.875
1457	0.875
1458	0.875
1459	0.875
1460	0.875
1461	0.875
1462	0.875
1463	0.875
1464	0.875
1465	0.875
1466	0.875
1467	0.875
1468	0.875
1469	0.875
1470	0.875
1471	0.875
1472	0.875
1473	0.875
1474	0.875
1475	0.875
1476	0.875
1477	0.875
1478	0.875
1479	0.875
1480	0.875
1481	0.875
1482	0.875
1483	0.875
1484	0.875
1485	0.875
1486	0.875
1487	0.875
1488	0.875
1489	0.875
1490	0.875
1491	0.875
1492	0.875
1493	0.875
1494	0.875
1495	0.875
1496	0.875
1497	0.875
1498	0.875
1499	0.875
1500	0.875
1501	0.875
1502	0.875
1503	0.875
1504	0.875
1505	0.875
1506	0.875
1507	0.875
1508	0.875
1509	0.875
1510	0.875
1511	0.875
1512	0.875
1513	0.875
1514	0.875
1515	0.875
1516	0.875
1517	0.875
1518	0.875
1519	0.875
1520	0.875
1521	0.875
1522	0.875
1523	0.875
1524	0.875
1525	0.875
1526	0.875
1527	0.875
1528	0.875
1529	0.875
1530	0.875
1531	0.875
1532	0.875
1533	0.875
1534	0.875
1535	0.875
1536	0.875
1537	0.875
1538	0.875
1539	0.875
1540	0.875
1541	0.875
1542	0.875
1543	0.875
1544	0.875
1545	0.875
1546	0.875
1547	0.875
1548	0.875
1549	0.875
1550	0.875
1551	0.875
1552	0.875
1553	0.875
1554	0.875
1555	0.875
1556	0.875
1557	0.875
1558	0.875
1559	0.875
1560	0.875
1561	0.875
1562	0.875
1563	0.875
1564	0.875
1565	0.875
1566	0.875
1567	0.875
1568	0.875
1569	0.875
1570	0.875
1571	0.875
1572	0.875
1573	0.875
1574	0.875
1575	0.875
1576	0.875
1577	0.875
1578	0.875
1579	0.875
1580	0.875
1581	0.875
1582	0.875
1583	0.875
1584	0.875
1585	0.875
1586	0.875
1587	0.875
1588	0.875
1589	0.875
1590	0.875
1591	0.875
1592	0.875
1593	0.875
1594	0.875
1595	0.875
1596	0.875
1597	0.875
1598	0.875
1599	0.875
1600	0.875
1601	0.875
1602	0.875
1603	0.875
1604	0.875
1605	0.875
1606	0.875
1607	0.875
1608	0.875
1609	0.875
1610	0.875
1611	0.875
1612	0.875
1613	0.875
1614	0.875
1615	0.875
1616	0.875
1617	0.875
1618	0.875
1619	0.875
1620	0.875
1621	0.875
1622	0.875
1623	0.875
1624	0.875
1625	0.875
1626	0.875
1627	0.875
1628	0.875
1629	0.875
1630	0.875
1631	0.875
1632	0.875
1633	0.875
1634	0.875
1635	0.875
1636	0.875
1637	0.875
1638	0.875
1639	0.875
1640	0.875
1641	0.875
1642	0.875
1643	0.875
1644	0.875
1645	0.875
1646	0.875
1647	0.875
1648	0.875
1649	0.875
1650	0.875
1651	0.875
1652	0.875
1653	0.875
1654	0.875
1655	0.875
1656	0.875
1657	0.875
1658	0.875
1659	0.875
1660	0.875
1661	0.875
1662	0.875
1663	0.875
1664	0.875
1665	0.875
1666	0.875
1667	0.875
1668	0.875
1669	0.875
1670	0.875
1671	0.875
1672	0.875
1673	0.875
1674	0.875
1675	0.875
1676	0.875
1677	0.875
1678	0.875
1679	0.875
1680	0.875
1681	0.875
1682	0.875
1683	0.875
1684	0.875
1685	0.875
1686	0.875
1687	0.875
1688	0.875
1689	0.875
1690	0.875
1691	0.875
1692	0.875
1693	0.875
1694	0.875
1695	0.875
1696	0.875
1697	0.875
1698	0.875
1699	0.875
1700	0.875
1701	0.875
1702	0.875
1703	0.875
1704	0.875
1705	0.875
1706	0.875
1707	0.875
1708	0.875
1709	0.875
1710	0.875
1711	0.875
1712	0.875
1713	0.875
1714	0.875
1715	0.875
1716	0.875
1717	0.875
1718	0.875
1719	0.875
1720	0.875
1721	0.875
1722	0.875
1723	0.875
1724	0.875
1725	0.875
1726	0.875
1727	0.875
1728	0.875
1729	0.875
1730	0.875
1731	0.875
1732	0.875
1733	0.875
1734	0.875
1735	0.875
1736	0.875
1737	0.875
1738	0.875
1739	0.875
1740	0.875
1741	0.875
1742	0.875
1743	0.875
1744	0.875
1745	0.875
1746	0.875
1747	0.875
1748	0.875
1749	0.875
1750	0.875
1751	0.875
1752	0.875
1753	0.875
1754	0.875
1755	0.875
1756	0.875
1757	0.875
1758	0.875
1759	0.875
1760	0.875
1761	0.875
1762	0.875
1763	0.875
1764	0.875
1765	0.875
1766	0.875
1767	0.875
1768	0.875
1769	0.875
1770	0.875
1771	0.875
1772	0.875
1773	0.875
1774	0.875
1775	0.875
1776	0.875
1777	0.875
1778	0.875
1779	0.875
1780	0.875
1781	0.875
1782	0.875
1783	0.875
1784	0.875
1785	0.875
1786	0.875
1787	0.875
1788	0.875
1789	0.875
1790	0.875
1791	0.875
1792	0.875
1793	0.875
1794	0.875
1795	0.875
1796	0.875
1797	0.875
1798	0.875
1799	0.875
1800	0.875
1801	0.875
1802	0.875
1803	0.875
1804	0.875
1805	0.875
1806	0.875
1807	0.875
1808	0.875
1809	0.875
1810	0.875
1811	0.875
1812	0.875
1813	0.875
1814	0.875
1815	0.875
1816	0.875
1817	0.875
1818	0.875
1819	0.875
1820	0.875
1821	0.875
1822	0.875
1823	0.875
1824	0.875
1825	0.875
1826	0.875
1827	0.875
1828	0.875
1829	0.875
1830	0.875
1831	0.875
1832	0.875
1833	0.875
1834	0.875
1835	0.875
1836	0.875
1837	0.875
1838	0.875
1839	0.875
1840	0.875
1841	0.875
1842	0.875
1843	0.875
1844	0.875
1845	0.875
1846	0.875
1847	0.875
1848	0.875
1849	0.875
1850	0.875
1851	0.875
1852	0.875
1853	0.875
1854	0.875
1855	0.875
1856	0.875
1857	0.875
1858	0.875
1859	0.875
1860	0.875
1861	0.875
1862	0.875
1863	0.875
1864	0.875
1865	0.875
1866	0.875
1867	0.875
1868	0.875
1869	0.875
1870	0.875
1871	0.875
1872	0.875
1873	0.875
1874	0.875
1875	0.875
1876	0.875
1877	0.875
1878	0.875
1879	0.875
1880	0.875
1881	0.875
1882	0.875
1883	0.875
1884	0.875
1885	0.875
1886	0.875
1887	0.875
1888	0.875
1889	0.875
1890	0.875
1891	0.875
1892	0.875
1893	0.875
1894	0.875
1895	0.875
1896	0.875
1897	0.875
1898	0.875
1899	0.875
1900	0.875
1901	0.875
1902	0.875
1903	0.875
1904	0.875
1905	0.875
1906	0.875
1907	0.875
1908	0.875
1909	0.875
1910	0.875
1911	0.875
1912	0.875
1913	0.875
1914	0.875
1915	0.875
1916	0.875
1917	0.875
1918	0.875
1919	0.875
1920	0.875
1921	0.875
1922	0.875
1923	0.875
1924	0.875
1925	0.875
1926	0.875
1927	0.875
1928	0.875
1929	0.875
1930	0.875
1931	0.875
1932	0.875
1933	0.875
1934	0.875
1935	0.875
1936	0.875
1937	0.875
1938	0.875
1939	0.875
1940	0.875
1941	0.875
1942	0.875
1943	0.875
1944	0.875
1945	0.875
1946	0.875
1947	0.875
1948	0.875
1949	0.875
1950	0.875
1951	0.875
1952	0.875
1953	0.875
1954	0.875
1955	0.875
1956	0.875
1957	0.875
1958	0.875
1959	0.875
1960	0.875
1961	0.875
1962	0.875
1963	0.875
1964	0.875
1965	0.875
1966	0.875
1967	0.875
1968	0.875
1969	0.875
1970	0.875
1971	0.875
1972	0.875
1973	0.875
1974	0.875
1975	0.875
1976	0.875
1977	0.875
1978	0.875
1979	0.875
1980	0.875
1981	0.875
1982	0.875
1983	0.875
1984	0.875
1985	0.875
1986	0.875
1987	0.875
1988	0.875
1989	0.875
1990	0.875
1991	0.875
1992	0.875
1993	0.875
1994	0.875
1995	0.875
1996	0.875
1997	0.875
1998	0.875
1999	0.875
2000	0.875
2001	0.875
2002	0.875
2003	0.875
2004	0.875
2005	0.875
2006	0.875
2007	0.875
2008	0.875
2009	0.875
2010	0.875
2011	0.875
2012	0.875
2013	0.875
2014	0.875
2015	0.875
2016	0.875
2017	0.875
2018	0.875
2019	0.875
2020	0.875
2021	0.875
2022	0.875
2023	0.875
2024	0.875
2025	0.875
2026	0.875
2027	0.875
2028	0.875
2029	0.875
2030	0.875
2031	0.875
2032	0.875
2033	0.875
2034	0.875
2035	0.875
2036	0.875
2037	0.875
2038	0.875
2039	0.875
2040	0.875
2041	0.875
2042	0.875
2043	0.875
2044	0.875
2045	0.875
2046	0.875
2047	0.875
2048	0.875
2049	0.875
2050	0.875
2051	0.875
2052	0.875
2053	0.875
2054	0.875
2055	0.875
2056	0.875
2057	0.875
2058	0.875
2059	0.875
2060	0.875
2061	0.875
2062	0.875
2063	0.875
2064	0.875
2065	0.875
2066	0.875
2067	0.875
2068	0.875
2069	0.875
2070	0.875
2071	0.875
2072	0.875
2073	0.875
2074	0.875
2075	0.875
2076	0.875
2077	0.875
2078	0.875
2079	0.875
2080	0.875
2081	0.875
2082	0.875
2083	0.875
2084	0.875
2085	0.875
2086	0.875
2087	0.875
2088	0.875
2089	0.875
2090	0.875
2091	0.875
2092	0.875
2093	0.875
2094	0.875
2095	0.875
2096	0.875
2097	0.875
2098	0.875
2099	0.875
2100	0.875
2101	0.875
2102	0.875
2103	0.875
2104	0.875
2105	0.875
2106	0.875
2107	0.875
2108	0.875
2109	0.875
2110	0.875
2111	0.875
2112	0.875
2113	0.875
2114	0.875
2115	0.875
2116	0.875
2117	0.875
2118	0.875
2119	0.875
2120	0.875
2121	0.875
2122	0.875
2123	0.875
2124	0.875
2125	0.875
2126	0.875
2127	0.875
2128	0.875
2129	0.875
2130	0.875
2131	0.875
2132	0.875
2133	0.875
2134	0.875
2135	0.875
2136	0.875
2137	0.875
2138	0.875
2139	0.875
2140	0.875
2141	0.875
2142	0.875
2143	0.875
2144	0.875
2145	0.875
2146	0.875
2147	0.875
2148	0.875
2149	0.875
2150	0.875
2151	0.875
2152	0.875
2153	0.875
2154	0.875
2155	0.875
2156	0.875
2157	0.875
2158	0.875
2159	0.875
2160	0.875
2161	0.875
2162	0.875
2163	0.875
2164	0.875
2165	0.875
2166	0.875
2167	0.875
2168	0.875
2169	0.875
2170	0.875
2171	0.875
2172	0.875
2173	0.875
2174	0.875
2175	0.875
2176	0.875
2177	0.875
2178	0.875
2179	0.875
2180	0.875
2181	0.875
2182	0.875
2183	0.875
2184	0.875
2185	0.875
2186	0.875
2187	0.875
2188	0.875
2189	0.875
2190	0.875
2191	0.875
2192	0.875
2193	0.875
2194	0.875
2195	0.875
2196	0.875
2197	0.875
2198	0.875
2199	0.875
2200	0.875
2201	0.875
2202	0.875
2203	0.875
2204	0.875
2205	0.875
2206	0.875
2207	0.875
2208	0.875
2209	0.875
2210	0.875
2211	0.875
2212	0.875
2213	0.875
2214	0.875
2215	0.875
2216	0.875
2217	0.875
2218	0.875
2219	0.875
2220	0.875
2221	0.875
2222	0.875
2223	0.875
2224	0.875
2225	0.875
2226	0.875
2227	0.875
2228	0.875
2229	0.875
2230	0.875
2231	0.875
2232	0.875
2233	0.875
2234	0.875
2235	0.875
2236	0.875
2237	0.875
2238	0.875
2239	0.875
2240	0.875
2241	0.875
2242	0.875
2243	0.875
2244	0.875
2245	0.875
2246	0.875
2247	0.875
2248	0.875
2249	0.875
2250	0.875
2251	0.875
2252	0.875
2253	0.875
2254	0.875
2255	0.875
2256	0.875
2257	0.875
2258	0.875
2259	0.875
2260	0.875
2261	0.875
2262	0.875
2263	0.875
2264	0.875
2265	0.875
2266	0.875
2267	0.875
2268	0.875
2269	0.875
2270	0.875
2271	0.875
2272	0.875
2273	0.875
2274	0.875
2275	0.875
2276	0.875
2277	0.875
2278	0.875
2279	0.875
2280	0.875
2281	0.875
2282	0.875
2283	0.875
2284	0.875
2285	0.875
2286	0.875
2287	0.875
2288	0.875
2289	0.875
2290	0.875
2291	0.875
2292	0.875
2293	0.875
2294	0.875
2295	0.875
2296	0.875
2297	0.875
2298	0.875
2299	0.875
2300	0.875
2301	0.875
2302	0.875
2303	0.875
2304	0.875
2305	0.875
2306	0.875
2307	0.875
2308	0.875
2309	0.875
2310	0.875
2311	0.875
2312	0.875
2313	0.875
2314	0.875
2315	0.875
2316	0.875
2317	0.875
2318	0.875
2319	0.875
2320	0.875
2321	0.875
2322	0.875
2323	0.875
2324	0.875
2325	0.875
2326	0.875
2327	0.875
2328	0.875
2329	0.875
2330	0.875
2331	0.875
2332	0.875
2333	0.875
2334	0.875
2335	0.875
2336	0.875
2337	0.875
2338	0.875
2339	0.875
2340	0.875
2341	0.875
2342	0.875
2343	0.875
2344	0.875
2345	0.875
2346	0.875
2347	0.875
2348	0.875
2349	0.875
2350	0.875
2351	0.875
2352	0.875
2353	0.875
2354	0.875
2355	0.875
2356	0.875
2357	0.875
2358	0.875
2359	0.875
2360	0.875
2361	0.875
2362	0.875
2363	0.875
2364	0.875
2365	0.875
2366	0.875
2367	0.875
2368	0.875
2369	0.875
2370	0.875
2371	0.875
2372	0.875
2373	0.875
2374	0.875
2375	0.875
2376	0.875
2377	0.875
2378	0.875
2379	0.875
2380	0.875
2381	0.875
2382	0.875
2383	0.875
2384	0.875
2385	0.875
2386	0.875
2387	0.875
2388	0.875
2389	0.875
2390	0.875
2391	0.875
2392	0.875
2393	0.875
2394	0.875
2395	0.875
2396	0.875
2397	0.875
2398	0.875
2399	0.875
2400	0.875
2401	0.875
2402	0.875
2403	0.875
2404	0.875
2405	0.875
2406	0.875
2407	0.875
2408	0.875
2409	0.875
2410	0.875
2411	0.875
2412	0.875
2413	0.875
2414	0.875
2415	0.875
2416	0.875
2417	0.875
2418	0.875
2419	0.875
2420	0.875
2421	0.875
2422	0.875
2423	0.875
2424	0.875
2425	0.875
2426	0.875
2427	0.875
2428	0.875
2429	0.875
2430	0.875
2431	0.875
2432	0.875
2433	0.875
2434	0.875
2435	0.875
2436	0.875
2437	0.875
2438	0.875
2439	0.875
2440	0.875
2441	0.875
2442	0.875
2443	0.875
2444	0.875
2445	0.875
2446	0.875
2447	0.875
2448	0.875
2449	0.875
2450	0.875
2451	0.875
2452	0.875
2453	0.875
2454	0.875
2455	0.875
2456	0.875
2457	0.875
2458	0.875
2459	0.875
2460	0.875
2461	0.875
2462	0.875
2463	0.875
2464	0.875
2465	0.875
2466	0.875
2467	0.875
2468	0.875
2469	0.875
2470	0.875
2471	0.875
2472	0.875
2473	0.875
2474	0.875
2475	0.875
2476	0.875
2477	0.875
2478	0.875
2479	0.875
2480	0.875
2481	0.875
2482	0.875
2483	0.875
2484	0.875
2485	0.875
2486	0.875
2487	0.875
2488	0.875
2489	0.875
2490	0.875
2491	0.875
2492	0.875
2493	0.875
2494	0.875
2495	0.875
2496	0.875
2497	0.875
2498	0.875
2499	0.875
2500	0.875
2501	0.875
2502	0.875
2503	0.875
2504	0.875
2505	0.875
2506	0.875
2507	0.875
2508	0.875
2509	0.875
2510	0.875
2511	0.875
2512	0.875
2513	0.875
2514	0.875
2515	0.875
2516	0.875
2517	0.875
2518	0.875
2519	0.875
2520	0.875
2521	0.875
2522	0.875
2523	0.875
2524	0.875
2525	0.875
2526	0.875
2527	0.875
2528	0.875
2529	0.875
2530	0.875
2531	0.875
2532	0.875
2533	0.875
2534	0.875
2535	0.875
2536	0.875
2537	0.875
2538	0.875
2539	0.875
2540	0.875
2541	0.875
2542	0.875
2543	0.875
2544	0.875
2545	0.875
2546	0.875
2547	0.875
2548	0.875
2549	0.875
2550	0.875
2551	0.875
2552	0.875
2553	0.875
2554	0.875
2555	0.875
2556	0.875
2557	0.875
2558	0.875
2559	0.875
2560	0.875
2561	0.875
2562	0.875
2563	0.875
2564	0.875
2565	0.875
2566	0.875
2567	0.875
2568	0.875
2569	0.875
2570	0.875
2571	0.875
2572	0.875
2573	0.875
2574	0.875
2575	0.875
2576	0.875
2577	0.875
2578	0.875
2579	0.875
2580	0.875
2581	0.875
2582	0.875
2583	0.875
2584	0.875
2585	0.875
2586	0.875
2587	0.875
2588	0.875
2589	0.875
2590	0.875
2591	0.875
2592	0.875
2593	0.875
2594	0.875
2595	0.875
2596	0.875
2597	0.875
2598	0.875
2599	0.875
2600	0.875
2601	0.875
2602	0.875
2603	0.875
2604	0.875
2605	0.875
2606	0.875
2607	0.875
2608	0.875
2609	0.875
2610	0.875
2611	0.875
2612	0.875
2613	0.875
2614	0.875
2615	0.875
2616	0.875
2617	0.875
2618	0.875
2619	0.875
2620	0.875
2621	0.875
2622	0.875
2623	0.875
2624	0.875
2625	0.875
2626	0.875
2627	0.875
2628	0.875
2629	0.875
2630	0.875
2631	0.875
2632	0.875
2633	0.875
2634	0.875
2635	0.875
2636	0.875
2637	0.875
2638	0.875
2639	0.875
2640	0.875
2641	0.875
2642	0.875
2643	0.875
2644	0.875
2645	0.875
2646	0.875
2647	0.875
2648	0.875
2649	0.875
2650	0.875
2651	0.875
2652	0.875
2653	0.875
2654	0.875
2655	0.875
2656	0.875
2657	0.875
2658	0.875
2659	0.875
2660	0.875
2661	0.875
2662	0.875
2663	0.875
2664	0.875
2665	0.875
2666	0.875
2667	0.875
2668	0.875
2669	0.875
2670	0.875
2671	0.875
2672	0.875
2673	0.875
2674	0.875
2675	0.875
2676	0.875
2677	0.875
2678	0.875
2679	0.875
2680	0.875
2681	0.875
2682	0.875
2683	0.875
2684	0.875
2685	0.875
2686	0.875
2687	0.875
2688	0.875
2689	0.875
2690	0.875
2691	0.875
2692	0.875
2693	0.875
2694	0.875
2695	0.875
2696	0.875
2697	0.875
2698	0.875
2699	0.875
2700	0.875
2701	0.875
2702	0.875
2703	0.875
2704	0.875
2705	0.875
2706	0.875
2707	0.875
2708	0.875
2709	0.875
2710	0.875
2711	0.875
2712	0.875
2713	0.875
2714	0.875
2715	0.875
2716	0.875
2717	0.875
2718	0.875
2719	0.875
2720	0.875
2721	0.875
2722	0.875
2723	0.875
2724	0.875
2725	0.875
2726	0.875
2727	0.875
2728	0.875
2729	0.875
2730	0.875
2731	0.875
2732	0.875
2733	0.875
2734	0.875
2735	0.875
2736	0.875
2737	0.875
2738	0.875
2739	0.875
2740	0.875
2741	0.875
2742	0.875
2743	0.875
2744	0.875
2745	0.875
2746	0.875
2747	0.875
2748	0.875
2749	0.875
2750	0.875
2751	0.875
2752	0.875
2753	0.875
2754	0.875
2755	0.875
2756	0.875
2757	0.875
2758	0.875
2759	0.875
2760	0.875
2761	0.875
2762	0.875
2763	0.875
2764	0.875
2765	0.875
2766	0.875
2767	0.875
2768	0.875
2769	0.875
2770	0.875
2771	0.875
2772	0.875
2773	0.875
2774	0.875
2775	0.875
2776	0.875
2777	0.875
2778	0.875
2779	0.875
2780	0.875
2781	0.875
2782	0.875
2783	0.875
2784	0.875
2785	0.875
2786	0.875
2787	0.875
2788	0.875
2789	0.875
2790	0.875
2791	0.875
2792	0.875
2793	0.875
2794	0.875
2795	0.875
2796	0.875
2797	0.875
2798	0.875
2799	0.875
2800	0.875
2801	0.875
2802	0.875
2803	0.875
2804	0.875
2805	0.875
2806	0.875
2807	0.875
2808	0.875
2809	0.875
2810	0.875
2811	0.875
2812	0.875
2813	0.875
2814	0.875
2815	0.875
2816	0.875
2817	0.875
2818	0.875
2819	0.875
2820	0.875
2821	0.875
2822	0.875
2823	0.875
2824	0.875
2825	0.875
2826	0.875
2827	0.875
2828	0.875
2829	0.875
2830	0.875
2831	0.875
2832	0.875
2833	0.875
2834	0.875
2835	0.875
2836	0.875
2837	0.875
2838	0.875
2839	0.875
2840	0.875
2841	0.875
2842	0.875
2843	0.875
2844	0.875
2845	0.875
2846	0.875
2847	0.875
2848	0.875
2849	0.875
2850	0.875
2851	0.875
2852	0.875
2853	0.875
2854	0.875
2855	0.875
2856	0.875
2857	0.875
2858	0.875
2859	0.875
2860	0.875
2861	0.875
2862	0.875
2863	0.875
2864	0.875
2865	0.875
2866	0.875
2867	0.875
2868	0.875
2869	0.875
2870	0.875
2871	0.875
2872	0.875
2873	0.875
2874	0.875
2875	0.875
2876	0.875
2877	0.875
2878	0.875
2879	0.875
2880	0.875
2881	0.875
2882	0.875
2883	0.875
2884	0.875
2885	0.875
2886	0.875
2887	0.875
2888	0.875
2889	0.875
2890	0.875
2891	0.875
2892	0.875
2893	0.875
2894	0.875
2895	0.875
2896	0.875
2897	0.875
2898	0.875
2899	0.875
2900	0.875
2901	0.875
2902	0.875
2903	0.875
2904	0.875
2905	0.875
2906	0.875
2907	0.875
2908	0.875
2909	0.875
2910	0.875
2911	0.875
2912	0.875
2913	0.875
2914	0.875
2915	0.875
2916	0.875
2917	0.875
2918	0.875
2919	0.875
2920	0.875
2921	0.875
2922	0.875
2923	0.875
2924	0.875
2925	0.875
2926	0.875
2927	0.875
2928	0.875
2929	0.875
2930	0.875
2931	0.875
2932	0.875
2933	0.875
2934	0.875
2935	0.875
2936	0.875
2937	0.875
2938	0.875
2939	0.875
2940	0.875
2941	0.875
2942	0.875
2943	0.875
2944	0.875
2945	0.875
2946	0.875
2947	0.875
2948	0.875
2949	0.875
2950	0.875
2951	0.875
2952	0.875
2953	0.875
2954	0.875
2955	0.875
2956	0.875
2957	0.875
2958	0.875
2959	0.875
2960	0.875
2961	0.875
2962	0.875
2963	0.875
2964	0.875
2965	0.875
2966	0.875
2967	0.875
2968	0.875
2969	0.875
2970	0.875
2971	0.875
2972	0.875
2973	0.875
2974	0.875
2975	0.875
2976	0.875
2977	0.875
2978	0.875
2979	0.875
2980	0.875
2981	0.875
2982	0.875
2983	0.875
2984	0.875
2985	0.875
2986	0.875
2987	0.875
2988	0.875
2989	0.875
2990	0.875
2991	0.875
2992	0.875
2993	0.875
2994	0.875
2995	0.875
2996	0.875
2997	0.875
2998	0.875
2999	0.875
3000	0.875
3001	0.875
3002	0.875
3003	0.875
3004	0.875
3005	0.875
3006	0.875
3007	0.875
3008	0.875
3009	0.875
3010	0.875
3011	0.875
3012	0.875
3013	0.875
3014	0.875
3015	0.875
3016	0.875
3017	0.875
3018	0.875
3019	0.875
3020	0.875
3021	0.875
3022	0.875
3023	0.875
3024	0.875
3025	0.875
3026	0.875
3027	0.875
3028	0.875
3029	0.875
3030	0.875
3031	0.875
3032	0.875
3033	0.875
3034	0.875
3035	0.875
3036	0.875
3037	0.875
3038	0.875
3039	0.875
3040	0.875
3041	0.875
3042	0.875
3043	0.875
3044	0.875
3045	0.875
3046	0.875
3047	0.875
3048	0.875
3049	0.875
3050	0.875
3051	0.875
3052	0.875
3053	0.875
3054	0.875
3055	0.875
3056	0.875
3057	0.875
3058	0.875
3059	0.875
3060	0.875
3061	0.875
3062	0.875
3063	0.875
3064	0.875
3065	0.875
3066	0.875
3067	0.875
3068	0.875
3069	0.875
3070	0.875
3071	0.875
3072	0.875
3073	0.875
3074	0.875
3075	0.875
3076	0.875
3077	0.875
3078	0.875
3079	0.875
3080	0.875
3081	0.875
3082	0.875
3083	0.875
3084	0.875
3085	0.875
3086	0.875
3087	0.875
3088	0.875
3089	0.875
3090	0.875
3091	0.875
3092	0.875
3093	0.875
3094	0.875
3095	0.875
3096	0.875
3097	0.875
3098	0.875
3099	0.875
3100	0.875
3101	0.875
3102	0.875
3103	0.875
3104	0.875
3105	0.875
3106	0.875
3107	0.875
3108	0.875
3109	0.875
3110	0.875
3111	0.875
3112	0.875
3113	0.875
3114	0.875
3115	0.875
3116	0.875
3117	0.875
3118	0.875
3119	0.875
3120	0.875
3121	0.875
3122	0.875
3123	0.875
3124	0.875
3125	0.875
3126	0.875
3127	0.875
3128	0.875
3129	0.875
3130	0.875
3131	0.875
3132	0.875
3133	0.875
3134	0.875
3135	0.875
3136	0.875
3137	0.875
3138	0.875
3139	0.875
3140	0.875
3141	0.875
3142	0.875
3143	0.875
3144	0.875
3145	0.875
3146	0.875
3147	0.875
3148	0.875
3149	0.875
3150	0.875
3151	0.875
3152	0.875
3153	0.875
3154	0.875
3155	0.875
3156	0.875
3157	0.875
3158	0.875
3159	0.875
3160	0.875
3161	0.875
3162	0.875
3163	0.875
3164	0.875
3165	0.875
3166	0.875
3167	0.875
3168	0.875
3169	0.875
3170	0.875
3171	0.875
3172	0.875
3173	0.875
3174	0.875
3175	0.875
3176	0.875
3177	0.875
3178	0.875
3179	0.875
3180	0.875
3181	0.875
3182	0.875
3183	0.875
3184	0.875
3185	0.875
3186	0.875
3187	0.875
3188	0.875
3189	0.875
3190	0.875
3191	0.875
3192	0.875
3193	0.875
3194	0.875
3195	0.875
3196	0.875
3197	0.875
3198	0.875
3199	0.875
3200	0.875
3201	0.875
3202	0.875
3203	0.875
3204	0.875
3205	0.875
3206	0.875
3207	0.875
3208	0.875
3209	0.875
3210	0.875
3211	0.875
3212	0.875
3213	0.875
3214	0.875
3215	0.875
3216	0.875
3217	0.875
3218	0.875
3219	0.875
3220	0.875
3221	0.875
3222	0.875
3223	0.875
3224	0.875
3225	0.875
3226	0.875
3227	0.875
3228	0.875
3229	0.875
3230	0.875
3231	0.875
3232	0.875
3233	0.875
3234	0.875
3235	0.875
3236	0.875
3237	0.875
3238	0.875
3239	0.875
3240	0.875
3241	0.875
3242	0.875
3243	0.875
3244	0.875
3245	0.875
3246	0.875
3247	0.875
3248	0.875
3249	0.875
3250	0.875
3251	0.875
3252	0.875
3253	0.875
3254	0.875
3255	0.875
3256	0.875
3257	0.875
3258	0.875
3259	0.875
3260	0.875
3261	0.875
3262	0.875
3263	0.875
3264	0.875
3265	0.875
3266	0.875
3267	0.875
3268	0.875
3269	0.875
3270	0.875
3271	0.875
3272	0.875
3273	0.875
3274	0.875
3275	0.875
3276	0.875
3277	0.875
3278	0.875
3279	0.875
3280	0.875
3281	0.875
3282	0.875
3283	0.875
3284	0.875
3285	0.875
3286	0.875
3287	0.875
3288	0.875
3289	0.875
3290	0.875
3291	0.875
3292	0.875
3293	0.875
3294	0.875
3295	0.875
3296	0.875
3297	0.875
3298	0.875
3299	0.875
3300	0.875
3301	0.875
3302	0.875
3303	0.875
3304	0.875
3305	0.875
3306	0.875
3307	0.875
3308	0.875
3309	0.875
3310	0.875
3311	0.875
3312	0.875
3313	0.875
3314	0.875
3315	0.875
3316	0.875
3317	0.875
3318	0.875
3319	0.875
3320	0.875
3321	0.875
3322	0.875
3323	0.875
3324	0.875
3325	0.875
3326	0.875
3327	0.875
3328	0.875
3329	0.875
3330	0.875
3331	0.875
3332	0.875
3333	0.875
3334	0.875
3335	0.875
3336	0.875
3337	0.875
3338	0.875
3339	0.875
3340	0.875
3341	0.875
3342	0.875
3343	0.875
3344	0.875
3345	0.875
3346	0.875
3347	0.9375
3348	0.9375
3349	0.9375
3350	0.9375
3351	0.9375
3352	0.9375
3353	0.9375
3354	0.9375
3355	0.9375
3356	0.9375
3357	0.9375
3358	0.9375
3359	0.9375
3360	0.9375
3361	0.9375
3362	0.9375
3363	0.9375
3364	0.9375
3365	0.9375
3366	1
## No. organisms: 20
## Seeds        : 1502477980, 22853
## Runtime      : 0h 1m 27s.
## Started at   : Sun Aug 30 12:26:31 2020
## Ended at     : Sun Aug 30 12:27:58 2020
