1	0.5
2	0.5
3	0.5
4	0.515625
5	0.515625
6	0.53125
7	0.546875
8	0.546875
9	0.546875
10	0.546875
11	0.546875
12	0.578125
13	0.578125
14	0.578125
15	0.578125
16	0.578125
17	0.578125
18	0.59375
19	0.59375
20	0.59375
21	0.59375
22	0.59375
23	0.59375
24	0.59375
25	0.59375
26	0.59375
27	0.59375
28	0.59375
29	0.59375
30	0.59375
31	0.59375
32	0.59375
33	0.59375
34	0.59375
35	0.59375
36	0.59375
37	0.59375
38	0.59375
39	0.59375
40	0.59375
41	0.59375
42	0.59375
43	0.59375
44	0.59375
45	0.59375
46	0.59375
47	0.59375
48	0.59375
49	0.59375
50	0.59375
51	0.59375
52	0.59375
53	0.59375
54	0.59375
55	0.59375
56	0.59375
57	0.59375
58	0.59375
59	0.59375
60	0.59375
61	0.59375
62	0.59375
63	0.59375
64	0.59375
65	0.59375
66	0.59375
67	0.59375
68	0.59375
69	0.59375
70	0.59375
71	0.59375
72	0.59375
73	0.59375
74	0.59375
75	0.625
76	0.625
77	0.625
78	0.625
79	0.625
80	0.625
81	0.625
82	0.625
83	0.625
84	0.625
85	0.625
86	0.625
87	0.625
88	0.625
89	0.625
90	0.625
91	0.625
92	0.65625
93	0.65625
94	0.65625
95	0.65625
96	0.65625
97	0.65625
98	0.65625
99	0.65625
100	0.65625
101	0.65625
102	0.65625
103	0.65625
104	0.65625
105	0.65625
106	0.75
107	0.75
108	0.75
109	0.75
110	0.75
111	0.75
112	0.75
113	0.75
114	0.75
115	0.75
116	0.75
117	0.75
118	0.75
119	0.75
120	0.75
121	0.75
122	0.75
123	0.75
124	0.75
125	0.75
126	0.75
127	0.75
128	0.75
129	0.75
130	0.75
131	0.75
132	0.75
133	0.75
134	0.75
135	0.75
136	0.75
137	0.75
138	0.75
139	0.75
140	0.75
141	0.75
142	0.75
143	0.75
144	0.75
145	0.75
146	0.75
147	0.75
148	0.75
149	0.75
150	0.75
151	0.75
152	0.75
153	0.75
154	0.75
155	0.75
156	0.75
157	0.75
158	0.75
159	0.75
160	0.75
161	0.75
162	0.75
163	0.75
164	0.75
165	0.75
166	0.75
167	0.75
168	0.75
169	0.75
170	0.75
171	0.75
172	0.75
173	0.75
174	0.75
175	0.75
176	0.75
177	0.75
178	0.75
179	0.75
180	0.75
181	0.75
182	0.75
183	0.75
184	0.75
185	0.75
186	0.75
187	0.75
188	0.75
189	0.75
190	0.75
191	0.75
192	0.75
193	0.75
194	0.8125
195	0.8125
196	0.8125
197	0.8125
198	0.8125
199	0.8125
200	0.8125
201	0.8125
202	0.8125
203	0.8125
204	0.8125
205	0.8125
206	0.8125
207	0.8125
208	0.8125
209	0.8125
210	0.8125
211	0.8125
212	0.8125
213	0.8125
214	0.8125
215	0.8125
216	0.8125
217	0.8125
218	0.8125
219	0.8125
220	0.8125
221	0.8125
222	0.8125
223	0.8125
224	0.8125
225	0.8125
226	0.8125
227	0.8125
228	0.8125
229	0.8125
230	0.8125
231	0.8125
232	0.8125
233	0.8125
234	0.8125
235	0.8125
236	0.8125
237	0.8125
238	0.8125
239	0.8125
240	0.8125
241	0.8125
242	0.8125
243	0.8125
244	0.8125
245	0.8125
246	0.8125
247	0.8125
248	0.8125
249	0.8125
250	0.8125
251	0.8125
252	0.8125
253	0.8125
254	0.8125
255	0.8125
256	0.8125
257	0.8125
258	0.8125
259	0.8125
260	0.8125
261	0.8125
262	0.8125
263	0.8125
264	0.8125
265	0.8125
266	0.8125
267	0.8125
268	0.8125
269	0.8125
270	0.8125
271	0.8125
272	0.8125
273	0.8125
274	0.8125
275	0.8125
276	0.8125
277	0.8125
278	0.8125
279	0.8125
280	0.8125
281	0.8125
282	0.8125
283	0.8125
284	0.8125
285	0.8125
286	0.8125
287	0.8125
288	0.8125
289	0.8125
290	0.8125
291	0.8125
292	0.8125
293	0.8125
294	0.8125
295	0.8125
296	0.8125
297	0.8125
298	0.8125
299	0.8125
300	0.8125
301	0.8125
302	0.8125
303	0.8125
304	0.8125
305	0.8125
306	0.8125
307	0.8125
308	0.8125
309	0.8125
310	0.8125
311	0.8125
312	0.8125
313	0.8125
314	0.8125
315	0.8125
316	0.8125
317	0.8125
318	0.8125
319	0.8125
320	0.8125
321	0.8125
322	0.8125
323	0.8125
324	0.8125
325	0.8125
326	0.8125
327	0.8125
328	0.8125
329	0.8125
330	0.8125
331	0.8125
332	0.8125
333	0.8125
334	0.8125
335	0.8125
336	0.8125
337	0.8125
338	0.8125
339	0.8125
340	0.8125
341	0.8125
342	0.8125
343	0.8125
344	0.8125
345	0.8125
346	0.8125
347	0.8125
348	0.8125
349	0.8125
350	0.8125
351	0.8125
352	0.8125
353	0.8125
354	0.8125
355	0.8125
356	0.8125
357	0.8125
358	0.8125
359	0.8125
360	0.8125
361	0.8125
362	0.8125
363	0.8125
364	0.8125
365	0.8125
366	0.8125
367	0.8125
368	0.8125
369	0.8125
370	0.8125
371	0.8125
372	0.8125
373	0.8125
374	0.8125
375	0.8125
376	0.8125
377	0.8125
378	0.8125
379	0.8125
380	0.8125
381	0.8125
382	0.8125
383	0.8125
384	0.8125
385	0.8125
386	0.8125
387	0.8125
388	0.8125
389	0.8125
390	0.8125
391	0.8125
392	0.8125
393	0.8125
394	0.8125
395	0.8125
396	0.8125
397	0.8125
398	0.8125
399	0.8125
400	0.8125
401	0.8125
402	0.8125
403	0.8125
404	0.8125
405	0.8125
406	0.8125
407	0.8125
408	0.8125
409	0.8125
410	0.8125
411	0.8125
412	0.8125
413	0.8125
414	0.8125
415	0.8125
416	0.8125
417	0.8125
418	0.8125
419	0.8125
420	0.8125
421	0.8125
422	0.8125
423	0.8125
424	0.8125
425	0.8125
426	0.8125
427	0.8125
428	0.8125
429	0.8125
430	0.8125
431	0.8125
432	0.8125
433	0.8125
434	0.8125
435	0.8125
436	0.8125
437	0.8125
438	0.8125
439	0.8125
440	0.8125
441	0.8125
442	0.8125
443	0.8125
444	0.8125
445	0.8125
446	0.8125
447	0.8125
448	0.8125
449	0.8125
450	0.8125
451	0.8125
452	0.8125
453	0.8125
454	0.8125
455	0.8125
456	0.8125
457	0.8125
458	0.8125
459	0.8125
460	0.8125
461	0.8125
462	0.8125
463	0.8125
464	0.8125
465	0.8125
466	0.8125
467	0.8125
468	0.8125
469	0.8125
470	0.8125
471	0.8125
472	0.8125
473	0.8125
474	0.8125
475	0.8125
476	0.8125
477	0.8125
478	0.8125
479	0.8125
480	0.8125
481	0.8125
482	0.8125
483	0.8125
484	0.8125
485	0.8125
486	0.8125
487	0.8125
488	0.8125
489	0.8125
490	0.8125
491	0.8125
492	0.8125
493	0.8125
494	0.8125
495	0.8125
496	0.8125
497	0.8125
498	0.8125
499	0.8125
500	0.8125
501	0.8125
502	0.8125
503	0.8125
504	0.8125
505	0.8125
506	0.8125
507	0.8125
508	0.8125
509	0.8125
510	0.8125
511	0.8125
512	0.8125
513	0.8125
514	0.8125
515	0.8125
516	0.8125
517	0.8125
518	0.8125
519	0.8125
520	0.8125
521	0.8125
522	0.8125
523	0.8125
524	0.8125
525	0.8125
526	0.8125
527	0.8125
528	0.8125
529	0.8125
530	0.8125
531	0.8125
532	0.8125
533	0.8125
534	0.8125
535	0.8125
536	0.8125
537	0.8125
538	0.8125
539	0.8125
540	0.8125
541	0.8125
542	0.8125
543	0.8125
544	0.8125
545	0.8125
546	0.8125
547	0.8125
548	0.8125
549	0.8125
550	0.8125
551	0.8125
552	0.8125
553	0.8125
554	0.8125
555	0.8125
556	0.8125
557	0.8125
558	0.8125
559	0.8125
560	0.8125
561	0.8125
562	0.8125
563	0.8125
564	0.8125
565	0.8125
566	0.8125
567	0.8125
568	0.8125
569	0.8125
570	0.8125
571	0.8125
572	0.8125
573	0.8125
574	0.8125
575	0.8125
576	0.8125
577	0.8125
578	0.8125
579	0.8125
580	0.8125
581	0.8125
582	0.8125
583	0.8125
584	0.8125
585	0.8125
586	0.8125
587	0.8125
588	0.8125
589	0.8125
590	0.8125
591	0.8125
592	0.8125
593	0.8125
594	0.8125
595	0.8125
596	0.8125
597	0.8125
598	0.8125
599	0.8125
600	0.8125
601	0.8125
602	0.8125
603	0.8125
604	0.8125
605	0.8125
606	0.8125
607	0.8125
608	0.8125
609	0.8125
610	0.8125
611	0.8125
612	0.8125
613	0.8125
614	0.8125
615	0.8125
616	0.8125
617	0.8125
618	0.8125
619	0.8125
620	0.8125
621	0.8125
622	0.8125
623	0.8125
624	0.8125
625	0.8125
626	0.8125
627	0.8125
628	0.8125
629	0.8125
630	0.8125
631	0.8125
632	0.8125
633	0.8125
634	0.8125
635	0.8125
636	0.8125
637	0.8125
638	0.8125
639	0.8125
640	0.8125
641	0.8125
642	0.8125
643	0.8125
644	0.8125
645	0.8125
646	0.8125
647	0.8125
648	0.8125
649	0.8125
650	0.8125
651	0.8125
652	0.8125
653	0.8125
654	0.8125
655	0.8125
656	0.8125
657	0.8125
658	0.8125
659	0.8125
660	0.8125
661	0.8125
662	0.8125
663	0.8125
664	0.8125
665	0.8125
666	0.8125
667	0.8125
668	0.8125
669	0.8125
670	0.8125
671	0.8125
672	0.8125
673	0.8125
674	0.8125
675	0.8125
676	0.8125
677	0.8125
678	0.8125
679	0.8125
680	0.8125
681	0.8125
682	0.8125
683	0.8125
684	0.8125
685	0.8125
686	0.8125
687	0.8125
688	0.8125
689	0.8125
690	0.8125
691	0.8125
692	0.8125
693	0.8125
694	0.8125
695	0.8125
696	0.8125
697	0.8125
698	0.8125
699	0.8125
700	0.8125
701	0.8125
702	0.8125
703	0.8125
704	0.8125
705	0.8125
706	0.8125
707	0.8125
708	0.8125
709	0.8125
710	0.8125
711	0.8125
712	0.8125
713	0.8125
714	0.8125
715	0.8125
716	0.8125
717	0.8125
718	0.8125
719	0.8125
720	0.8125
721	0.8125
722	0.8125
723	0.8125
724	0.8125
725	0.8125
726	0.8125
727	0.8125
728	0.8125
729	0.8125
730	0.8125
731	0.8125
732	0.8125
733	0.8125
734	0.8125
735	0.8125
736	0.8125
737	0.8125
738	0.8125
739	0.8125
740	0.8125
741	0.8125
742	0.8125
743	0.8125
744	0.8125
745	0.8125
746	0.8125
747	0.8125
748	0.8125
749	0.8125
750	0.8125
751	0.8125
752	0.8125
753	0.8125
754	0.8125
755	0.8125
756	0.8125
757	0.8125
758	0.8125
759	0.8125
760	0.8125
761	0.8125
762	0.8125
763	0.8125
764	0.8125
765	0.8125
766	0.8125
767	0.8125
768	0.8125
769	0.8125
770	0.8125
771	0.8125
772	0.8125
773	0.8125
774	0.8125
775	0.8125
776	0.8125
777	0.8125
778	0.8125
779	0.8125
780	0.8125
781	0.8125
782	0.8125
783	0.8125
784	0.8125
785	0.8125
786	0.8125
787	0.8125
788	0.8125
789	0.8125
790	0.8125
791	0.8125
792	0.8125
793	0.8125
794	0.8125
795	0.8125
796	0.8125
797	0.8125
798	0.8125
799	0.8125
800	0.8125
801	0.8125
802	0.8125
803	0.8125
804	0.8125
805	0.8125
806	0.8125
807	0.8125
808	0.8125
809	0.8125
810	0.8125
811	0.8125
812	0.8125
813	0.8125
814	0.8125
815	0.8125
816	0.8125
817	0.8125
818	0.8125
819	0.8125
820	0.8125
821	0.8125
822	0.8125
823	0.8125
824	0.8125
825	0.8125
826	0.8125
827	0.8125
828	0.8125
829	0.8125
830	0.8125
831	0.8125
832	0.8125
833	0.8125
834	0.8125
835	0.8125
836	0.8125
837	0.8125
838	0.8125
839	0.8125
840	0.8125
841	0.8125
842	0.8125
843	0.8125
844	0.8125
845	0.8125
846	0.8125
847	0.8125
848	0.8125
849	0.8125
850	0.8125
851	0.8125
852	0.8125
853	0.8125
854	0.8125
855	0.8125
856	0.8125
857	0.8125
858	0.8125
859	0.8125
860	0.8125
861	0.8125
862	0.8125
863	0.8125
864	0.8125
865	0.8125
866	0.8125
867	0.8125
868	0.8125
869	0.8125
870	0.8125
871	0.8125
872	0.8125
873	0.8125
874	0.8125
875	0.8125
876	0.8125
877	0.8125
878	0.8125
879	0.8125
880	0.8125
881	0.8125
882	0.8125
883	0.8125
884	0.8125
885	0.8125
886	0.8125
887	0.8125
888	0.8125
889	0.8125
890	0.8125
891	0.8125
892	0.8125
893	0.8125
894	0.8125
895	0.8125
896	0.8125
897	0.8125
898	0.8125
899	0.8125
900	0.8125
901	0.8125
902	0.8125
903	0.8125
904	0.8125
905	0.8125
906	0.8125
907	0.8125
908	0.8125
909	0.8125
910	0.8125
911	0.8125
912	0.8125
913	0.8125
914	0.8125
915	0.8125
916	0.8125
917	0.8125
918	0.8125
919	0.8125
920	0.8125
921	0.8125
922	0.8125
923	0.8125
924	0.8125
925	0.8125
926	0.8125
927	0.8125
928	0.8125
929	0.8125
930	0.8125
931	0.8125
932	0.8125
933	0.8125
934	0.8125
935	0.8125
936	0.8125
937	0.8125
938	0.8125
939	0.8125
940	0.8125
941	0.8125
942	0.8125
943	0.8125
944	0.8125
945	0.8125
946	0.8125
947	0.8125
948	0.8125
949	0.8125
950	0.8125
951	0.8125
952	0.8125
953	0.8125
954	0.8125
955	0.8125
956	0.8125
957	0.8125
958	0.8125
959	0.8125
960	0.8125
961	0.8125
962	0.8125
963	0.8125
964	0.8125
965	0.8125
966	0.8125
967	0.8125
968	0.8125
969	0.8125
970	0.8125
971	0.8125
972	0.8125
973	0.8125
974	0.8125
975	0.8125
976	0.8125
977	0.8125
978	0.8125
979	0.8125
980	0.8125
981	0.8125
982	0.8125
983	0.8125
984	0.8125
985	0.8125
986	0.8125
987	0.8125
988	0.8125
989	0.8125
990	0.8125
991	0.8125
992	0.8125
993	0.8125
994	0.8125
995	0.8125
996	0.8125
997	0.8125
998	0.8125
999	0.8125
1000	0.8125
1001	0.8125
1002	0.8125
1003	0.8125
1004	0.8125
1005	0.8125
1006	0.8125
1007	0.8125
1008	0.8125
1009	0.8125
1010	0.8125
1011	0.8125
1012	0.8125
1013	0.8125
1014	0.8125
1015	0.8125
1016	0.8125
1017	0.8125
1018	0.8125
1019	0.8125
1020	0.8125
1021	0.8125
1022	0.8125
1023	0.8125
1024	0.8125
1025	0.8125
1026	0.8125
1027	0.8125
1028	0.8125
1029	0.8125
1030	0.8125
1031	0.8125
1032	0.8125
1033	0.8125
1034	0.8125
1035	0.8125
1036	0.8125
1037	0.8125
1038	0.84375
1039	0.84375
1040	0.84375
1041	0.875
1042	0.875
1043	0.875
1044	0.875
1045	0.875
1046	0.875
1047	0.875
1048	0.875
1049	0.875
1050	0.90625
1051	0.90625
1052	0.90625
1053	0.90625
1054	0.90625
1055	0.90625
1056	0.90625
1057	0.90625
1058	0.90625
1059	0.90625
1060	0.90625
1061	0.90625
1062	0.90625
1063	0.90625
1064	0.90625
1065	0.90625
1066	0.90625
1067	0.90625
1068	0.90625
1069	0.90625
1070	0.90625
1071	0.90625
1072	0.90625
1073	0.90625
1074	0.90625
1075	0.90625
1076	0.90625
1077	0.90625
1078	0.90625
1079	0.90625
1080	0.90625
1081	0.90625
1082	0.90625
1083	0.90625
1084	0.90625
1085	0.90625
1086	0.90625
1087	0.90625
1088	0.90625
1089	0.90625
1090	0.90625
1091	0.90625
1092	0.90625
1093	0.90625
1094	0.90625
1095	0.90625
1096	0.90625
1097	0.90625
1098	0.90625
1099	0.90625
1100	0.90625
1101	0.90625
1102	0.90625
1103	0.90625
1104	0.90625
1105	0.90625
1106	0.90625
1107	0.90625
1108	0.90625
1109	0.90625
1110	0.90625
1111	0.90625
1112	0.90625
1113	0.90625
1114	0.90625
1115	0.90625
1116	0.90625
1117	0.90625
1118	0.90625
1119	0.90625
1120	0.90625
1121	0.90625
1122	0.90625
1123	0.90625
1124	0.90625
1125	0.90625
1126	0.90625
1127	0.90625
1128	0.90625
1129	0.90625
1130	0.90625
1131	0.90625
1132	0.90625
1133	0.90625
1134	0.90625
1135	0.90625
1136	0.90625
1137	0.90625
1138	0.90625
1139	0.90625
1140	0.90625
1141	0.90625
1142	0.90625
1143	0.90625
1144	0.90625
1145	0.90625
1146	0.90625
1147	0.9375
1148	0.9375
1149	0.9375
1150	0.9375
1151	0.9375
1152	0.9375
1153	0.9375
1154	0.9375
1155	0.9375
1156	0.9375
1157	0.9375
1158	0.9375
1159	0.9375
1160	0.9375
1161	0.9375
1162	0.9375
1163	0.9375
1164	0.9375
1165	0.9375
1166	0.9375
1167	0.9375
1168	0.9375
1169	0.9375
1170	0.9375
1171	0.9375
1172	0.9375
1173	0.9375
1174	0.9375
1175	0.9375
1176	0.9375
1177	0.9375
1178	0.9375
1179	0.9375
1180	0.9375
1181	0.9375
1182	0.9375
1183	0.9375
1184	0.9375
1185	0.9375
1186	0.9375
1187	0.9375
1188	0.9375
1189	0.9375
1190	0.9375
1191	0.9375
1192	0.9375
1193	0.9375
1194	0.9375
1195	0.9375
1196	0.9375
1197	0.9375
1198	0.9375
1199	0.9375
1200	0.9375
1201	0.9375
1202	0.9375
1203	0.9375
1204	0.9375
1205	0.9375
1206	0.9375
1207	0.9375
1208	0.9375
1209	0.9375
1210	0.9375
1211	0.9375
1212	0.9375
1213	0.9375
1214	0.9375
1215	0.9375
1216	0.9375
1217	0.9375
1218	0.9375
1219	0.9375
1220	0.9375
1221	0.9375
1222	0.9375
1223	0.9375
1224	0.9375
1225	0.9375
1226	0.9375
1227	0.9375
1228	0.9375
1229	0.9375
1230	0.9375
1231	0.9375
1232	0.9375
1233	0.9375
1234	0.9375
1235	0.9375
1236	0.9375
1237	0.9375
1238	0.9375
1239	0.9375
1240	0.9375
1241	0.9375
1242	0.9375
1243	0.9375
1244	0.9375
1245	0.9375
1246	0.9375
1247	0.9375
1248	0.9375
1249	0.9375
1250	0.9375
1251	0.9375
1252	0.9375
1253	0.9375
1254	0.9375
1255	0.9375
1256	0.9375
1257	0.9375
1258	0.9375
1259	0.9375
1260	0.9375
1261	0.9375
1262	0.9375
1263	0.9375
1264	0.9375
1265	0.9375
1266	0.9375
1267	0.9375
1268	0.9375
1269	0.9375
1270	0.9375
1271	0.9375
1272	0.9375
1273	0.9375
1274	0.9375
1275	0.9375
1276	0.9375
1277	0.9375
1278	0.9375
1279	0.9375
1280	0.9375
1281	0.9375
1282	0.9375
1283	0.9375
1284	0.9375
1285	0.9375
1286	0.9375
1287	0.9375
1288	0.9375
1289	0.9375
1290	0.9375
1291	0.9375
1292	0.9375
1293	0.9375
1294	0.9375
1295	0.9375
1296	0.9375
1297	0.9375
1298	0.9375
1299	0.9375
1300	0.9375
1301	0.9375
1302	0.9375
1303	0.9375
1304	0.9375
1305	0.9375
1306	0.9375
1307	0.9375
1308	0.9375
1309	0.9375
1310	0.9375
1311	0.9375
1312	0.9375
1313	0.9375
1314	0.9375
1315	0.9375
1316	0.9375
1317	0.9375
1318	0.9375
1319	0.9375
1320	0.9375
1321	0.9375
1322	0.9375
1323	0.9375
1324	0.9375
1325	0.9375
1326	0.9375
1327	0.9375
1328	0.9375
1329	0.9375
1330	0.9375
1331	0.9375
1332	0.9375
1333	0.9375
1334	0.9375
1335	0.9375
1336	0.9375
1337	0.9375
1338	0.9375
1339	0.9375
1340	0.9375
1341	0.9375
1342	0.9375
1343	0.9375
1344	0.9375
1345	0.9375
1346	0.9375
1347	0.9375
1348	0.9375
1349	0.9375
1350	0.9375
1351	0.9375
1352	0.9375
1353	0.9375
1354	0.9375
1355	0.9375
1356	0.9375
1357	0.9375
1358	0.9375
1359	0.9375
1360	0.9375
1361	0.9375
1362	0.9375
1363	0.9375
1364	0.9375
1365	0.9375
1366	0.9375
1367	0.9375
1368	0.9375
1369	0.9375
1370	0.9375
1371	0.9375
1372	0.9375
1373	0.9375
1374	0.9375
1375	0.9375
1376	0.9375
1377	0.9375
1378	0.9375
1379	0.9375
1380	0.9375
1381	0.9375
1382	0.9375
1383	0.9375
1384	0.9375
1385	0.9375
1386	0.9375
1387	0.9375
1388	0.9375
1389	0.9375
1390	0.9375
1391	0.9375
1392	0.9375
1393	0.9375
1394	0.9375
1395	0.9375
1396	0.9375
1397	0.9375
1398	0.9375
1399	0.9375
1400	0.9375
1401	0.9375
1402	0.9375
1403	0.9375
1404	0.9375
1405	0.9375
1406	0.9375
1407	0.9375
1408	0.9375
1409	0.9375
1410	0.9375
1411	0.9375
1412	0.9375
1413	0.9375
1414	0.9375
1415	0.9375
1416	0.9375
1417	0.9375
1418	0.9375
1419	0.9375
1420	0.9375
1421	0.9375
1422	0.9375
1423	0.9375
1424	0.9375
1425	0.9375
1426	0.9375
1427	0.9375
1428	0.9375
1429	0.9375
1430	0.9375
1431	0.9375
1432	0.9375
1433	0.9375
1434	0.9375
1435	0.9375
1436	0.9375
1437	0.9375
1438	0.9375
1439	0.9375
1440	0.9375
1441	0.9375
1442	0.9375
1443	0.9375
1444	0.9375
1445	0.9375
1446	0.9375
1447	0.9375
1448	0.9375
1449	0.9375
1450	0.9375
1451	0.9375
1452	0.9375
1453	0.9375
1454	0.9375
1455	0.9375
1456	0.9375
1457	0.9375
1458	0.9375
1459	0.9375
1460	0.9375
1461	0.9375
1462	0.9375
1463	0.9375
1464	0.9375
1465	0.9375
1466	0.9375
1467	0.9375
1468	0.9375
1469	0.9375
1470	0.9375
1471	0.9375
1472	0.9375
1473	0.9375
1474	0.9375
1475	0.9375
1476	0.9375
1477	0.9375
1478	0.9375
1479	0.9375
1480	0.9375
1481	0.9375
1482	0.9375
1483	0.9375
1484	0.9375
1485	0.9375
1486	0.9375
1487	0.9375
1488	0.9375
1489	0.9375
1490	0.9375
1491	0.9375
1492	0.9375
1493	0.9375
1494	0.9375
1495	0.9375
1496	0.9375
1497	0.9375
1498	0.9375
1499	0.9375
1500	0.9375
1501	0.9375
1502	0.9375
1503	0.9375
1504	0.9375
1505	0.9375
1506	0.9375
1507	0.9375
1508	0.9375
1509	0.9375
1510	0.9375
1511	0.9375
1512	0.9375
1513	0.9375
1514	0.9375
1515	0.9375
1516	0.9375
1517	0.9375
1518	0.9375
1519	0.9375
1520	0.9375
1521	0.9375
1522	0.9375
1523	0.9375
1524	0.9375
1525	0.9375
1526	0.9375
1527	0.9375
1528	0.9375
1529	0.9375
1530	0.9375
1531	0.9375
1532	0.9375
1533	0.9375
1534	0.9375
1535	0.9375
1536	0.9375
1537	0.9375
1538	0.9375
1539	0.9375
1540	0.9375
1541	0.9375
1542	0.9375
1543	0.9375
1544	0.9375
1545	1
## No. organisms: 20
## Seeds        : 1502477980, 22853
## Runtime      : 0h 0m 47s.
## Started at   : Sun Aug 30 12:25:37 2020
## Ended at     : Sun Aug 30 12:26:24 2020
