1	0.515625
2	0.53125
3	0.546875
4	0.546875
5	0.546875
6	0.546875
7	0.546875
8	0.5625
9	0.5625
10	0.5625
11	0.5625
12	0.5625
13	0.578125
14	0.578125
15	0.578125
16	0.59375
17	0.59375
18	0.59375
19	0.59375
20	0.59375
21	0.59375
22	0.59375
23	0.59375
24	0.59375
25	0.59375
26	0.59375
27	0.59375
28	0.59375
29	0.59375
30	0.59375
31	0.59375
32	0.59375
33	0.59375
34	0.59375
35	0.59375
36	0.59375
37	0.59375
38	0.59375
39	0.59375
40	0.59375
41	0.59375
42	0.59375
43	0.59375
44	0.59375
45	0.59375
46	0.59375
47	0.59375
48	0.59375
49	0.59375
50	0.59375
51	0.59375
52	0.59375
53	0.59375
54	0.59375
55	0.59375
56	0.59375
57	0.59375
58	0.59375
59	0.59375
60	0.59375
61	0.59375
62	0.59375
63	0.59375
64	0.59375
65	0.59375
66	0.59375
67	0.59375
68	0.59375
69	0.59375
70	0.59375
71	0.59375
72	0.59375
73	0.59375
74	0.59375
75	0.59375
76	0.59375
77	0.59375
78	0.59375
79	0.59375
80	0.59375
81	0.59375
82	0.59375
83	0.59375
84	0.59375
85	0.609375
86	0.609375
87	0.609375
88	0.609375
89	0.609375
90	0.609375
91	0.609375
92	0.609375
93	0.609375
94	0.609375
95	0.609375
96	0.609375
97	0.609375
98	0.609375
99	0.609375
100	0.609375
101	0.609375
102	0.609375
103	0.609375
104	0.609375
105	0.609375
106	0.609375
107	0.609375
108	0.609375
109	0.609375
110	0.609375
111	0.609375
112	0.609375
113	0.609375
114	0.609375
115	0.609375
116	0.609375
117	0.609375
118	0.609375
119	0.609375
120	0.609375
121	0.609375
122	0.609375
123	0.609375
124	0.609375
125	0.609375
126	0.609375
127	0.609375
128	0.609375
129	0.609375
130	0.609375
131	0.609375
132	0.609375
133	0.609375
134	0.609375
135	0.609375
136	0.609375
137	0.609375
138	0.609375
139	0.609375
140	0.609375
141	0.609375
142	0.609375
143	0.609375
144	0.609375
145	0.6875
146	0.6875
147	0.6875
148	0.6875
149	0.6875
150	0.6875
151	0.6875
152	0.6875
153	0.6875
154	0.6875
155	0.6875
156	0.6875
157	0.6875
158	0.6875
159	0.6875
160	0.6875
161	0.6875
162	0.6875
163	0.6875
164	0.6875
165	0.6875
166	0.6875
167	0.6875
168	0.6875
169	0.6875
170	0.6875
171	0.6875
172	0.6875
173	0.6875
174	0.6875
175	0.6875
176	0.6875
177	0.6875
178	0.6875
179	0.6875
180	0.6875
181	0.6875
182	0.6875
183	0.6875
184	0.6875
185	0.6875
186	0.6875
187	0.6875
188	0.6875
189	0.6875
190	0.6875
191	0.6875
192	0.6875
193	0.6875
194	0.6875
195	0.6875
196	0.6875
197	0.6875
198	0.6875
199	0.6875
200	0.6875
201	0.6875
202	0.6875
203	0.6875
204	0.6875
205	0.6875
206	0.6875
207	0.6875
208	0.6875
209	0.6875
210	0.6875
211	0.6875
212	0.6875
213	0.6875
214	0.6875
215	0.6875
216	0.6875
217	0.6875
218	0.6875
219	0.71875
220	0.71875
221	0.71875
222	0.71875
223	0.71875
224	0.71875
225	0.71875
226	0.71875
227	0.71875
228	0.71875
229	0.71875
230	0.71875
231	0.71875
232	0.71875
233	0.71875
234	0.71875
235	0.71875
236	0.71875
237	0.71875
238	0.71875
239	0.71875
240	0.71875
241	0.71875
242	0.71875
243	0.71875
244	0.71875
245	0.71875
246	0.71875
247	0.71875
248	0.71875
249	0.71875
250	0.71875
251	0.71875
252	0.71875
253	0.71875
254	0.71875
255	0.71875
256	0.71875
257	0.71875
258	0.71875
259	0.71875
260	0.71875
261	0.71875
262	0.71875
263	0.71875
264	0.71875
265	0.71875
266	0.71875
267	0.71875
268	0.71875
269	0.71875
270	0.71875
271	0.71875
272	0.71875
273	0.71875
274	0.71875
275	0.71875
276	0.71875
277	0.71875
278	0.71875
279	0.71875
280	0.71875
281	0.71875
282	0.71875
283	0.71875
284	0.71875
285	0.71875
286	0.71875
287	0.71875
288	0.71875
289	0.71875
290	0.71875
291	0.71875
292	0.71875
293	0.71875
294	0.71875
295	0.71875
296	0.71875
297	0.71875
298	0.75
299	0.75
300	0.75
301	0.75
302	0.75
303	0.75
304	0.75
305	0.75
306	0.75
307	0.75
308	0.75
309	0.75
310	0.75
311	0.75
312	0.75
313	0.75
314	0.75
315	0.75
316	0.75
317	0.75
318	0.75
319	0.75
320	0.75
321	0.75
322	0.75
323	0.75
324	0.75
325	0.75
326	0.75
327	0.75
328	0.75
329	0.75
330	0.75
331	0.75
332	0.75
333	0.75
334	0.75
335	0.75
336	0.75
337	0.75
338	0.75
339	0.75
340	0.75
341	0.75
342	0.75
343	0.78125
344	0.78125
345	0.78125
346	0.78125
347	0.78125
348	0.78125
349	0.78125
350	0.78125
351	0.78125
352	0.78125
353	0.78125
354	0.78125
355	0.78125
356	0.78125
357	0.78125
358	0.78125
359	0.78125
360	0.78125
361	0.78125
362	0.78125
363	0.78125
364	0.78125
365	0.78125
366	0.78125
367	0.78125
368	0.78125
369	0.78125
370	0.78125
371	0.78125
372	0.78125
373	0.78125
374	0.78125
375	0.78125
376	0.78125
377	0.78125
378	0.84375
379	0.84375
380	0.84375
381	0.84375
382	0.84375
383	0.84375
384	0.84375
385	0.84375
386	0.84375
387	0.84375
388	0.84375
389	0.84375
390	0.84375
391	0.84375
392	0.84375
393	0.84375
394	0.84375
395	0.84375
396	0.84375
397	0.84375
398	0.84375
399	0.84375
400	0.84375
401	0.84375
402	0.84375
403	0.84375
404	0.84375
405	0.84375
406	0.84375
407	0.84375
408	0.84375
409	0.84375
410	0.84375
411	0.84375
412	0.84375
413	0.84375
414	0.84375
415	0.84375
416	0.84375
417	0.84375
418	0.84375
419	0.84375
420	0.875
421	0.875
422	0.875
423	0.875
424	0.875
425	0.875
426	0.875
427	0.875
428	0.875
429	0.875
430	0.875
431	0.875
432	0.875
433	0.875
434	0.875
435	0.875
436	0.875
437	0.875
438	0.875
439	0.875
440	0.875
441	0.875
442	0.875
443	0.875
444	0.875
445	0.875
446	0.875
447	0.875
448	0.875
449	0.875
450	0.875
451	0.875
452	0.875
453	0.875
454	0.875
455	0.875
456	0.875
457	0.875
458	0.875
459	0.875
460	0.875
461	0.875
462	0.875
463	0.875
464	0.875
465	0.875
466	0.875
467	0.875
468	0.875
469	0.875
470	0.875
471	0.875
472	0.875
473	0.875
474	0.875
475	0.875
476	0.875
477	0.875
478	0.875
479	0.875
480	0.875
481	0.875
482	0.875
483	0.875
484	0.875
485	0.875
486	0.875
487	0.875
488	0.875
489	0.875
490	0.875
491	0.875
492	0.875
493	0.875
494	0.875
495	0.875
496	0.875
497	0.875
498	0.875
499	0.875
500	0.875
501	0.875
502	0.875
503	0.875
504	0.875
505	0.875
506	0.875
507	0.875
508	0.875
509	0.875
510	0.875
511	0.875
512	0.875
513	0.875
514	0.875
515	0.875
516	0.875
517	0.875
518	0.875
519	0.875
520	0.875
521	0.875
522	0.875
523	0.875
524	0.875
525	0.875
526	0.875
527	0.875
528	0.875
529	0.875
530	0.875
531	0.875
532	0.875
533	0.875
534	0.875
535	0.875
536	0.875
537	0.875
538	0.875
539	0.875
540	0.875
541	0.875
542	0.875
543	0.875
544	0.875
545	0.875
546	0.875
547	0.875
548	0.875
549	0.875
550	0.875
551	0.875
552	0.875
553	0.875
554	0.875
555	0.875
556	0.875
557	0.875
558	0.875
559	0.875
560	0.875
561	0.875
562	0.875
563	0.875
564	0.875
565	0.875
566	0.875
567	0.875
568	0.875
569	0.875
570	0.875
571	0.875
572	0.875
573	0.875
574	0.875
575	0.875
576	0.875
577	0.875
578	0.875
579	0.875
580	0.875
581	0.875
582	0.875
583	0.875
584	0.875
585	0.875
586	0.875
587	0.875
588	0.875
589	0.875
590	0.875
591	0.9375
592	0.9375
593	0.9375
594	0.9375
595	0.9375
596	0.9375
597	0.9375
598	0.9375
599	0.9375
600	0.9375
601	0.9375
602	0.9375
603	0.9375
604	0.9375
605	0.9375
606	0.9375
607	0.9375
608	0.9375
609	0.9375
610	0.9375
611	0.9375
612	0.9375
613	0.9375
614	0.9375
615	0.9375
616	0.9375
617	0.9375
618	0.9375
619	0.9375
620	0.9375
621	0.9375
622	0.9375
623	0.9375
624	0.9375
625	0.9375
626	0.9375
627	0.9375
628	0.9375
629	0.9375
630	0.9375
631	0.9375
632	0.9375
633	0.9375
634	0.9375
635	0.9375
636	0.9375
637	0.9375
638	0.9375
639	0.9375
640	0.9375
641	0.9375
642	0.9375
643	0.9375
644	0.9375
645	0.9375
646	0.9375
647	0.9375
648	0.9375
649	0.9375
650	0.9375
651	0.9375
652	0.9375
653	0.9375
654	0.9375
655	0.9375
656	0.9375
657	0.9375
658	0.9375
659	0.9375
660	0.9375
661	0.9375
662	0.9375
663	0.9375
664	0.9375
665	0.9375
666	0.9375
667	0.9375
668	0.9375
669	0.9375
670	0.9375
671	0.9375
672	0.9375
673	0.9375
674	0.9375
675	0.9375
676	0.9375
677	0.9375
678	0.9375
679	0.9375
680	0.9375
681	0.9375
682	1
## No. organisms: 20
## Seeds        : 1502477980, 22853
## Runtime      : 0h 0m 25s.
## Started at   : Sun Aug 30 12:24:36 2020
## Ended at     : Sun Aug 30 12:25:01 2020
