1	0.5
2	0.5
3	0.5
4	0.5
5	0.5
6	0.5
7	0.515625
8	0.515625
9	0.515625
10	0.515625
11	0.53125
12	0.53125
13	0.53125
14	0.53125
15	0.53125
16	0.546875
17	0.546875
18	0.546875
19	0.546875
20	0.5625
21	0.59375
22	0.59375
23	0.59375
24	0.65625
25	0.65625
26	0.65625
27	0.65625
28	0.65625
29	0.65625
30	0.65625
31	0.65625
32	0.65625
33	0.65625
34	0.65625
35	0.65625
36	0.65625
37	0.65625
38	0.65625
39	0.65625
40	0.65625
41	0.65625
42	0.65625
43	0.65625
44	0.65625
45	0.65625
46	0.65625
47	0.65625
48	0.65625
49	0.65625
50	0.65625
51	0.65625
52	0.6875
53	0.6875
54	0.6875
55	0.6875
56	0.6875
57	0.6875
58	0.6875
59	0.6875
60	0.6875
61	0.6875
62	0.6875
63	0.6875
64	0.6875
65	0.6875
66	0.6875
67	0.6875
68	0.6875
69	0.6875
70	0.6875
71	0.703125
72	0.71875
73	0.71875
74	0.71875
75	0.71875
76	0.71875
77	0.71875
78	0.71875
79	0.71875
80	0.71875
81	0.71875
82	0.71875
83	0.71875
84	0.71875
85	0.71875
86	0.71875
87	0.71875
88	0.71875
89	0.71875
90	0.71875
91	0.71875
92	0.71875
93	0.71875
94	0.71875
95	0.71875
96	0.71875
97	0.71875
98	0.71875
99	0.71875
100	0.71875
101	0.71875
102	0.71875
103	0.71875
104	0.71875
105	0.71875
106	0.71875
107	0.71875
108	0.71875
109	0.71875
110	0.71875
111	0.71875
112	0.71875
113	0.71875
114	0.71875
115	0.71875
116	0.71875
117	0.71875
118	0.71875
119	0.71875
120	0.71875
121	0.71875
122	0.71875
123	0.71875
124	0.71875
125	0.71875
126	0.71875
127	0.71875
128	0.71875
129	0.71875
130	0.71875
131	0.71875
132	0.71875
133	0.71875
134	0.71875
135	0.71875
136	0.71875
137	0.71875
138	0.71875
139	0.71875
140	0.71875
141	0.71875
142	0.71875
143	0.71875
144	0.71875
145	0.71875
146	0.71875
147	0.71875
148	0.71875
149	0.71875
150	0.71875
151	0.71875
152	0.71875
153	0.71875
154	0.71875
155	0.71875
156	0.71875
157	0.71875
158	0.71875
159	0.71875
160	0.71875
161	0.71875
162	0.71875
163	0.71875
164	0.71875
165	0.71875
166	0.71875
167	0.71875
168	0.71875
169	0.71875
170	0.71875
171	0.71875
172	0.71875
173	0.71875
174	0.71875
175	0.71875
176	0.71875
177	0.71875
178	0.71875
179	0.71875
180	0.71875
181	0.71875
182	0.71875
183	0.71875
184	0.71875
185	0.71875
186	0.71875
187	0.71875
188	0.71875
189	0.71875
190	0.71875
191	0.71875
192	0.71875
193	0.71875
194	0.71875
195	0.71875
196	0.71875
197	0.71875
198	0.71875
199	0.71875
200	0.71875
201	0.71875
202	0.71875
203	0.71875
204	0.71875
205	0.71875
206	0.71875
207	0.71875
208	0.71875
209	0.71875
210	0.71875
211	0.71875
212	0.71875
213	0.71875
214	0.71875
215	0.71875
216	0.71875
217	0.71875
218	0.71875
219	0.71875
220	0.71875
221	0.71875
222	0.71875
223	0.71875
224	0.71875
225	0.71875
226	0.71875
227	0.75
228	0.78125
229	0.78125
230	0.78125
231	0.78125
232	0.78125
233	0.78125
234	0.78125
235	0.78125
236	0.78125
237	0.78125
238	0.78125
239	0.78125
240	0.78125
241	0.78125
242	0.78125
243	0.78125
244	0.78125
245	0.78125
246	0.78125
247	0.78125
248	0.78125
249	0.78125
250	0.78125
251	0.78125
252	0.78125
253	0.78125
254	0.78125
255	0.78125
256	0.78125
257	0.78125
258	0.78125
259	0.78125
260	0.78125
261	0.78125
262	0.78125
263	0.78125
264	0.78125
265	0.78125
266	0.84375
267	0.875
268	0.875
269	0.875
270	0.875
271	0.875
272	0.875
273	0.875
274	0.875
275	0.875
276	0.875
277	0.875
278	0.875
279	0.875
280	0.90625
281	0.90625
282	0.90625
283	0.90625
284	0.90625
285	0.90625
286	0.90625
287	0.90625
288	0.90625
289	0.90625
290	0.90625
291	0.90625
292	0.90625
293	0.90625
294	0.90625
295	0.90625
296	0.90625
297	0.90625
298	0.90625
299	0.90625
300	0.90625
301	0.90625
302	0.90625
303	0.90625
304	0.90625
305	0.90625
306	0.90625
307	0.90625
308	0.90625
309	0.90625
310	0.90625
311	0.90625
312	0.90625
313	0.90625
314	0.90625
315	0.90625
316	0.90625
317	0.90625
318	0.90625
319	0.90625
320	0.90625
321	0.90625
322	0.90625
323	0.90625
324	0.90625
325	0.90625
326	0.90625
327	0.90625
328	0.90625
329	0.90625
330	0.90625
331	0.90625
332	0.90625
333	0.90625
334	0.9375
335	0.9375
336	0.9375
337	0.9375
338	0.9375
339	0.9375
340	0.9375
341	0.9375
342	0.9375
343	0.9375
344	0.9375
345	0.9375
346	0.9375
347	0.9375
348	0.9375
349	0.9375
350	0.9375
351	0.9375
352	0.9375
353	0.9375
354	0.9375
355	0.9375
356	0.9375
357	0.9375
358	0.9375
359	0.9375
360	0.9375
361	0.9375
362	0.9375
363	0.9375
364	0.9375
365	0.9375
366	0.9375
367	0.9375
368	0.9375
369	0.9375
370	0.9375
371	0.9375
372	0.9375
373	0.9375
374	0.9375
375	0.9375
376	0.9375
377	0.9375
378	0.9375
379	0.9375
380	0.9375
381	0.9375
382	0.9375
383	0.9375
384	0.9375
385	0.9375
386	0.9375
387	0.9375
388	0.9375
389	0.9375
390	0.9375
391	0.9375
392	0.9375
393	0.9375
394	0.9375
395	0.9375
396	0.9375
397	0.9375
398	0.9375
399	0.9375
400	0.9375
401	0.9375
402	0.9375
403	0.9375
404	0.9375
405	0.9375
406	0.9375
407	0.9375
408	0.9375
409	0.9375
410	0.9375
411	0.9375
412	0.9375
413	0.9375
414	0.9375
415	0.9375
416	0.9375
417	0.9375
418	0.9375
419	0.9375
420	0.9375
421	0.9375
422	0.9375
423	0.9375
424	0.9375
425	0.9375
426	0.9375
427	0.9375
428	0.9375
429	0.9375
430	0.9375
431	0.9375
432	0.9375
433	0.9375
434	0.9375
435	0.9375
436	0.9375
437	0.9375
438	0.9375
439	0.9375
440	0.9375
441	0.96875
442	0.96875
443	0.96875
444	0.96875
445	0.96875
446	0.96875
447	0.96875
448	0.96875
449	0.96875
450	0.96875
451	0.96875
452	0.96875
453	0.96875
454	0.96875
455	0.96875
456	0.96875
457	0.96875
458	0.96875
459	0.96875
460	0.96875
461	0.96875
462	0.96875
463	0.96875
464	0.96875
465	0.96875
466	0.96875
467	0.96875
468	0.96875
469	0.96875
470	0.96875
471	0.96875
472	0.96875
473	0.96875
474	0.96875
475	0.96875
476	0.96875
477	0.96875
478	0.96875
479	0.96875
480	0.96875
481	0.96875
482	0.96875
483	0.96875
484	0.96875
485	0.96875
486	0.96875
487	0.96875
488	0.96875
489	0.96875
490	0.96875
491	0.96875
492	0.96875
493	0.96875
494	0.96875
495	0.96875
496	0.96875
497	0.96875
498	0.96875
499	0.96875
500	0.96875
501	0.96875
502	0.96875
503	0.96875
504	0.96875
505	0.96875
506	0.96875
507	0.96875
508	1
## No. organisms: 20
## Seeds        : 1502489325, 30866
## Runtime      : 0h 0m 14s.
## Started at   : Sun Aug 30 15:36:54 2020
## Ended at     : Sun Aug 30 15:37:08 2020
