1	0.5	0.5	1	60	3
2	0.5	0.5	1	60	1
3	0.5	0.5	1	60	3
4	0.5	0.5	1	60	2
5	0.5	0.5	1	60	2
6	0.5	0.5	1	60	3
7	0.5	0.5	1	60	5
8	0.5	0.5	1	60	1
9	0.5	0.5	1	60	2
10	0.5	0.5	1	60	1
11	0.5	0.5	1	60	2
12	0.5	0.5	1	60	3
13	0.5	0.5	1	60	2
14	0.5	0.5	1	60	4
15	0.5	0.5	1	60	1
16	0.5	0.5	1	60	4
17	0.5	0.5	1	60	2
18	0.5	0.5	1	60	4
19	0.5	0.5	1	60	4
20	0.5	0.5	1	60	5
21	0.5	0.5	1	60	1
22	0.5	0.5	1	60	1
23	0.5	0.5	1	60	2
24	0.5	0.5	1	60	2
25	0.5	0.5	1	60	2
26	0.5	0.5	1	60	2
27	0.5	0.5	1	60	4
28	0.5	0.5	1	60	1
29	0.5	0.5	1	60	2
30	0.5	0.5	1	60	2
31	0.5	0.5	1	60	3
32	0.5	0.5	1	60	1
33	0.5	0.5	1	60	1
34	0.5	0.5	1	60	2
35	0.5	0.5	1	60	1
36	0.5	0.5	1	60	1
37	0.5	0.5	1	60	1
38	0.5	0.5	1	60	4
39	0.5	0.5	1	60	1
40	0.5	0.5	1	60	1
41	0.5	0.5	1	60	1
42	0.5	0.5	1	60	3
43	0.5	0.5	1	60	1
44	0.5	0.5	1	60	3
45	0.5	0.5	1	60	1
46	0.5	0.5	1	60	1
47	0.5	0.5	1	60	4
48	0.5	0.5	1	60	4
49	0.5	0.5	1	60	1
50	0.5	0.5	1	60	1
51	0.5	0.5	1	60	2
52	0.5	0.5	1	60	2
53	0.5	0.5	1	60	2
54	0.5	0.5	1	60	1
55	0.5	0.5	1	60	1
56	0.5	0.5	1	60	3
57	0.5	0.5	1	60	3
58	0.5	0.5	1	60	2
59	0.5	0.5	1	60	3
60	0.5	0.5	1	60	1
61	0.5	0.5	1	60	1
62	0.5	0.5	1	60	4
63	0.5	0.5	1	60	1
64	0.5	0.5	1	60	3
65	0.5	0.5	1	60	3
66	0.5	0.5	1	60	2
67	0.5	0.5	1	60	1
68	0.5	0.5	1	60	1
69	0.5	0.5	1	60	3
70	0.5	0.5	1	60	1
71	0.5	0.5	1	60	3
72	0.5	0.5	1	60	1
73	0.5	0.5	1	60	3
74	0.5	0.5	1	60	3
75	0.5	0.5	1	60	1
76	0.5	0.5	1	60	1
77	0.5	0.5	1	60	4
78	0.5	0.5	1	60	2
79	0.5	0.5	1	60	1
80	0.5	0.5	1	60	2
81	0.5	0.5	1	60	1
82	0.5	0.5	1	60	2
83	0.5	0.5	1	60	2
84	0.5	0.5	1	60	1
85	0.5	0.5	1	60	6
86	0.5	0.5	1	60	3
87	0.5	0.5	1	60	2
88	0.5	0.5	1	60	1
89	0.5	0.5	1	60	4
90	0.5	0.5	1	60	2
91	0.5	0.5	1	60	1
92	0.5	0.5	1	60	2
93	0.5	0.5	1	60	1
94	0.5	0.5	1	60	2
95	0.5	0.5	1	60	1
96	0.5	0.5	1	60	2
97	0.5	0.5	1	60	2
98	0.5	0.5	1	60	1
99	0.5	0.5	1	60	1
100	0.5	0.5	1	60	1
101	0.5	0.5	1	60	2
102	0.5	0.5	1	60	2
103	0.5	0.5	1	60	5
104	0.5	0.5	1	60	4
105	0.5	0.5	1	60	1
106	0.5	0.5	1	60	1
107	0.5	0.5	1	60	1
108	0.5	0.5	1	60	1
109	0.5	0.5	1	60	2
110	0.5	0.5	1	60	3
111	0.5	0.5	1	60	1
112	0.5	0.5	1	60	1
113	0.5	0.5	1	60	2
114	0.5	0.5	1	60	1
115	0.5	0.5	1	60	3
116	0.5	0.5	1	60	2
117	0.5	0.5	1	60	1
118	0.5	0.5	1	60	2
119	0.5	0.5	1	60	1
120	0.5	0.5	1	60	1
121	0.5	0.5	1	60	2
122	0.5	0.5	1	60	1
123	0.5	0.5	1	60	2
124	0.5	0.5	1	60	2
125	0.5	0.5	1	60	3
126	0.5	0.5	1	60	2
127	0.5	0.5	1	60	4
128	0.5	0.5	1	60	1
129	0.5	0.5	1	60	2
130	0.5	0.5	1	60	1
131	0.5	0.5	1	60	2
132	0.5	0.5	1	60	2
133	0.5	0.5	1	60	5
134	0.5	0.5	1	60	1
135	0.5	0.5	1	60	4
136	0.5	0.5	1	60	3
137	0.5	0.5	1	60	3
138	0.5	0.5	1	60	4
139	0.5	0.5	1	60	2
140	0.5	0.5	1	60	1
141	0.5	0.5	1	60	2
142	0.5	0.5	1	60	4
143	0.5	0.5	1	60	1
144	0.5	0.5	1	60	1
145	0.5	0.5	1	60	3
146	0.5	0.5	1	60	2
147	0.5	0.5	1	60	1
148	0.5	0.5	1	60	1
149	0.5	0.5	1	60	1
150	0.5	0.5	1	60	4
151	0.5	0.5	1	60	4
152	0.5	0.5	1	60	3
153	0.5	0.5	1	60	1
154	0.5	0.5	1	60	2
155	0.5	0.5	1	60	2
156	0.4375	0.5	1	60	4
157	0.5	0.5	1	60	2
158	0.5	0.5	1	60	1
159	0.5	0.5	1	60	2
160	0.5	0.5	1	60	1
161	0.5	0.5	1	60	4
162	0.5	0.5	1	60	2
163	0.5	0.5	1	60	1
164	0.5	0.5	1	60	1
165	0.5	0.5	1	60	1
166	0.5	0.5	1	60	2
167	0.5	0.5	1	60	1
168	0.5	0.5	1	60	3
169	0.5	0.5	1	60	1
170	0.5	0.5	1	60	5
171	0.5	0.5	1	60	3
172	0.5	0.5	1	60	1
173	0.5	0.5	1	60	2
174	0.5	0.5	1	60	2
175	0.5	0.5	1	60	1
176	0.5	0.5	1	60	3
177	0.5	0.5	1	60	1
178	0.5	0.5	1	60	3
179	0.5	0.5	1	60	3
180	0.5	0.5	1	60	1
181	0.5	0.5	1	60	1
182	0.5	0.5	1	60	4
183	0.5	0.5	1	60	1
184	0.5	0.5	1	60	3
185	0.5	0.5	1	60	4
186	0.5	0.5	1	60	2
187	0.5	0.5	1	60	1
188	0.5	0.5	1	60	6
189	0.5	0.5	1	60	1
190	0.5	0.5	1	60	4
191	0.5	0.5	1	60	2
192	0.5	0.5	1	60	2
193	0.5	0.5	1	60	1
194	0.5	0.5	1	60	3
195	0.5	0.5	1	60	1
196	0.5	0.5	1	60	2
197	0.5	0.5	1	60	4
198	0.5	0.5	1	60	1
199	0.5	0.5	1	60	4
200	0.5	0.5	1	60	2
201	0.5	0.5	1	60	2
202	0.5	0.5	1	60	6
203	0.5	0.5	1	60	1
204	0.5	0.5	1	60	5
205	0.5	0.5	1	60	3
206	0.5	0.5	1	60	2
207	0.5	0.5	1	60	2
208	0.4375	0.5	1	60	1
209	0.5	0.5	1	60	5
210	0.5	0.5	1	60	2
211	0.5	0.5	1	60	2
212	0.5	0.5	1	60	4
213	0.5	0.5	1	60	3
214	0.5	0.5	1	60	4
215	0.5	0.5	1	60	3
216	0.5	0.5	1	60	2
217	0.5	0.5	1	60	6
218	0.5	0.5	1	60	2
219	0.5	0.5	1	60	3
220	0.5	0.5	1	60	1
221	0.5	0.5	1	60	1
222	0.5	0.5	1	60	4
223	0.5	0.5	1	60	2
224	0.5	0.5	1	60	2
225	0.5	0.5	1	60	2
226	0.5	0.5	1	60	2
227	0.5	0.5	1	60	2
228	0.5	0.5	1	60	1
229	0.5	0.5	1	60	1
230	0.5	0.5	1	60	5
231	0.5	0.5	1	60	2
232	0.5	0.5	1	60	2
233	0.5	0.5	1	60	1
234	0.5	0.5	1	60	2
235	0.5	0.5	1	60	4
236	0.5	0.5	1	60	3
237	0.5	0.5	1	60	1
238	0.5	0.5	1	60	1
239	0.5	0.5	1	60	1
240	0.5	0.5	1	60	2
241	0.5	0.5	1	60	3
242	0.5	0.5	1	60	2
243	0.5	0.5	1	60	1
244	0.5	0.5	1	60	4
245	0.5	0.5	1	60	3
246	0.5	0.5	1	60	3
247	0.5	0.5	1	60	2
248	0.5	0.5	1	60	1
249	0.5	0.5	1	60	2
250	0.5	0.5	1	60	2
251	0.5	0.5	1	60	2
252	0.5	0.5	1	60	2
253	0.5	0.5	1	60	3
254	0.5	0.5	1	60	2
255	0.5	0.5	1	60	5
256	0.5	0.5	1	60	3
257	0.5	0.5	1	60	1
258	0.5	0.5	1	60	1
259	0.5	0.5	1	60	3
260	0.5	0.5	1	60	3
261	0.5	0.5	1	60	3
262	0.5	0.5	1	60	4
263	0.5	0.5	1	60	3
264	0.5	0.5	1	60	4
265	0.5	0.5	1	60	1
266	0.5	0.5	1	60	3
267	0.5	0.5	1	60	3
268	0.5	0.5	1	60	3
269	0.5	0.5	1	60	1
270	0.5625	0.5625	1	60	2
271	0.5625	0.5625	1	60	1
272	0.5625	0.5625	1	60	2
273	0.5625	0.5625	1	60	1
274	0.5625	0.5625	1	60	2
275	0.5625	0.5625	1	60	1
276	0.5625	0.5625	1	60	2
277	0.5625	0.5625	1	60	2
278	0.5625	0.5625	1	60	2
279	0.5625	0.5625	1	60	1
280	0.5625	0.5625	1	60	1
281	0.5625	0.5625	1	60	2
282	0.5625	0.5625	1	60	2
283	0.5625	0.5625	1	60	2
284	0.5625	0.5625	1	60	1
285	0.5625	0.5625	1	60	4
286	0.5625	0.5625	1	60	1
287	0.5625	0.5625	1	60	2
288	0.5625	0.5625	1	60	1
289	0.5	0.5625	1	60	3
290	0.5625	0.5625	1	60	1
291	0.5625	0.5625	1	60	1
292	0.5625	0.5625	1	60	2
293	0.5625	0.5625	1	60	2
294	0.5625	0.5625	1	60	1
295	0.5625	0.5625	1	60	3
296	0.5625	0.5625	1	60	2
297	0.5625	0.5625	1	60	4
298	0.5625	0.5625	1	60	1
299	0.5625	0.5625	1	60	1
300	0.5	0.5625	1	60	3
301	0.5	0.5625	1	60	5
302	0.5625	0.5625	1	60	2
303	0.5625	0.5625	1	60	1
304	0.5625	0.5625	1	60	1
305	0.5625	0.5625	1	60	1
306	0.5625	0.5625	1	60	1
307	0.5625	0.5625	1	60	1
308	0.5625	0.5625	1	60	5
309	0.5625	0.5625	1	60	3
310	0.5625	0.5625	1	60	2
311	0.5625	0.5625	1	60	2
312	0.5625	0.5625	1	60	4
313	0.5	0.5625	1	60	1
314	0.5	0.5625	1	60	4
315	0.5625	0.5625	1	60	1
316	0.5625	0.5625	1	60	1
317	0.5625	0.5625	1	60	1
318	0.5625	0.5625	1	60	2
319	0.5625	0.5625	1	60	2
320	0.5625	0.5625	1	60	2
321	0.5625	0.5625	1	60	1
322	0.5625	0.5625	1	60	1
323	0.5625	0.5625	1	60	2
324	0.5625	0.5625	1	60	2
325	0.5625	0.5625	1	60	2
326	0.5625	0.5625	1	60	4
327	0.5625	0.5625	1	60	2
328	0.5625	0.5625	1	60	1
329	0.5625	0.5625	1	60	1
330	0.5625	0.5625	1	60	4
331	0.5625	0.5625	1	60	1
332	0.5625	0.5625	1	60	1
333	0.5625	0.5625	1	60	2
334	0.5625	0.5625	1	60	5
335	0.5625	0.5625	1	60	1
336	0.5625	0.5625	1	60	5
337	0.5625	0.5625	1	60	4
338	0.5	0.5625	1	60	2
339	0.5	0.5625	1	60	4
340	0.5625	0.5625	1	60	5
341	0.5625	0.5625	1	60	3
342	0.5625	0.5625	1	60	3
343	0.5625	0.5625	1	60	2
344	0.5625	0.5625	1	60	1
345	0.5625	0.5625	1	60	1
346	0.4375	0.5625	1	60	3
347	0.5625	0.5625	1	60	3
348	0.5625	0.5625	1	60	1
349	0.5625	0.5625	1	60	3
350	0.5625	0.5625	1	60	3
351	0.5625	0.5625	1	60	4
352	0.5625	0.5625	1	60	1
353	0.5	0.5625	1	60	2
354	0.5	0.5625	1	60	1
355	0.5625	0.5625	1	60	7
356	0.5625	0.5625	1	60	4
357	0.5625	0.5625	1	60	2
358	0.5625	0.5625	1	60	2
359	0.5	0.5625	1	60	2
360	0.5625	0.5625	1	60	2
361	0.5	0.5625	1	60	2
362	0.5625	0.5625	1	60	1
363	0.5625	0.5625	1	60	1
364	0.5	0.5625	1	60	1
365	0.5	0.5625	1	60	2
366	0.5625	0.5625	1	60	2
367	0.5625	0.5625	1	60	1
368	0.4375	0.5625	1	60	1
369	0.5625	0.5625	1	60	1
370	0.5625	0.5625	1	60	3
371	0.5	0.5625	1	60	2
372	0.5625	0.5625	1	60	1
373	0.5625	0.5625	1	60	2
374	0.5625	0.5625	1	60	1
375	0.5625	0.5625	1	60	1
376	0.5625	0.5625	1	60	1
377	0.5625	0.5625	1	60	2
378	0.5625	0.5625	1	60	5
379	0.5625	0.5625	1	60	2
380	0.5625	0.5625	1	60	3
381	0.5625	0.5625	1	60	3
382	0.5625	0.5625	1	60	3
383	0.5625	0.5625	1	60	2
384	0.5625	0.5625	1	60	1
385	0.5	0.5625	1	60	5
386	0.5	0.5625	1	60	2
387	0.5	0.5625	1	60	1
388	0.5625	0.5625	1	60	1
389	0.5625	0.5625	1	60	1
390	0.4375	0.5625	1	60	1
391	0.5625	0.5625	1	60	1
392	0.5625	0.5625	1	60	2
393	0.5	0.5625	1	60	3
394	0.5	0.5625	1	60	2
395	0.5	0.5625	1	60	4
396	0.5625	0.5625	1	60	2
397	0.5625	0.5625	1	60	2
398	0.5625	0.5625	1	60	1
399	0.4375	0.5625	1	60	3
400	0.5	0.5625	1	60	2
401	0.5625	0.5625	1	60	2
402	0.5625	0.5625	1	60	5
403	0.5625	0.5625	1	60	2
404	0.5625	0.5625	1	60	1
405	0.5625	0.5625	1	60	1
406	0.5	0.5625	1	60	2
407	0.5625	0.5625	1	60	1
408	0.5625	0.5625	1	60	1
409	0.5625	0.5625	1	60	2
410	0.5625	0.5625	1	60	3
411	0.5625	0.5625	1	60	1
412	0.5	0.5625	1	60	2
413	0.5625	0.5625	1	60	1
414	0.5625	0.5625	1	60	1
415	0.5625	0.5625	1	60	4
416	0.5625	0.5625	1	60	3
417	0.5625	0.5625	1	60	2
418	0.5625	0.5625	1	60	5
419	0.5625	0.5625	1	60	3
420	0.5625	0.5625	1	60	2
421	0.5625	0.5625	1	60	1
422	0.5625	0.5625	1	60	1
423	0.5625	0.5625	1	60	2
424	0.625	0.625	1	60	3
425	0.625	0.625	1	60	4
426	0.625	0.625	1	60	2
427	0.5	0.625	1	60	4
428	0.625	0.625	1	60	1
429	0.625	0.625	1	60	1
430	0.625	0.625	1	60	5
431	0.5	0.625	1	60	3
432	0.625	0.625	1	60	4
433	0.625	0.625	1	60	1
434	0.625	0.625	1	60	3
435	0.625	0.625	1	60	2
436	0.625	0.625	1	60	2
437	0.625	0.625	1	60	1
438	0.625	0.625	1	60	2
439	0.4375	0.625	1	60	3
440	0.625	0.625	1	60	2
441	0.625	0.625	1	60	3
442	0.625	0.625	1	60	1
443	0.625	0.625	1	60	2
444	0.625	0.625	1	60	4
445	0.5	0.625	1	60	2
446	0.625	0.625	1	60	1
447	0.625	0.625	1	60	1
448	0.625	0.625	1	60	1
449	0.625	0.625	1	60	8
450	0.625	0.625	1	60	1
451	0.625	0.625	1	60	2
452	0.625	0.625	1	60	1
453	0.625	0.625	1	60	2
454	0.625	0.625	1	60	1
455	0.625	0.625	1	60	1
456	0.625	0.625	1	60	2
457	0.625	0.625	1	60	1
458	0.625	0.625	1	60	1
459	0.625	0.625	1	60	2
460	0.625	0.625	1	60	2
461	0.625	0.625	1	60	4
462	0.5	0.625	1	60	2
463	0.625	0.625	1	60	2
464	0.625	0.625	1	60	2
465	0.625	0.625	1	60	2
466	0.625	0.625	1	60	2
467	0.5	0.625	1	60	3
468	0.5	0.625	1	60	4
469	0.5	0.625	1	60	2
470	0.625	0.625	1	60	4
471	0.625	0.625	1	60	1
472	0.625	0.625	1	60	4
473	0.625	0.625	1	60	3
474	0.625	0.625	1	60	2
475	0.625	0.625	1	60	1
476	0.6875	0.6875	1	60	4
477	0.5	0.6875	1	60	5
478	0.5625	0.6875	1	60	1
479	0.6875	0.6875	1	60	1
480	0.5	0.6875	1	60	1
481	0.6875	0.6875	1	60	1
482	0.6875	0.6875	1	60	4
483	0.625	0.6875	1	60	4
484	0.5625	0.6875	1	60	2
485	0.6875	0.6875	1	60	4
486	0.6875	0.6875	1	60	4
487	0.6875	0.6875	1	60	1
488	0.6875	0.6875	1	60	2
489	0.6875	0.6875	1	60	1
490	0.6875	0.6875	1	60	2
491	0.5	0.6875	1	60	1
492	0.6875	0.6875	1	60	1
493	0.6875	0.6875	1	60	1
494	0.6875	0.6875	1	60	1
495	0.6875	0.6875	1	60	3
496	0.6875	0.6875	1	60	3
497	0.6875	0.6875	1	60	2
498	0.6875	0.6875	1	60	3
499	0.625	0.6875	1	60	2
500	0.6875	0.6875	1	60	2
501	0.6875	0.6875	1	60	2
502	0.6875	0.6875	1	60	1
503	0.6875	0.6875	1	60	3
504	0.5	0.6875	1	60	1
505	0.6875	0.6875	1	60	2
506	0.6875	0.6875	1	60	2
507	0.6875	0.6875	1	60	1
508	0.6875	0.6875	1	60	2
509	0.6875	0.6875	1	60	1
510	0.5	0.6875	1	60	1
511	0.6875	0.6875	1	60	1
512	0.5625	0.6875	1	60	2
513	0.6875	0.6875	1	60	2
514	0.6875	0.6875	1	60	1
515	0.6875	0.6875	1	60	1
516	0.6875	0.6875	1	60	7
517	0.375	0.6875	1	60	4
518	0.6875	0.6875	1	60	1
519	0.625	0.6875	1	60	4
520	0.6875	0.6875	1	60	1
521	0.6875	0.6875	1	60	2
522	0.6875	0.6875	1	60	3
523	0.6875	0.6875	1	60	2
524	0.6875	0.6875	1	60	2
525	0.6875	0.6875	1	60	1
526	0.6875	0.6875	1	60	1
527	0.6875	0.6875	1	60	2
528	0.6875	0.6875	1	60	1
529	0.6875	0.6875	1	60	2
530	0.6875	0.6875	1	60	2
531	0.6875	0.6875	1	60	2
532	0.5	0.6875	1	60	3
533	0.6875	0.6875	1	60	3
534	0.6875	0.6875	1	60	2
535	0.6875	0.6875	1	60	3
536	0.6875	0.6875	1	60	2
537	0.6875	0.6875	1	60	1
538	0.6875	0.6875	1	60	2
539	0.625	0.6875	1	60	6
540	0.6875	0.6875	1	60	2
541	0.5	0.6875	1	60	3
542	0.5	0.6875	1	60	1
543	0.5625	0.6875	1	60	6
544	0.5	0.6875	1	60	3
545	0.6875	0.6875	1	60	4
546	0.6875	0.6875	1	60	4
547	0.6875	0.6875	1	60	1
548	0.6875	0.6875	1	60	1
549	0.6875	0.6875	1	60	1
550	0.6875	0.6875	1	60	2
551	0.625	0.6875	1	60	3
552	0.6875	0.6875	1	60	1
553	0.6875	0.6875	1	60	2
554	0.5625	0.6875	1	60	1
555	0.6875	0.6875	1	60	1
556	0.6875	0.6875	1	60	2
557	0.6875	0.6875	1	60	3
558	0.6875	0.6875	1	60	2
559	0.6875	0.6875	1	60	1
560	0.6875	0.6875	1	60	1
561	0.6875	0.6875	1	60	3
562	0.6875	0.6875	1	60	1
563	0.6875	0.6875	1	60	4
564	0.5	0.6875	1	60	5
565	0.6875	0.6875	1	60	4
566	0.6875	0.6875	1	60	1
567	0.6875	0.6875	1	60	3
568	0.6875	0.6875	1	60	2
569	0.6875	0.6875	1	60	1
570	0.5625	0.6875	1	60	3
571	0.6875	0.6875	1	60	1
572	0.5	0.6875	1	60	3
573	0.6875	0.6875	1	60	4
574	0.6875	0.6875	1	60	2
575	0.6875	0.6875	1	60	1
576	0.625	0.6875	1	60	2
577	0.6875	0.6875	1	60	4
578	0.6875	0.6875	1	60	1
579	0.75	0.75	1	60	5
580	0.75	0.75	1	60	1
581	0.75	0.75	1	60	3
582	0.75	0.75	1	60	1
583	0.625	0.75	1	60	2
584	0.75	0.75	1	60	1
585	0.5	0.75	1	60	1
586	0.75	0.75	1	60	1
587	0.4375	0.75	1	60	3
588	0.75	0.75	1	60	2
589	0.75	0.75	1	60	1
590	0.75	0.75	1	60	1
591	0.75	0.75	1	60	1
592	0.75	0.75	1	60	1
593	0.75	0.75	1	60	1
594	0.75	0.75	1	60	2
595	0.75	0.75	1	60	5
596	0.5	0.75	1	60	5
597	0.75	0.75	1	60	2
598	0.75	0.75	1	60	1
599	0.75	0.75	1	60	4
600	0.625	0.75	1	60	2
601	0.625	0.75	1	60	3
602	0.75	0.75	1	60	1
603	0.6875	0.75	1	60	1
604	0.75	0.75	1	60	1
605	0.75	0.75	1	60	1
606	0.75	0.75	1	60	1
607	0.75	0.75	1	60	3
608	0.5	0.75	1	60	2
609	0.625	0.75	1	60	4
610	0.75	0.75	1	60	2
611	0.75	0.75	1	60	1
612	0.75	0.75	1	60	3
613	0.75	0.75	1	60	4
614	0.5	0.75	1	60	2
615	0.75	0.75	1	60	5
616	0.75	0.75	1	60	1
617	0.75	0.75	1	60	2
618	0.5625	0.75	1	60	4
619	0.75	0.75	1	60	2
620	0.75	0.75	1	60	1
621	0.5	0.75	1	60	2
622	0.75	0.75	1	60	2
623	0.75	0.75	1	60	2
624	0.625	0.75	1	60	1
625	0.75	0.75	1	60	2
626	0.75	0.75	1	60	5
627	0.75	0.75	1	60	1
628	0.75	0.75	1	60	1
629	0.625	0.75	1	60	2
630	0.75	0.75	1	60	2
631	0.75	0.75	1	60	1
632	0.75	0.75	1	60	3
633	0.75	0.75	1	60	2
634	0.75	0.75	1	60	2
635	0.75	0.75	1	60	1
636	0.75	0.75	1	60	3
637	0.75	0.75	1	60	1
638	0.75	0.75	1	60	1
639	0.75	0.75	1	60	1
640	0.75	0.75	1	60	2
641	0.75	0.75	1	60	1
642	0.75	0.75	1	60	2
643	0.75	0.75	1	60	1
644	0.75	0.75	1	60	3
645	0.75	0.75	1	60	1
646	0.75	0.75	1	60	5
647	0.75	0.75	1	60	2
648	0.75	0.75	1	60	1
649	0.5	0.75	1	60	4
650	0.75	0.75	1	60	4
651	0.75	0.75	1	60	3
652	0.75	0.75	1	60	3
653	0.5	0.75	1	60	4
654	0.5	0.75	1	60	5
655	0.75	0.75	1	60	1
656	0.5	0.75	1	60	2
657	0.5	0.75	1	60	1
658	0.75	0.75	1	60	3
659	0.5	0.75	1	60	2
660	0.5	0.75	1	60	2
661	0.75	0.75	1	60	1
662	0.5	0.75	1	60	1
663	0.75	0.75	1	60	2
664	0.5	0.75	1	60	4
665	0.75	0.75	1	60	3
666	0.75	0.75	1	60	2
667	0.75	0.75	1	60	1
668	0.75	0.75	1	60	1
669	0.75	0.75	1	60	2
670	0.625	0.75	1	60	5
671	0.75	0.75	1	60	1
672	0.75	0.75	1	60	1
673	0.75	0.75	1	60	2
674	0.625	0.75	1	60	2
675	0.75	0.75	1	60	2
676	0.5	0.75	1	60	1
677	0.75	0.75	1	60	2
678	0.75	0.75	1	60	1
679	0.75	0.75	1	60	2
680	0.5	0.75	1	60	3
681	0.75	0.75	1	60	1
682	0.75	0.75	1	60	2
683	0.5625	0.75	1	60	6
684	0.75	0.75	1	60	1
685	0.75	0.75	1	60	1
686	0.75	0.75	1	60	5
687	0.5	0.75	1	60	5
688	0.75	0.75	1	60	2
689	0.75	0.75	1	60	3
690	0.75	0.75	1	60	1
691	0.5	0.75	1	60	2
692	0.75	0.75	1	60	3
693	0.75	0.75	1	60	1
694	0.75	0.75	1	60	2
695	0.75	0.75	1	60	1
696	0.75	0.75	1	60	1
697	0.75	0.75	1	60	4
698	0.75	0.75	1	60	1
699	0.6875	0.75	1	60	3
700	0.5625	0.75	1	60	2
701	0.75	0.75	1	60	3
702	0.75	0.75	1	60	4
703	0.75	0.75	1	60	1
704	0.4375	0.75	1	60	3
705	0.5	0.75	1	60	1
706	0.4375	0.75	1	60	3
707	0.75	0.75	1	60	2
708	0.75	0.75	1	60	1
709	0.5	0.75	1	60	2
710	0.5	0.75	1	60	2
711	0.5	0.75	1	60	4
712	0.75	0.75	1	60	1
713	0.75	0.75	1	60	1
714	0.5	0.75	1	60	4
715	0.75	0.75	1	60	1
716	0.75	0.75	1	60	1
717	0.75	0.75	1	60	1
718	0.6875	0.75	1	60	4
719	0.75	0.75	1	60	1
720	0.75	0.75	1	60	2
721	0.75	0.75	1	60	4
722	0.75	0.75	1	60	2
723	0.75	0.75	1	60	3
724	0.75	0.75	1	60	2
725	0.75	0.75	1	60	2
726	0.75	0.75	1	60	3
727	0.75	0.75	1	60	3
728	0.75	0.75	1	60	4
729	0.5	0.75	1	60	3
730	0.75	0.75	1	60	2
731	0.75	0.75	1	60	4
732	0.75	0.75	1	60	2
733	0.625	0.75	1	60	4
734	0.75	0.75	1	60	4
735	0.75	0.75	1	60	2
736	0.75	0.75	1	60	4
737	0.5625	0.75	1	60	3
738	0.5	0.75	1	60	3
739	0.75	0.75	1	60	1
740	0.75	0.75	1	60	3
741	0.625	0.75	1	60	2
742	0.5	0.75	1	60	3
743	0.75	0.75	1	60	2
744	0.75	0.75	1	60	3
745	0.75	0.75	1	60	1
746	0.75	0.75	1	60	4
747	0.75	0.75	1	60	4
748	0.5	0.75	1	60	2
749	0.75	0.75	1	60	3
750	0.5	0.75	1	60	4
751	0.75	0.75	1	60	1
752	0.75	0.75	1	60	2
753	0.75	0.75	1	60	1
754	0.625	0.75	1	60	3
755	0.75	0.75	1	60	1
756	0.75	0.75	1	60	2
757	0.75	0.75	1	60	3
758	0.75	0.75	1	60	1
759	0.75	0.75	1	60	4
760	0.75	0.75	1	60	1
761	0.75	0.75	1	60	2
762	0.75	0.75	1	60	2
763	0.75	0.75	1	60	3
764	0.75	0.75	1	60	1
765	0.5	0.75	1	60	2
766	0.5	0.75	1	60	2
767	0.75	0.75	1	60	1
768	0.75	0.75	1	60	3
769	0.5	0.75	1	60	3
770	0.75	0.75	1	60	3
771	0.75	0.75	1	60	1
772	0.75	0.75	1	60	1
773	0.75	0.75	1	60	2
774	0.75	0.75	1	60	2
775	0.75	0.75	1	60	1
776	0.5	0.75	1	60	1
777	0.75	0.75	1	60	1
778	0.75	0.75	1	60	1
779	0.75	0.75	1	60	3
780	0.75	0.75	1	60	1
781	0.75	0.75	1	60	3
782	0.75	0.75	1	60	2
783	0.75	0.75	1	60	2
784	0.25	0.75	1	60	5
785	0.75	0.75	1	60	3
786	0.75	0.75	1	60	5
787	0.75	0.75	1	60	2
788	0.5	0.75	1	60	3
789	0.625	0.75	1	60	2
790	0.75	0.75	1	60	2
791	0.75	0.75	1	60	2
792	0.75	0.75	1	60	1
793	0.75	0.75	1	60	1
794	0.75	0.75	1	60	1
795	0.75	0.75	1	60	2
796	0.75	0.75	1	60	3
797	0.75	0.75	1	60	1
798	0.75	0.75	1	60	2
799	0.75	0.75	1	60	3
800	0.75	0.75	1	60	1
801	0.75	0.75	1	60	2
802	0.75	0.75	1	60	3
803	0.75	0.75	1	60	2
804	0.75	0.75	1	60	3
805	0.75	0.75	1	60	2
806	0.75	0.75	1	60	2
807	0.75	0.75	1	60	1
808	0.75	0.75	1	60	1
809	0.75	0.75	1	60	2
810	0.75	0.75	1	60	1
811	0.75	0.75	1	60	1
812	0.75	0.75	1	60	2
813	0.5	0.75	1	60	4
814	0.625	0.75	1	60	2
815	0.75	0.75	1	60	1
816	0.75	0.75	1	60	4
817	0.75	0.75	1	60	1
818	0.75	0.75	1	60	2
819	0.75	0.75	1	60	3
820	0.5	0.75	1	60	2
821	0.75	0.75	1	60	3
822	0.75	0.75	1	60	2
823	0.75	0.75	1	60	1
824	0.75	0.75	1	60	1
825	0.5	0.75	1	60	4
826	0.75	0.75	1	60	3
827	0.5	0.75	1	60	1
828	0.75	0.75	1	60	3
829	0.75	0.75	1	60	1
830	0.75	0.75	1	60	1
831	0.75	0.75	1	60	2
832	0.75	0.75	1	60	3
833	0.75	0.75	1	60	1
834	0.5	0.75	1	60	6
835	0.5	0.75	1	60	5
836	0.5	0.75	1	60	4
837	0.75	0.75	1	60	1
838	0.5	0.75	1	60	3
839	0.75	0.75	1	60	5
840	0.75	0.75	1	60	3
841	0.75	0.75	1	60	2
842	0.75	0.75	1	60	2
843	0.75	0.75	1	60	3
844	0.75	0.75	1	60	2
845	0.75	0.75	1	60	3
846	0.75	0.75	1	60	1
847	0.75	0.75	1	60	2
848	0.75	0.75	1	60	1
849	0.75	0.75	1	60	5
850	0.75	0.75	1	60	2
851	0.75	0.75	1	60	3
852	0.75	0.75	1	60	4
853	0.75	0.75	1	60	2
854	0.75	0.75	1	60	2
855	0.75	0.75	1	60	2
856	0.75	0.75	1	60	1
857	0.75	0.75	1	60	4
858	0.75	0.75	1	60	1
859	0.75	0.75	1	60	4
860	0.75	0.75	1	60	2
861	0.75	0.75	1	60	2
862	0.75	0.75	1	60	2
863	0.75	0.75	1	60	3
864	0.75	0.75	1	60	1
865	0.75	0.75	1	60	2
866	0.75	0.75	1	60	4
867	0.75	0.75	1	60	1
868	0.75	0.75	1	60	3
869	0.75	0.75	1	60	2
870	0.75	0.75	1	60	3
871	0.625	0.75	1	60	4
872	0.75	0.75	1	60	1
873	0.6875	0.75	1	60	1
874	0.75	0.75	1	60	2
875	0.75	0.75	1	60	2
876	0.75	0.75	1	60	2
877	0.75	0.75	1	60	1
878	0.75	0.75	1	60	2
879	0.5625	0.75	1	60	3
880	0.75	0.75	1	60	1
881	0.75	0.75	1	60	1
882	0.75	0.75	1	60	3
883	0.75	0.75	1	60	3
884	0.625	0.75	1	60	6
885	0.5	0.75	1	60	4
886	0.5	0.75	1	60	1
887	0.75	0.75	1	60	2
888	0.75	0.75	1	60	1
889	0.75	0.75	1	60	2
890	0.75	0.75	1	60	1
891	0.5	0.75	1	60	3
892	0.75	0.75	1	60	2
893	0.75	0.75	1	60	1
894	0.75	0.75	1	60	1
895	0.75	0.75	1	60	4
896	0.5	0.75	1	60	1
897	0.75	0.75	1	60	2
898	0.75	0.75	1	60	2
899	0.75	0.75	1	60	2
900	0.75	0.75	1	60	1
901	0.75	0.75	1	60	1
902	0.75	0.75	1	60	1
903	0.75	0.75	1	60	1
904	0.75	0.75	1	60	1
905	0.75	0.75	1	60	2
906	0.75	0.75	1	60	4
907	0.75	0.75	1	60	1
908	0.6875	0.75	1	60	6
909	0.75	0.75	1	60	2
910	0.75	0.75	1	60	2
911	0.75	0.75	1	60	2
912	0.75	0.75	1	60	2
913	0.75	0.75	1	60	2
914	0.75	0.75	1	60	1
915	0.5	0.75	1	60	3
916	0.75	0.75	1	60	1
917	0.75	0.75	1	60	3
918	0.75	0.75	1	60	1
919	0.75	0.75	1	60	1
920	0.75	0.75	1	60	1
921	0.6875	0.75	1	60	4
922	0.75	0.75	1	60	2
923	0.75	0.75	1	60	3
924	0.5	0.75	1	60	1
925	0.75	0.75	1	60	4
926	0.75	0.75	1	60	3
927	0.75	0.75	1	60	1
928	0.75	0.75	1	60	1
929	0.75	0.75	1	60	1
930	0.625	0.75	1	60	4
931	0.75	0.75	1	60	2
932	0.625	0.75	1	60	4
933	0.5	0.75	1	60	5
934	0.75	0.75	1	60	1
935	0.5	0.75	1	60	1
936	0.75	0.75	1	60	1
937	0.75	0.75	1	60	1
938	0.75	0.75	1	60	2
939	0.75	0.75	1	60	1
940	0.75	0.75	1	60	3
941	0.75	0.75	1	60	1
942	0.75	0.75	1	60	1
943	0.5	0.75	1	60	1
944	0.75	0.75	1	60	1
945	0.75	0.75	1	60	2
946	0.75	0.75	1	60	3
947	0.75	0.75	1	60	3
948	0.75	0.75	1	60	1
949	0.625	0.75	1	60	2
950	0.75	0.75	1	60	3
951	0.75	0.75	1	60	3
952	0.75	0.75	1	60	3
953	0.5	0.75	1	60	1
954	0.75	0.75	1	60	1
955	0.625	0.75	1	60	1
956	0.625	0.75	1	60	1
957	0.75	0.75	1	60	1
958	0.75	0.75	1	60	2
959	0.5625	0.75	1	60	1
960	0.75	0.75	1	60	3
961	0.75	0.75	1	60	1
962	0.75	0.75	1	60	2
963	0.5	0.75	1	60	4
964	0.75	0.75	1	60	3
965	0.75	0.75	1	60	3
966	0.8125	0.8125	1	60	4
967	0.8125	0.8125	1	60	1
968	0.8125	0.8125	1	60	1
969	0.75	0.8125	1	60	1
970	0.8125	0.8125	1	60	2
971	0.5625	0.8125	1	60	5
972	0.8125	0.8125	1	60	1
973	0.8125	0.8125	1	60	1
974	0.875	0.875	1	60	1
975	0.875	0.875	1	60	1
976	0.875	0.875	1	60	2
977	0.875	0.875	1	60	1
978	0.875	0.875	1	60	2
979	0.5	0.875	1	60	3
980	0.875	0.875	1	60	2
981	0.875	0.875	1	60	3
982	0.875	0.875	1	60	2
983	0.875	0.875	1	60	1
984	0.875	0.875	1	60	2
985	0.875	0.875	1	60	3
986	0.875	0.875	1	60	2
987	0.875	0.875	1	60	2
988	0.875	0.875	1	60	3
989	0.625	0.875	1	60	4
990	0.875	0.875	1	60	3
991	0.875	0.875	1	60	2
992	0.875	0.875	1	60	1
993	0.875	0.875	1	60	1
994	0.875	0.875	1	60	2
995	0.875	0.875	1	60	1
996	0.875	0.875	1	60	2
997	0.875	0.875	1	60	1
998	0.875	0.875	1	60	2
999	0.5	0.875	1	60	2
1000	0.625	0.875	1	60	3
1001	0.875	0.875	1	60	2
1002	0.5	0.875	1	60	3
1003	0.875	0.875	1	60	1
1004	0.875	0.875	1	60	1
1005	0.875	0.875	1	60	2
1006	0.625	0.875	1	60	2
1007	0.875	0.875	1	60	5
1008	0.875	0.875	1	60	1
1009	0.875	0.875	1	60	3
1010	0.875	0.875	1	60	2
1011	0.875	0.875	1	60	1
1012	0.875	0.875	1	60	2
1013	0.875	0.875	1	60	3
1014	0.875	0.875	1	60	4
1015	0.875	0.875	1	60	1
1016	0.875	0.875	1	60	2
1017	0.875	0.875	1	60	1
1018	0.875	0.875	1	60	1
1019	0.6875	0.875	1	60	2
1020	0.875	0.875	1	60	2
1021	0.875	0.875	1	60	5
1022	0.625	0.875	1	60	2
1023	0.625	0.875	1	60	3
1024	0.875	0.875	1	60	2
1025	0.875	0.875	1	60	1
1026	0.5	0.875	1	60	2
1027	0.75	0.875	1	60	1
1028	0.875	0.875	1	60	1
1029	0.875	0.875	1	60	3
1030	0.875	0.875	1	60	1
1031	0.875	0.875	1	60	1
1032	0.75	0.875	1	60	2
1033	0.875	0.875	1	60	2
1034	0.875	0.875	1	60	2
1035	0.6875	0.875	1	60	2
1036	0.875	0.875	1	60	2
1037	0.875	0.875	1	60	1
1038	0.75	0.875	1	60	1
1039	0.5625	0.875	1	60	1
1040	0.875	0.875	1	60	1
1041	0.875	0.875	1	60	3
1042	0.875	0.875	1	60	5
1043	0.875	0.875	1	60	1
1044	0.75	0.875	1	60	2
1045	0.875	0.875	1	60	2
1046	0.75	0.875	1	60	1
1047	0.875	0.875	1	60	1
1048	0.875	0.875	1	60	2
1049	0.875	0.875	1	60	1
1050	0.5	0.875	1	60	4
1051	0.875	0.875	1	60	1
1052	0.875	0.875	1	60	2
1053	0.75	0.875	1	60	3
1054	0.875	0.875	1	60	1
1055	0.875	0.875	1	60	4
1056	0.875	0.875	1	60	2
1057	0.875	0.875	1	60	1
1058	0.875	0.875	1	60	2
1059	0.625	0.875	1	60	4
1060	0.875	0.875	1	60	2
1061	0.875	0.875	1	60	3
1062	0.875	0.875	1	60	3
1063	0.875	0.875	1	60	3
1064	0.4375	0.875	1	60	3
1065	0.875	0.875	1	60	2
1066	0.875	0.875	1	60	1
1067	0.875	0.875	1	60	2
1068	0.75	0.875	1	60	1
1069	0.5	0.875	1	60	3
1070	0.875	0.875	1	60	3
1071	0.875	0.875	1	60	3
1072	0.875	0.875	1	60	1
1073	0.875	0.875	1	60	2
1074	0.875	0.875	1	60	2
1075	0.875	0.875	1	60	1
1076	0.875	0.875	1	60	1
1077	0.75	0.875	1	60	3
1078	0.5625	0.875	1	60	1
1079	0.875	0.875	1	60	2
1080	0.875	0.875	1	60	2
1081	0.875	0.875	1	60	1
1082	0.875	0.875	1	60	2
1083	0.875	0.875	1	60	1
1084	0.875	0.875	1	60	1
1085	0.875	0.875	1	60	2
1086	0.875	0.875	1	60	3
1087	0.875	0.875	1	60	2
1088	0.8125	0.875	1	60	3
1089	0.5625	0.875	1	60	3
1090	0.875	0.875	1	60	2
1091	0.625	0.875	1	60	2
1092	0.875	0.875	1	60	4
1093	0.875	0.875	1	60	1
1094	0.875	0.875	1	60	1
1095	0.875	0.875	1	60	1
1096	0.875	0.875	1	60	3
1097	0.875	0.875	1	60	1
1098	0.875	0.875	1	60	1
1099	0.875	0.875	1	60	2
1100	0.875	0.875	1	60	1
1101	0.75	0.875	1	60	1
1102	0.625	0.875	1	60	2
1103	0.875	0.875	1	60	1
1104	0.875	0.875	1	60	1
1105	0.875	0.875	1	60	1
1106	0.625	0.875	1	60	1
1107	0.875	0.875	1	60	1
1108	0.875	0.875	1	60	2
1109	0.875	0.875	1	60	1
1110	0.6875	0.875	1	60	1
1111	0.5	0.875	1	60	3
1112	0.875	0.875	1	60	3
1113	0.875	0.875	1	60	3
1114	0.5625	0.875	1	60	3
1115	0.5	0.875	1	60	5
1116	0.875	0.875	1	60	1
1117	0.875	0.875	1	60	2
1118	0.6875	0.875	1	60	2
1119	0.875	0.875	1	60	2
1120	0.5625	0.875	1	60	2
1121	0.875	0.875	1	60	4
1122	0.875	0.875	1	60	3
1123	0.875	0.875	1	60	1
1124	0.875	0.875	1	60	3
1125	0.875	0.875	1	60	3
1126	0.5	0.875	1	60	4
1127	0.8125	0.875	1	60	3
1128	0.625	0.875	1	60	4
1129	0.875	0.875	1	60	1
1130	0.625	0.875	1	60	3
1131	0.875	0.875	1	60	5
1132	0.875	0.875	1	60	2
1133	0.875	0.875	1	60	2
1134	0.75	0.875	1	60	2
1135	0.75	0.875	1	60	1
1136	0.5	0.875	1	60	1
1137	0.875	0.875	1	60	1
1138	0.875	0.875	1	60	2
1139	0.875	0.875	1	60	4
1140	0.8125	0.875	1	60	2
1141	0.875	0.875	1	60	1
1142	0.875	0.875	1	60	3
1143	0.8125	0.875	1	60	4
1144	0.625	0.875	1	60	4
1145	0.75	0.875	1	60	5
1146	0.875	0.875	1	60	1
1147	0.5	0.875	1	60	3
1148	0.875	0.875	1	60	1
1149	0.875	0.875	1	60	1
1150	0.875	0.875	1	60	1
1151	0.875	0.875	1	60	2
1152	0.375	0.875	1	60	5
1153	0.875	0.875	1	60	2
1154	0.5	0.875	1	60	4
1155	0.8125	0.875	1	60	2
1156	0.875	0.875	1	60	4
1157	0.875	0.875	1	60	4
1158	0.5625	0.875	1	60	3
1159	0.5625	0.875	1	60	4
1160	0.875	0.875	1	60	1
1161	0.875	0.875	1	60	1
1162	0.5	0.875	1	60	1
1163	0.875	0.875	1	60	1
1164	0.875	0.875	1	60	1
1165	0.875	0.875	1	60	2
1166	0.875	0.875	1	60	1
1167	0.875	0.875	1	60	1
1168	0.875	0.875	1	60	1
1169	0.6875	0.875	1	60	4
1170	0.75	0.875	1	60	2
1171	0.625	0.875	1	60	4
1172	0.875	0.875	1	60	1
1173	0.875	0.875	1	60	2
1174	0.875	0.875	1	60	1
1175	0.875	0.875	1	60	2
1176	0.875	0.875	1	60	2
1177	0.625	0.875	1	60	2
1178	0.875	0.875	1	60	2
1179	0.875	0.875	1	60	1
1180	0.625	0.875	1	60	1
1181	0.875	0.875	1	60	2
1182	0.875	0.875	1	60	2
1183	0.875	0.875	1	60	2
1184	0.875	0.875	1	60	2
1185	0.625	0.875	1	60	4
1186	0.75	0.875	1	60	1
1187	0.5	0.875	1	60	1
1188	0.875	0.875	1	60	4
1189	0.875	0.875	1	60	2
1190	0.875	0.875	1	60	3
1191	0.875	0.875	1	60	2
1192	0.875	0.875	1	60	3
1193	0.875	0.875	1	60	1
1194	0.875	0.875	1	60	3
1195	0.875	0.875	1	60	2
1196	0.875	0.875	1	60	3
1197	0.875	0.875	1	60	2
1198	0.75	0.875	1	60	1
1199	0.875	0.875	1	60	1
1200	0.875	0.875	1	60	1
1201	0.875	0.875	1	60	2
1202	0.875	0.875	1	60	1
1203	0.875	0.875	1	60	2
1204	0.875	0.875	1	60	4
1205	0.875	0.875	1	60	2
1206	0.875	0.875	1	60	2
1207	0.875	0.875	1	60	1
1208	0.5	0.875	1	60	1
1209	0.875	0.875	1	60	3
1210	0.5	0.875	1	60	3
1211	0.75	0.875	1	60	1
1212	0.875	0.875	1	60	2
1213	0.875	0.875	1	60	2
1214	0.4375	0.875	1	60	2
1215	0.8125	0.875	1	60	2
1216	0.875	0.875	1	60	3
1217	0.625	0.875	1	60	2
1218	0.875	0.875	1	60	1
1219	0.625	0.875	1	60	2
1220	0.875	0.875	1	60	2
1221	0.875	0.875	1	60	1
1222	0.875	0.875	1	60	4
1223	0.875	0.875	1	60	1
1224	0.875	0.875	1	60	2
1225	0.875	0.875	1	60	2
1226	0.875	0.875	1	60	1
1227	0.875	0.875	1	60	3
1228	0.6875	0.875	1	60	3
1229	0.8125	0.875	1	60	1
1230	0.75	0.875	1	60	2
1231	0.875	0.875	1	60	4
1232	0.875	0.875	1	60	1
1233	0.875	0.875	1	60	3
1234	0.875	0.875	1	60	1
1235	0.875	0.875	1	60	2
1236	0.6875	0.875	1	60	2
1237	0.875	0.875	1	60	1
1238	0.875	0.875	1	60	2
1239	0.875	0.875	1	60	1
1240	0.5625	0.875	1	60	4
1241	0.875	0.875	1	60	1
1242	0.875	0.875	1	60	2
1243	0.875	0.875	1	60	3
1244	0.625	0.875	1	60	1
1245	0.875	0.875	1	60	1
1246	0.5	0.875	1	60	4
1247	0.875	0.875	1	60	2
1248	0.75	0.875	1	60	3
1249	0.875	0.875	1	60	1
1250	0.875	0.875	1	60	2
1251	0.875	0.875	1	60	1
1252	0.875	0.875	1	60	2
1253	0.875	0.875	1	60	1
1254	0.6875	0.875	1	60	1
1255	0.875	0.875	1	60	2
1256	0.875	0.875	1	60	2
1257	0.875	0.875	1	60	2
1258	0.6875	0.875	1	60	3
1259	0.75	0.875	1	60	1
1260	0.875	0.875	1	60	2
1261	0.875	0.875	1	60	1
1262	0.875	0.875	1	60	3
1263	0.875	0.875	1	60	2
1264	0.75	0.875	1	60	2
1265	0.875	0.875	1	60	1
1266	0.75	0.875	1	60	2
1267	0.875	0.875	1	60	1
1268	0.875	0.875	1	60	2
1269	0.8125	0.875	1	60	4
1270	0.5	0.875	1	60	3
1271	0.875	0.875	1	60	5
1272	0.875	0.875	1	60	2
1273	0.875	0.875	1	60	1
1274	0.875	0.875	1	60	3
1275	0.5	0.875	1	60	4
1276	0.6875	0.875	1	60	5
1277	0.875	0.875	1	60	2
1278	0.875	0.875	1	60	3
1279	0.6875	0.875	1	60	3
1280	0.8125	0.875	1	60	1
1281	0.875	0.875	1	60	4
1282	0.8125	0.875	1	60	4
1283	0.75	0.875	1	60	2
1284	0.875	0.875	1	60	3
1285	0.6875	0.875	1	60	3
1286	0.875	0.875	1	60	2
1287	0.8125	0.875	1	60	2
1288	0.5625	0.875	1	60	3
1289	0.6875	0.875	1	60	1
1290	0.875	0.875	1	60	2
1291	0.5	0.875	1	60	1
1292	0.875	0.875	1	60	2
1293	0.8125	0.875	1	60	1
1294	0.875	0.875	1	60	4
1295	0.875	0.875	1	60	1
1296	0.75	0.875	1	60	2
1297	0.75	0.875	1	60	4
1298	0.875	0.875	1	60	3
1299	0.875	0.875	1	60	1
1300	0.875	0.875	1	60	2
1301	0.875	0.875	1	60	4
1302	0.875	0.875	1	60	1
1303	0.8125	0.875	1	60	2
1304	0.75	0.875	1	60	2
1305	0.3125	0.875	1	60	2
1306	0.875	0.875	1	60	4
1307	0.875	0.875	1	60	1
1308	0.5	0.875	1	60	3
1309	0.875	0.875	1	60	2
1310	0.875	0.875	1	60	2
1311	0.875	0.875	1	60	1
1312	0.875	0.875	1	60	1
1313	0.875	0.875	1	60	1
1314	0.8125	0.875	1	60	5
1315	0.875	0.875	1	60	1
1316	0.875	0.875	1	60	1
1317	0.5	0.875	1	60	4
1318	0.875	0.875	1	60	3
1319	0.875	0.875	1	60	2
1320	0.875	0.875	1	60	2
1321	0.875	0.875	1	60	3
1322	0.875	0.875	1	60	3
1323	0.875	0.875	1	60	2
1324	0.875	0.875	1	60	1
1325	0.875	0.875	1	60	1
1326	0.875	0.875	1	60	2
1327	0.625	0.875	1	60	1
1328	0.875	0.875	1	60	2
1329	0.875	0.875	1	60	2
1330	0.875	0.875	1	60	2
1331	0.875	0.875	1	60	2
1332	0.875	0.875	1	60	1
1333	0.875	0.875	1	60	1
1334	0.875	0.875	1	60	2
1335	0.875	0.875	1	60	2
1336	0.875	0.875	1	60	4
1337	0.875	0.875	1	60	1
1338	0.875	0.875	1	60	4
1339	0.625	0.875	1	60	2
1340	0.875	0.875	1	60	1
1341	0.875	0.875	1	60	1
1342	0.875	0.875	1	60	2
1343	0.875	0.875	1	60	1
1344	0.875	0.875	1	60	5
1345	0.875	0.875	1	60	2
1346	0.875	0.875	1	60	2
1347	0.6875	0.875	1	60	1
1348	0.75	0.875	1	60	3
1349	0.875	0.875	1	60	1
1350	0.5	0.875	1	60	5
1351	0.625	0.875	1	60	1
1352	0.875	0.875	1	60	3
1353	0.75	0.875	1	60	2
1354	0.75	0.875	1	60	1
1355	0.875	0.875	1	60	2
1356	0.75	0.875	1	60	3
1357	0.8125	0.875	1	60	2
1358	0.6875	0.875	1	60	4
1359	0.875	0.875	1	60	3
1360	0.875	0.875	1	60	2
1361	0.875	0.875	1	60	1
1362	0.625	0.875	1	60	4
1363	0.875	0.875	1	60	1
1364	0.875	0.875	1	60	3
1365	0.875	0.875	1	60	2
1366	0.875	0.875	1	60	2
1367	0.6875	0.875	1	60	1
1368	0.875	0.875	1	60	1
1369	0.875	0.875	1	60	1
1370	0.875	0.875	1	60	2
1371	0.875	0.875	1	60	3
1372	0.75	0.875	1	60	2
1373	0.6875	0.875	1	60	3
1374	0.875	0.875	1	60	2
1375	0.875	0.875	1	60	1
1376	0.875	0.875	1	60	1
1377	0.6875	0.875	1	60	1
1378	0.875	0.875	1	60	2
1379	0.875	0.875	1	60	3
1380	0.875	0.875	1	60	2
1381	0.625	0.875	1	60	5
1382	0.875	0.875	1	60	2
1383	0.875	0.875	1	60	1
1384	0.875	0.875	1	60	1
1385	0.875	0.875	1	60	1
1386	0.6875	0.875	1	60	2
1387	0.875	0.875	1	60	1
1388	0.875	0.875	1	60	1
1389	0.75	0.875	1	60	2
1390	0.5625	0.875	1	60	3
1391	0.875	0.875	1	60	3
1392	0.75	0.875	1	60	3
1393	0.875	0.875	1	60	1
1394	0.875	0.875	1	60	4
1395	0.875	0.875	1	60	2
1396	0.875	0.875	1	60	2
1397	0.875	0.875	1	60	1
1398	0.875	0.875	1	60	1
1399	0.875	0.875	1	60	1
1400	0.875	0.875	1	60	3
1401	0.875	0.875	1	60	1
1402	0.875	0.875	1	60	4
1403	0.6875	0.875	1	60	5
1404	0.875	0.875	1	60	2
1405	0.875	0.875	1	60	3
1406	0.75	0.875	1	60	1
1407	0.875	0.875	1	60	3
1408	0.875	0.875	1	60	3
1409	0.875	0.875	1	60	1
1410	0.875	0.875	1	60	1
1411	0.5625	0.875	1	60	5
1412	0.625	0.875	1	60	3
1413	0.75	0.875	1	60	4
1414	0.875	0.875	1	60	2
1415	0.875	0.875	1	60	1
1416	0.875	0.875	1	60	3
1417	0.875	0.875	1	60	2
1418	0.875	0.875	1	60	3
1419	0.875	0.875	1	60	1
1420	0.875	0.875	1	60	1
1421	0.875	0.875	1	60	3
1422	0.875	0.875	1	60	1
1423	0.875	0.875	1	60	2
1424	0.875	0.875	1	60	3
1425	0.75	0.875	1	60	3
1426	0.8125	0.875	1	60	1
1427	0.875	0.875	1	60	2
1428	0.875	0.875	1	60	2
1429	0.875	0.875	1	60	4
1430	0.875	0.875	1	60	2
1431	0.625	0.875	1	60	2
1432	0.75	0.875	1	60	2
1433	0.875	0.875	1	60	1
1434	0.875	0.875	1	60	1
1435	0.625	0.875	1	60	2
1436	0.875	0.875	1	60	1
1437	0.75	0.875	1	60	2
1438	0.875	0.875	1	60	2
1439	0.875	0.875	1	60	3
1440	0.625	0.875	1	60	3
1441	0.875	0.875	1	60	4
1442	0.875	0.875	1	60	1
1443	0.875	0.875	1	60	3
1444	0.875	0.875	1	60	2
1445	0.875	0.875	1	60	1
1446	0.875	0.875	1	60	2
1447	0.875	0.875	1	60	3
1448	0.875	0.875	1	60	1
1449	0.875	0.875	1	60	2
1450	0.875	0.875	1	60	1
1451	0.875	0.875	1	60	2
1452	0.875	0.875	1	60	3
1453	0.875	0.875	1	60	1
1454	0.625	0.875	1	60	2
1455	0.875	0.875	1	60	1
1456	0.6875	0.875	1	60	3
1457	0.875	0.875	1	60	2
1458	0.5625	0.875	1	60	3
1459	0.875	0.875	1	60	1
1460	0.75	0.875	1	60	2
1461	0.875	0.875	1	60	3
1462	0.875	0.875	1	60	3
1463	0.875	0.875	1	60	1
1464	0.625	0.875	1	60	5
1465	0.875	0.875	1	60	1
1466	0.875	0.875	1	60	3
1467	0.875	0.875	1	60	2
1468	0.875	0.875	1	60	2
1469	0.875	0.875	1	60	4
1470	0.875	0.875	1	60	1
1471	0.875	0.875	1	60	1
1472	0.75	0.875	1	60	4
1473	0.875	0.875	1	60	1
1474	0.875	0.875	1	60	2
1475	0.875	0.875	1	60	1
1476	0.875	0.875	1	60	4
1477	0.875	0.875	1	60	3
1478	0.875	0.875	1	60	1
1479	0.875	0.875	1	60	2
1480	0.875	0.875	1	60	3
1481	0.875	0.875	1	60	2
1482	0.875	0.875	1	60	2
1483	0.875	0.875	1	60	2
1484	0.875	0.875	1	60	4
1485	0.6875	0.875	1	60	1
1486	0.875	0.875	1	60	4
1487	0.875	0.875	1	60	2
1488	0.75	0.875	1	60	4
1489	0.875	0.875	1	60	1
1490	0.875	0.875	1	60	1
1491	0.75	0.875	1	60	2
1492	0.875	0.875	1	60	1
1493	0.875	0.875	1	60	2
1494	0.875	0.875	1	60	1
1495	0.875	0.875	1	60	2
1496	0.875	0.875	1	60	1
1497	0.75	0.875	1	60	3
1498	0.875	0.875	1	60	2
1499	0.875	0.875	1	60	2
1500	0.875	0.875	1	60	3
1501	0.75	0.875	1	60	1
1502	0.875	0.875	1	60	5
1503	0.75	0.875	1	60	1
1504	0.875	0.875	1	60	3
1505	0.875	0.875	1	60	1
1506	0.875	0.875	1	60	1
1507	0.875	0.875	1	60	1
1508	0.875	0.875	1	60	5
1509	0.875	0.875	1	60	1
1510	0.875	0.875	1	60	1
1511	0.875	0.875	1	60	4
1512	0.875	0.875	1	60	2
1513	0.75	0.875	1	60	2
1514	0.875	0.875	1	60	2
1515	0.875	0.875	1	60	1
1516	0.875	0.875	1	60	1
1517	0.875	0.875	1	60	2
1518	0.875	0.875	1	60	3
1519	0.875	0.875	1	60	2
1520	0.875	0.875	1	60	1
1521	0.75	0.875	1	60	1
1522	0.875	0.875	1	60	1
1523	0.875	0.875	1	60	1
1524	0.75	0.875	1	60	4
1525	0.875	0.875	1	60	1
1526	0.875	0.875	1	60	2
1527	0.875	0.875	1	60	2
1528	0.75	0.875	1	60	3
1529	0.875	0.875	1	60	1
1530	0.875	0.875	1	60	1
1531	0.875	0.875	1	60	1
1532	0.75	0.875	1	60	3
1533	0.75	0.875	1	60	2
1534	0.875	0.875	1	60	5
1535	0.875	0.875	1	60	2
1536	0.875	0.875	1	60	3
1537	0.75	0.875	1	60	2
1538	0.875	0.875	1	60	1
1539	0.875	0.875	1	60	1
1540	0.875	0.875	1	60	1
1541	0.875	0.875	1	60	3
1542	0.75	0.875	1	60	5
1543	0.625	0.875	1	60	4
1544	0.875	0.875	1	60	2
1545	0.875	0.875	1	60	1
1546	0.6875	0.875	1	60	5
1547	0.875	0.875	1	60	5
1548	0.875	0.875	1	60	3
1549	0.875	0.875	1	60	1
1550	0.875	0.875	1	60	4
1551	0.875	0.875	1	60	1
1552	0.875	0.875	1	60	2
1553	0.875	0.875	1	60	1
1554	0.625	0.875	1	60	6
1555	0.625	0.875	1	60	3
1556	0.875	0.875	1	60	2
1557	0.875	0.875	1	60	2
1558	0.875	0.875	1	60	2
1559	0.875	0.875	1	60	4
1560	0.875	0.875	1	60	3
1561	0.875	0.875	1	60	2
1562	0.875	0.875	1	60	1
1563	0.75	0.875	1	60	3
1564	0.875	0.875	1	60	3
1565	0.5	0.875	1	60	4
1566	0.625	0.875	1	60	1
1567	0.875	0.875	1	60	2
1568	0.875	0.875	1	60	2
1569	0.875	0.875	1	60	2
1570	0.875	0.875	1	60	3
1571	0.875	0.875	1	60	2
1572	0.875	0.875	1	60	2
1573	0.875	0.875	1	60	3
1574	0.875	0.875	1	60	2
1575	0.625	0.875	1	60	3
1576	0.875	0.875	1	60	1
1577	0.875	0.875	1	60	2
1578	0.875	0.875	1	60	1
1579	0.875	0.875	1	60	1
1580	0.875	0.875	1	60	1
1581	0.875	0.875	1	60	1
1582	0.875	0.875	1	60	2
1583	0.875	0.875	1	60	2
1584	0.875	0.875	1	60	2
1585	0.875	0.875	1	60	2
1586	0.875	0.875	1	60	2
1587	0.75	0.875	1	60	2
1588	0.875	0.875	1	60	4
1589	0.875	0.875	1	60	1
1590	0.875	0.875	1	60	2
1591	0.875	0.875	1	60	1
1592	0.75	0.875	1	60	3
1593	0.75	0.875	1	60	2
1594	0.75	0.875	1	60	4
1595	0.875	0.875	1	60	4
1596	0.875	0.875	1	60	3
1597	0.875	0.875	1	60	3
1598	0.75	0.875	1	60	3
1599	0.625	0.875	1	60	3
1600	0.875	0.875	1	60	3
1601	0.75	0.875	1	60	3
1602	0.875	0.875	1	60	2
1603	0.875	0.875	1	60	3
1604	0.75	0.875	1	60	2
1605	0.875	0.875	1	60	1
1606	0.875	0.875	1	60	4
1607	0.75	0.875	1	60	2
1608	0.875	0.875	1	60	1
1609	0.875	0.875	1	60	2
1610	0.75	0.875	1	60	2
1611	0.875	0.875	1	60	1
1612	0.875	0.875	1	60	3
1613	0.875	0.875	1	60	1
1614	0.75	0.875	1	60	4
1615	0.875	0.875	1	60	1
1616	0.875	0.875	1	60	1
1617	0.875	0.875	1	60	3
1618	0.875	0.875	1	60	1
1619	0.875	0.875	1	60	5
1620	0.75	0.875	1	60	1
1621	0.875	0.875	1	60	6
1622	0.875	0.875	1	60	3
1623	0.875	0.875	1	60	2
1624	0.875	0.875	1	60	1
1625	0.875	0.875	1	60	2
1626	0.75	0.875	1	60	1
1627	0.875	0.875	1	60	4
1628	0.875	0.875	1	60	3
1629	0.875	0.875	1	60	1
1630	0.875	0.875	1	60	2
1631	0.875	0.875	1	60	3
1632	0.875	0.875	1	60	2
1633	0.875	0.875	1	60	1
1634	0.875	0.875	1	60	3
1635	0.75	0.875	1	60	4
1636	0.875	0.875	1	60	2
1637	0.875	0.875	1	60	3
1638	0.625	0.875	1	60	2
1639	0.875	0.875	1	60	2
1640	0.875	0.875	1	60	4
1641	0.875	0.875	1	60	2
1642	0.625	0.875	1	60	2
1643	0.75	0.875	1	60	3
1644	0.875	0.875	1	60	1
1645	0.875	0.875	1	60	2
1646	0.875	0.875	1	60	1
1647	0.875	0.875	1	60	1
1648	0.875	0.875	1	60	2
1649	0.875	0.875	1	60	1
1650	0.8125	0.875	1	60	2
1651	0.75	0.875	1	60	2
1652	0.875	0.875	1	60	2
1653	0.5	0.875	1	60	4
1654	0.875	0.875	1	60	1
1655	0.875	0.875	1	60	2
1656	0.875	0.875	1	60	3
1657	0.875	0.875	1	60	2
1658	0.875	0.875	1	60	3
1659	0.875	0.875	1	60	1
1660	0.875	0.875	1	60	2
1661	0.875	0.875	1	60	1
1662	0.875	0.875	1	60	2
1663	0.875	0.875	1	60	2
1664	0.875	0.875	1	60	2
1665	0.875	0.875	1	60	3
1666	0.875	0.875	1	60	2
1667	0.875	0.875	1	60	1
1668	0.875	0.875	1	60	1
1669	0.875	0.875	1	60	3
1670	0.6875	0.875	1	60	4
1671	0.875	0.875	1	60	2
1672	0.875	0.875	1	60	2
1673	0.875	0.875	1	60	1
1674	0.875	0.875	1	60	1
1675	0.75	0.875	1	60	3
1676	0.75	0.875	1	60	2
1677	0.875	0.875	1	60	1
1678	0.875	0.875	1	60	1
1679	0.625	0.875	1	60	4
1680	0.875	0.875	1	60	1
1681	0.875	0.875	1	60	2
1682	0.875	0.875	1	60	1
1683	0.875	0.875	1	60	2
1684	0.875	0.875	1	60	3
1685	0.875	0.875	1	60	1
1686	0.75	0.875	1	60	2
1687	0.875	0.875	1	60	2
1688	0.625	0.875	1	60	3
1689	0.875	0.875	1	60	1
1690	0.875	0.875	1	60	1
1691	0.875	0.875	1	60	5
1692	0.875	0.875	1	60	1
1693	0.75	0.875	1	60	2
1694	0.75	0.875	1	60	3
1695	0.875	0.875	1	60	2
1696	0.875	0.875	1	60	2
1697	0.875	0.875	1	60	2
1698	0.625	0.875	1	60	5
1699	0.875	0.875	1	60	1
1700	0.875	0.875	1	60	2
1701	0.875	0.875	1	60	1
1702	0.875	0.875	1	60	2
1703	0.625	0.875	1	60	3
1704	0.875	0.875	1	60	4
1705	0.625	0.875	1	60	2
1706	0.875	0.875	1	60	4
1707	0.75	0.875	1	60	1
1708	0.5625	0.875	1	60	2
1709	0.875	0.875	1	60	3
1710	0.875	0.875	1	60	1
1711	0.875	0.875	1	60	2
1712	0.875	0.875	1	60	1
1713	0.625	0.875	1	60	2
1714	0.625	0.875	1	60	2
1715	0.75	0.875	1	60	3
1716	0.875	0.875	1	60	4
1717	1	1	1	60	2
## Seeds    : 1002624469, 49763
## Runtime  : 0h 0m 18s.
## Begins at: Thu Oct 28 16:07:49 2004
## Ends   at: Thu Oct 28 16:08:07 2004
