1	0.5
2	0.5
3	0.515625
4	0.53125
5	0.53125
6	0.53125
7	0.53125
8	0.5625
9	0.5625
10	0.5625
11	0.5625
12	0.5625
13	0.5625
14	0.5625
15	0.5625
16	0.5625
17	0.5625
18	0.5625
19	0.5625
20	0.5625
21	0.5625
22	0.5625
23	0.5625
24	0.5625
25	0.5625
26	0.5625
27	0.5625
28	0.5625
29	0.5625
30	0.5625
31	0.5625
32	0.5625
33	0.5625
34	0.5625
35	0.5625
36	0.5625
37	0.5625
38	0.5625
39	0.5625
40	0.5625
41	0.5625
42	0.5625
43	0.5625
44	0.5625
45	0.5625
46	0.5625
47	0.5625
48	0.5625
49	0.5625
50	0.5625
51	0.5625
52	0.5625
53	0.5625
54	0.5625
55	0.5625
56	0.5625
57	0.5625
58	0.5625
59	0.5625
60	0.5625
61	0.5625
62	0.5625
63	0.5625
64	0.5625
65	0.5625
66	0.5625
67	0.5625
68	0.5625
69	0.5625
70	0.5625
71	0.5625
72	0.5625
73	0.5625
74	0.5625
75	0.5625
76	0.5625
77	0.5625
78	0.5625
79	0.5625
80	0.5625
81	0.5625
82	0.5625
83	0.5625
84	0.5625
85	0.5625
86	0.5625
87	0.5625
88	0.578125
89	0.578125
90	0.578125
91	0.578125
92	0.578125
93	0.578125
94	0.578125
95	0.578125
96	0.578125
97	0.578125
98	0.578125
99	0.578125
100	0.578125
101	0.59375
102	0.59375
103	0.59375
104	0.59375
105	0.59375
106	0.59375
107	0.59375
108	0.59375
109	0.59375
110	0.625
111	0.625
112	0.625
113	0.625
114	0.625
115	0.625
116	0.640625
117	0.640625
118	0.640625
119	0.640625
120	0.640625
121	0.671875
122	0.671875
123	0.671875
124	0.671875
125	0.671875
126	0.671875
127	0.671875
128	0.671875
129	0.671875
130	0.671875
131	0.671875
132	0.671875
133	0.671875
134	0.671875
135	0.671875
136	0.671875
137	0.671875
138	0.671875
139	0.671875
140	0.671875
141	0.671875
142	0.671875
143	0.671875
144	0.671875
145	0.671875
146	0.671875
147	0.671875
148	0.671875
149	0.671875
150	0.671875
151	0.671875
152	0.671875
153	0.671875
154	0.671875
155	0.671875
156	0.671875
157	0.671875
158	0.671875
159	0.671875
160	0.671875
161	0.671875
162	0.671875
163	0.671875
164	0.671875
165	0.6875
166	0.6875
167	0.6875
168	0.6875
169	0.6875
170	0.6875
171	0.6875
172	0.6875
173	0.6875
174	0.6875
175	0.6875
176	0.6875
177	0.6875
178	0.6875
179	0.6875
180	0.6875
181	0.6875
182	0.6875
183	0.6875
184	0.6875
185	0.6875
186	0.6875
187	0.6875
188	0.6875
189	0.6875
190	0.6875
191	0.6875
192	0.6875
193	0.6875
194	0.6875
195	0.6875
196	0.6875
197	0.6875
198	0.6875
199	0.6875
200	0.6875
201	0.6875
202	0.6875
203	0.6875
204	0.6875
205	0.6875
206	0.6875
207	0.6875
208	0.6875
209	0.6875
210	0.6875
211	0.6875
212	0.6875
213	0.6875
214	0.6875
215	0.6875
216	0.6875
217	0.6875
218	0.6875
219	0.6875
220	0.6875
221	0.6875
222	0.6875
223	0.6875
224	0.6875
225	0.6875
226	0.6875
227	0.6875
228	0.6875
229	0.6875
230	0.6875
231	0.6875
232	0.6875
233	0.6875
234	0.6875
235	0.6875
236	0.6875
237	0.6875
238	0.6875
239	0.6875
240	0.6875
241	0.6875
242	0.6875
243	0.6875
244	0.6875
245	0.6875
246	0.6875
247	0.6875
248	0.6875
249	0.6875
250	0.6875
251	0.6875
252	0.6875
253	0.6875
254	0.6875
255	0.6875
256	0.6875
257	0.6875
258	0.6875
259	0.6875
260	0.6875
261	0.6875
262	0.6875
263	0.6875
264	0.6875
265	0.6875
266	0.6875
267	0.6875
268	0.6875
269	0.6875
270	0.6875
271	0.6875
272	0.6875
273	0.6875
274	0.6875
275	0.6875
276	0.6875
277	0.6875
278	0.6875
279	0.6875
280	0.6875
281	0.6875
282	0.6875
283	0.6875
284	0.6875
285	0.6875
286	0.6875
287	0.6875
288	0.6875
289	0.6875
290	0.6875
291	0.6875
292	0.6875
293	0.6875
294	0.6875
295	0.6875
296	0.6875
297	0.6875
298	0.6875
299	0.6875
300	0.6875
301	0.6875
302	0.6875
303	0.6875
304	0.6875
305	0.6875
306	0.6875
307	0.6875
308	0.6875
309	0.6875
310	0.6875
311	0.6875
312	0.6875
313	0.6875
314	0.6875
315	0.6875
316	0.6875
317	0.6875
318	0.6875
319	0.6875
320	0.6875
321	0.6875
322	0.6875
323	0.6875
324	0.6875
325	0.6875
326	0.6875
327	0.6875
328	0.6875
329	0.6875
330	0.6875
331	0.6875
332	0.6875
333	0.6875
334	0.6875
335	0.6875
336	0.6875
337	0.6875
338	0.6875
339	0.6875
340	0.6875
341	0.6875
342	0.6875
343	0.6875
344	0.6875
345	0.6875
346	0.6875
347	0.6875
348	0.6875
349	0.6875
350	0.6875
351	0.6875
352	0.6875
353	0.6875
354	0.6875
355	0.6875
356	0.6875
357	0.6875
358	0.6875
359	0.6875
360	0.6875
361	0.6875
362	0.6875
363	0.6875
364	0.6875
365	0.6875
366	0.6875
367	0.6875
368	0.6875
369	0.6875
370	0.6875
371	0.6875
372	0.6875
373	0.6875
374	0.6875
375	0.6875
376	0.6875
377	0.6875
378	0.6875
379	0.6875
380	0.6875
381	0.6875
382	0.6875
383	0.6875
384	0.6875
385	0.6875
386	0.6875
387	0.6875
388	0.6875
389	0.6875
390	0.6875
391	0.6875
392	0.6875
393	0.6875
394	0.6875
395	0.6875
396	0.6875
397	0.6875
398	0.6875
399	0.6875
400	0.6875
401	0.6875
402	0.6875
403	0.6875
404	0.6875
405	0.6875
406	0.6875
407	0.6875
408	0.6875
409	0.6875
410	0.6875
411	0.6875
412	0.6875
413	0.6875
414	0.6875
415	0.6875
416	0.6875
417	0.6875
418	0.6875
419	0.6875
420	0.6875
421	0.6875
422	0.6875
423	0.6875
424	0.6875
425	0.6875
426	0.6875
427	0.6875
428	0.6875
429	0.6875
430	0.6875
431	0.6875
432	0.6875
433	0.6875
434	0.6875
435	0.6875
436	0.6875
437	0.6875
438	0.6875
439	0.6875
440	0.6875
441	0.6875
442	0.6875
443	0.6875
444	0.6875
445	0.6875
446	0.6875
447	0.6875
448	0.6875
449	0.6875
450	0.6875
451	0.6875
452	0.6875
453	0.6875
454	0.6875
455	0.6875
456	0.6875
457	0.6875
458	0.6875
459	0.6875
460	0.6875
461	0.6875
462	0.6875
463	0.6875
464	0.6875
465	0.6875
466	0.6875
467	0.6875
468	0.6875
469	0.6875
470	0.6875
471	0.6875
472	0.6875
473	0.6875
474	0.6875
475	0.6875
476	0.6875
477	0.6875
478	0.6875
479	0.6875
480	0.6875
481	0.6875
482	0.6875
483	0.6875
484	0.6875
485	0.6875
486	0.6875
487	0.6875
488	0.6875
489	0.6875
490	0.6875
491	0.6875
492	0.6875
493	0.6875
494	0.6875
495	0.6875
496	0.6875
497	0.6875
498	0.6875
499	0.6875
500	0.6875
501	0.6875
502	0.6875
503	0.6875
504	0.6875
505	0.6875
506	0.6875
507	0.6875
508	0.6875
509	0.6875
510	0.6875
511	0.6875
512	0.6875
513	0.6875
514	0.6875
515	0.6875
516	0.6875
517	0.6875
518	0.6875
519	0.6875
520	0.6875
521	0.6875
522	0.6875
523	0.6875
524	0.6875
525	0.6875
526	0.6875
527	0.6875
528	0.6875
529	0.6875
530	0.6875
531	0.6875
532	0.6875
533	0.6875
534	0.6875
535	0.6875
536	0.6875
537	0.6875
538	0.6875
539	0.6875
540	0.6875
541	0.6875
542	0.6875
543	0.6875
544	0.6875
545	0.6875
546	0.6875
547	0.6875
548	0.6875
549	0.6875
550	0.6875
551	0.6875
552	0.6875
553	0.6875
554	0.6875
555	0.6875
556	0.6875
557	0.6875
558	0.6875
559	0.6875
560	0.6875
561	0.6875
562	0.6875
563	0.6875
564	0.6875
565	0.6875
566	0.6875
567	0.6875
568	0.6875
569	0.6875
570	0.6875
571	0.6875
572	0.6875
573	0.6875
574	0.6875
575	0.6875
576	0.6875
577	0.6875
578	0.6875
579	0.6875
580	0.6875
581	0.6875
582	0.6875
583	0.6875
584	0.6875
585	0.6875
586	0.6875
587	0.6875
588	0.6875
589	0.6875
590	0.6875
591	0.6875
592	0.6875
593	0.6875
594	0.6875
595	0.6875
596	0.6875
597	0.6875
598	0.6875
599	0.6875
600	0.6875
601	0.6875
602	0.6875
603	0.6875
604	0.6875
605	0.6875
606	0.6875
607	0.6875
608	0.6875
609	0.6875
610	0.6875
611	0.6875
612	0.6875
613	0.6875
614	0.6875
615	0.6875
616	0.6875
617	0.6875
618	0.6875
619	0.6875
620	0.6875
621	0.6875
622	0.6875
623	0.6875
624	0.6875
625	0.6875
626	0.6875
627	0.6875
628	0.6875
629	0.6875
630	0.6875
631	0.6875
632	0.6875
633	0.6875
634	0.6875
635	0.6875
636	0.6875
637	0.6875
638	0.6875
639	0.6875
640	0.6875
641	0.6875
642	0.6875
643	0.6875
644	0.6875
645	0.6875
646	0.6875
647	0.6875
648	0.6875
649	0.6875
650	0.6875
651	0.6875
652	0.6875
653	0.6875
654	0.6875
655	0.6875
656	0.6875
657	0.6875
658	0.6875
659	0.6875
660	0.6875
661	0.6875
662	0.6875
663	0.6875
664	0.6875
665	0.6875
666	0.6875
667	0.6875
668	0.6875
669	0.6875
670	0.6875
671	0.6875
672	0.6875
673	0.6875
674	0.6875
675	0.6875
676	0.6875
677	0.6875
678	0.6875
679	0.6875
680	0.6875
681	0.6875
682	0.6875
683	0.6875
684	0.6875
685	0.6875
686	0.6875
687	0.6875
688	0.6875
689	0.6875
690	0.6875
691	0.6875
692	0.6875
693	0.6875
694	0.6875
695	0.6875
696	0.6875
697	0.6875
698	0.6875
699	0.6875
700	0.6875
701	0.6875
702	0.6875
703	0.6875
704	0.6875
705	0.6875
706	0.6875
707	0.6875
708	0.6875
709	0.6875
710	0.6875
711	0.6875
712	0.6875
713	0.6875
714	0.6875
715	0.6875
716	0.6875
717	0.6875
718	0.6875
719	0.6875
720	0.6875
721	0.6875
722	0.6875
723	0.6875
724	0.6875
725	0.6875
726	0.6875
727	0.6875
728	0.6875
729	0.6875
730	0.6875
731	0.6875
732	0.6875
733	0.6875
734	0.6875
735	0.6875
736	0.6875
737	0.6875
738	0.6875
739	0.6875
740	0.6875
741	0.6875
742	0.6875
743	0.6875
744	0.6875
745	0.6875
746	0.6875
747	0.6875
748	0.6875
749	0.6875
750	0.6875
751	0.6875
752	0.6875
753	0.6875
754	0.6875
755	0.6875
756	0.6875
757	0.6875
758	0.6875
759	0.6875
760	0.6875
761	0.6875
762	0.6875
763	0.6875
764	0.6875
765	0.6875
766	0.6875
767	0.6875
768	0.6875
769	0.6875
770	0.6875
771	0.6875
772	0.6875
773	0.6875
774	0.6875
775	0.6875
776	0.6875
777	0.6875
778	0.6875
779	0.6875
780	0.6875
781	0.6875
782	0.6875
783	0.6875
784	0.6875
785	0.6875
786	0.6875
787	0.6875
788	0.6875
789	0.6875
790	0.6875
791	0.6875
792	0.6875
793	0.6875
794	0.6875
795	0.6875
796	0.6875
797	0.6875
798	0.6875
799	0.6875
800	0.6875
801	0.6875
802	0.6875
803	0.6875
804	0.6875
805	0.6875
806	0.6875
807	0.6875
808	0.6875
809	0.6875
810	0.6875
811	0.6875
812	0.6875
813	0.6875
814	0.6875
815	0.6875
816	0.6875
817	0.6875
818	0.6875
819	0.6875
820	0.6875
821	0.6875
822	0.6875
823	0.6875
824	0.6875
825	0.6875
826	0.6875
827	0.6875
828	0.6875
829	0.6875
830	0.6875
831	0.6875
832	0.6875
833	0.6875
834	0.6875
835	0.6875
836	0.6875
837	0.6875
838	0.6875
839	0.6875
840	0.6875
841	0.6875
842	0.6875
843	0.6875
844	0.6875
845	0.6875
846	0.6875
847	0.6875
848	0.6875
849	0.6875
850	0.6875
851	0.6875
852	0.6875
853	0.6875
854	0.6875
855	0.6875
856	0.75
857	0.75
858	0.75
859	0.75
860	0.75
861	0.75
862	0.75
863	0.75
864	0.75
865	0.75
866	0.75
867	0.75
868	0.75
869	0.75
870	0.75
871	0.75
872	0.75
873	0.75
874	0.75
875	0.75
876	0.75
877	0.75
878	0.75
879	0.75
880	0.75
881	0.75
882	0.75
883	0.75
884	0.75
885	0.75
886	0.75
887	0.75
888	0.75
889	0.75
890	0.75
891	0.75
892	0.75
893	0.75
894	0.75
895	0.75
896	0.75
897	0.75
898	0.75
899	0.75
900	0.75
901	0.75
902	0.75
903	0.75
904	0.75
905	0.75
906	0.75
907	0.75
908	0.75
909	0.75
910	0.75
911	0.75
912	0.75
913	0.75
914	0.75
915	0.75
916	0.75
917	0.75
918	0.75
919	0.75
920	0.75
921	0.75
922	0.75
923	0.75
924	0.75
925	0.75
926	0.75
927	0.75
928	0.75
929	0.75
930	0.75
931	0.75
932	0.75
933	0.75
934	0.75
935	0.75
936	0.75
937	0.75
938	0.75
939	0.75
940	0.75
941	0.75
942	0.75
943	0.75
944	0.75
945	0.75
946	0.75
947	0.75
948	0.75
949	0.75
950	0.75
951	0.75
952	0.75
953	0.75
954	0.75
955	0.75
956	0.75
957	0.75
958	0.75
959	0.75
960	0.75
961	0.75
962	0.75
963	0.75
964	0.75
965	0.75
966	0.75
967	0.75
968	0.75
969	0.75
970	0.75
971	0.75
972	0.8125
973	0.8125
974	0.8125
975	0.8125
976	0.8125
977	0.8125
978	0.8125
979	0.8125
980	0.8125
981	0.8125
982	0.8125
983	0.8125
984	0.8125
985	0.8125
986	0.8125
987	0.8125
988	0.8125
989	0.8125
990	0.8125
991	0.8125
992	0.8125
993	0.8125
994	0.8125
995	0.8125
996	0.8125
997	0.8125
998	0.8125
999	0.8125
1000	0.8125
1001	0.8125
1002	0.8125
1003	0.8125
1004	0.8125
1005	0.8125
1006	0.8125
1007	0.8125
1008	0.8125
1009	0.8125
1010	0.8125
1011	0.8125
1012	0.8125
1013	0.8125
1014	0.8125
1015	0.8125
1016	0.8125
1017	0.8125
1018	0.8125
1019	0.8125
1020	0.8125
1021	0.8125
1022	0.8125
1023	0.8125
1024	0.8125
1025	0.8125
1026	0.8125
1027	0.8125
1028	0.8125
1029	0.8125
1030	0.8125
1031	0.8125
1032	0.8125
1033	0.8125
1034	0.8125
1035	0.8125
1036	0.8125
1037	0.8125
1038	0.8125
1039	0.8125
1040	0.8125
1041	0.8125
1042	0.8125
1043	0.8125
1044	0.8125
1045	0.8125
1046	0.8125
1047	0.8125
1048	0.8125
1049	0.8125
1050	0.8125
1051	0.8125
1052	0.8125
1053	0.8125
1054	0.8125
1055	0.8125
1056	0.8125
1057	0.8125
1058	0.8125
1059	0.8125
1060	0.8125
1061	0.8125
1062	0.8125
1063	0.8125
1064	0.8125
1065	0.8125
1066	0.8125
1067	0.8125
1068	0.8125
1069	0.8125
1070	0.8125
1071	0.828125
1072	0.828125
1073	0.828125
1074	0.828125
1075	0.828125
1076	0.828125
1077	0.828125
1078	0.828125
1079	0.828125
1080	0.828125
1081	0.828125
1082	0.828125
1083	0.828125
1084	0.828125
1085	0.828125
1086	0.828125
1087	0.828125
1088	0.828125
1089	0.828125
1090	0.828125
1091	0.828125
1092	0.828125
1093	0.828125
1094	0.828125
1095	0.828125
1096	0.828125
1097	0.828125
1098	0.828125
1099	0.828125
1100	0.828125
1101	0.828125
1102	0.828125
1103	0.828125
1104	0.828125
1105	0.828125
1106	0.828125
1107	0.828125
1108	0.828125
1109	0.828125
1110	0.828125
1111	0.828125
1112	0.828125
1113	0.828125
1114	0.828125
1115	0.828125
1116	0.828125
1117	0.828125
1118	0.828125
1119	0.828125
1120	0.828125
1121	0.828125
1122	0.828125
1123	0.828125
1124	0.828125
1125	0.828125
1126	0.828125
1127	0.828125
1128	0.84375
1129	0.84375
1130	0.84375
1131	0.84375
1132	0.84375
1133	0.84375
1134	0.84375
1135	0.84375
1136	0.84375
1137	0.84375
1138	0.84375
1139	0.84375
1140	0.84375
1141	0.84375
1142	0.84375
1143	0.84375
1144	0.84375
1145	0.84375
1146	0.84375
1147	0.84375
1148	0.84375
1149	0.84375
1150	0.84375
1151	0.84375
1152	0.84375
1153	0.84375
1154	0.84375
1155	0.84375
1156	0.84375
1157	0.84375
1158	0.84375
1159	0.84375
1160	0.84375
1161	0.84375
1162	0.84375
1163	0.84375
1164	0.84375
1165	0.84375
1166	0.84375
1167	0.84375
1168	0.84375
1169	0.84375
1170	0.84375
1171	0.84375
1172	0.84375
1173	0.84375
1174	0.84375
1175	0.84375
1176	0.84375
1177	0.84375
1178	0.84375
1179	0.84375
1180	0.84375
1181	0.84375
1182	0.84375
1183	0.84375
1184	0.84375
1185	0.84375
1186	0.84375
1187	0.84375
1188	0.84375
1189	0.84375
1190	0.84375
1191	0.84375
1192	0.84375
1193	0.84375
1194	0.84375
1195	0.84375
1196	0.84375
1197	0.84375
1198	0.84375
1199	0.84375
1200	0.84375
1201	0.84375
1202	0.84375
1203	0.84375
1204	0.84375
1205	0.84375
1206	0.84375
1207	0.84375
1208	0.84375
1209	0.84375
1210	0.84375
1211	0.84375
1212	0.84375
1213	0.84375
1214	0.84375
1215	0.84375
1216	0.84375
1217	0.84375
1218	0.84375
1219	0.84375
1220	0.84375
1221	0.84375
1222	0.84375
1223	0.84375
1224	0.84375
1225	0.84375
1226	0.84375
1227	0.84375
1228	0.84375
1229	0.84375
1230	0.84375
1231	0.84375
1232	0.84375
1233	0.84375
1234	0.84375
1235	0.84375
1236	0.84375
1237	0.84375
1238	0.84375
1239	0.84375
1240	0.84375
1241	0.84375
1242	0.84375
1243	0.84375
1244	0.84375
1245	0.84375
1246	0.84375
1247	0.84375
1248	0.84375
1249	0.84375
1250	0.84375
1251	0.84375
1252	0.84375
1253	0.84375
1254	0.84375
1255	0.84375
1256	0.84375
1257	0.84375
1258	0.84375
1259	0.84375
1260	0.84375
1261	0.84375
1262	0.84375
1263	0.84375
1264	0.84375
1265	0.84375
1266	0.84375
1267	0.84375
1268	0.84375
1269	0.84375
1270	0.84375
1271	0.84375
1272	0.84375
1273	0.84375
1274	0.84375
1275	0.84375
1276	0.84375
1277	0.84375
1278	0.84375
1279	0.84375
1280	0.84375
1281	0.84375
1282	0.84375
1283	0.84375
1284	0.84375
1285	0.84375
1286	0.84375
1287	0.84375
1288	0.84375
1289	0.84375
1290	0.84375
1291	0.84375
1292	0.84375
1293	0.84375
1294	0.84375
1295	0.84375
1296	0.84375
1297	0.84375
1298	0.84375
1299	0.84375
1300	0.84375
1301	0.84375
1302	0.84375
1303	0.84375
1304	0.84375
1305	0.84375
1306	0.84375
1307	0.84375
1308	0.84375
1309	0.84375
1310	0.84375
1311	0.84375
1312	0.84375
1313	0.84375
1314	0.84375
1315	0.84375
1316	0.84375
1317	0.84375
1318	0.84375
1319	0.84375
1320	0.84375
1321	0.84375
1322	0.84375
1323	0.84375
1324	0.84375
1325	0.84375
1326	0.84375
1327	0.84375
1328	0.84375
1329	0.84375
1330	0.84375
1331	0.84375
1332	0.84375
1333	0.84375
1334	0.84375
1335	0.84375
1336	0.84375
1337	0.84375
1338	0.84375
1339	0.84375
1340	0.84375
1341	0.84375
1342	0.84375
1343	0.84375
1344	0.84375
1345	0.84375
1346	0.875
1347	0.875
1348	0.875
1349	0.875
1350	0.875
1351	0.875
1352	0.875
1353	0.875
1354	0.875
1355	0.875
1356	0.875
1357	0.875
1358	0.875
1359	0.875
1360	0.875
1361	0.875
1362	0.875
1363	0.875
1364	0.875
1365	0.875
1366	0.875
1367	0.875
1368	0.875
1369	0.875
1370	0.875
1371	0.875
1372	0.875
1373	0.875
1374	0.875
1375	0.875
1376	0.875
1377	0.875
1378	0.875
1379	0.875
1380	0.875
1381	0.875
1382	0.875
1383	0.875
1384	0.875
1385	0.875
1386	0.875
1387	0.875
1388	0.875
1389	0.875
1390	0.875
1391	0.875
1392	0.875
1393	0.875
1394	0.875
1395	0.875
1396	0.875
1397	0.875
1398	0.875
1399	0.875
1400	0.875
1401	0.875
1402	0.875
1403	0.875
1404	0.875
1405	0.875
1406	0.875
1407	0.875
1408	0.875
1409	0.875
1410	0.875
1411	0.875
1412	0.875
1413	0.875
1414	0.875
1415	0.875
1416	0.875
1417	0.875
1418	0.875
1419	0.875
1420	0.875
1421	0.875
1422	0.875
1423	0.875
1424	0.875
1425	0.875
1426	0.875
1427	0.875
1428	0.875
1429	0.875
1430	0.875
1431	0.875
1432	0.875
1433	0.875
1434	0.875
1435	0.875
1436	0.875
1437	0.875
1438	0.875
1439	0.875
1440	0.875
1441	0.875
1442	0.875
1443	0.875
1444	0.875
1445	0.875
1446	0.875
1447	0.875
1448	0.875
1449	0.875
1450	0.875
1451	0.875
1452	0.875
1453	0.875
1454	0.875
1455	0.875
1456	0.875
1457	0.875
1458	0.875
1459	0.875
1460	0.875
1461	0.875
1462	0.875
1463	0.875
1464	0.875
1465	0.875
1466	0.875
1467	0.875
1468	0.875
1469	0.875
1470	0.875
1471	0.875
1472	0.875
1473	0.875
1474	0.875
1475	0.875
1476	0.875
1477	0.875
1478	0.875
1479	0.875
1480	0.875
1481	0.875
1482	0.875
1483	0.875
1484	0.875
1485	0.875
1486	0.875
1487	0.875
1488	0.875
1489	0.875
1490	0.875
1491	0.875
1492	0.875
1493	0.875
1494	0.875
1495	0.875
1496	0.875
1497	0.875
1498	0.875
1499	0.875
1500	0.875
1501	0.875
1502	0.875
1503	0.875
1504	0.875
1505	0.875
1506	0.875
1507	0.875
1508	0.875
1509	0.875
1510	0.875
1511	0.875
1512	0.875
1513	0.875
1514	0.875
1515	0.875
1516	0.875
1517	0.875
1518	0.875
1519	0.875
1520	0.875
1521	0.875
1522	0.875
1523	0.875
1524	0.875
1525	0.875
1526	0.875
1527	0.875
1528	0.875
1529	0.875
1530	0.875
1531	0.875
1532	0.875
1533	0.875
1534	0.875
1535	0.875
1536	0.875
1537	0.875
1538	0.875
1539	0.875
1540	0.875
1541	0.875
1542	0.875
1543	0.875
1544	0.875
1545	0.875
1546	0.875
1547	0.875
1548	0.875
1549	0.875
1550	0.875
1551	0.875
1552	0.875
1553	0.875
1554	0.875
1555	0.875
1556	0.875
1557	0.875
1558	0.875
1559	0.875
1560	0.875
1561	0.875
1562	0.875
1563	0.875
1564	0.875
1565	0.875
1566	0.875
1567	0.875
1568	0.875
1569	0.875
1570	0.875
1571	0.875
1572	0.875
1573	0.875
1574	0.875
1575	0.875
1576	0.875
1577	0.875
1578	0.875
1579	0.875
1580	0.875
1581	0.875
1582	0.875
1583	0.875
1584	0.875
1585	0.875
1586	0.875
1587	0.875
1588	0.875
1589	0.875
1590	0.875
1591	0.875
1592	0.875
1593	0.875
1594	0.875
1595	0.875
1596	0.875
1597	0.875
1598	0.875
1599	0.875
1600	0.875
1601	0.875
1602	0.875
1603	0.875
1604	0.875
1605	0.875
1606	0.875
1607	0.875
1608	0.875
1609	0.875
1610	0.875
1611	0.875
1612	0.875
1613	0.875
1614	0.875
1615	0.875
1616	0.875
1617	0.875
1618	0.875
1619	0.875
1620	0.875
1621	0.875
1622	0.875
1623	0.875
1624	0.875
1625	0.875
1626	0.875
1627	0.875
1628	0.875
1629	0.875
1630	0.875
1631	0.875
1632	0.875
1633	0.875
1634	0.875
1635	0.875
1636	0.875
1637	0.875
1638	0.875
1639	0.875
1640	0.875
1641	0.875
1642	0.875
1643	0.875
1644	0.875
1645	0.875
1646	0.875
1647	0.875
1648	0.875
1649	0.875
1650	0.875
1651	0.875
1652	0.875
1653	0.875
1654	0.875
1655	0.875
1656	0.875
1657	0.875
1658	0.875
1659	0.875
1660	0.875
1661	0.875
1662	0.875
1663	0.875
1664	0.875
1665	0.875
1666	0.875
1667	0.875
1668	0.875
1669	0.875
1670	0.875
1671	0.875
1672	0.875
1673	0.875
1674	0.875
1675	0.875
1676	0.875
1677	0.875
1678	0.875
1679	0.875
1680	0.875
1681	0.875
1682	0.875
1683	0.875
1684	0.875
1685	0.875
1686	0.875
1687	0.875
1688	0.875
1689	0.875
1690	0.875
1691	0.875
1692	0.875
1693	0.875
1694	0.875
1695	0.875
1696	0.875
1697	0.875
1698	0.875
1699	0.875
1700	0.875
1701	0.875
1702	0.875
1703	0.875
1704	0.875
1705	0.875
1706	0.875
1707	0.875
1708	0.875
1709	0.875
1710	0.875
1711	0.875
1712	0.875
1713	0.875
1714	0.875
1715	0.875
1716	0.875
1717	0.875
1718	0.875
1719	0.875
1720	0.875
1721	0.875
1722	0.875
1723	0.875
1724	0.875
1725	0.875
1726	0.875
1727	0.875
1728	0.875
1729	0.875
1730	0.875
1731	0.875
1732	0.875
1733	0.875
1734	0.875
1735	0.875
1736	0.875
1737	0.875
1738	0.875
1739	0.875
1740	0.875
1741	0.875
1742	0.875
1743	0.875
1744	0.875
1745	0.875
1746	0.875
1747	0.875
1748	0.875
1749	0.875
1750	0.875
1751	0.875
1752	0.875
1753	0.875
1754	0.875
1755	0.875
1756	0.875
1757	0.875
1758	0.875
1759	0.875
1760	0.875
1761	0.875
1762	0.875
1763	0.875
1764	0.875
1765	0.875
1766	0.875
1767	0.875
1768	0.875
1769	0.875
1770	0.875
1771	0.875
1772	0.875
1773	0.875
1774	0.875
1775	0.875
1776	0.875
1777	0.875
1778	0.875
1779	0.875
1780	0.875
1781	0.875
1782	0.875
1783	0.875
1784	0.875
1785	0.875
1786	0.875
1787	0.875
1788	0.875
1789	0.875
1790	0.875
1791	0.875
1792	0.875
1793	0.875
1794	0.875
1795	0.875
1796	0.875
1797	0.875
1798	0.875
1799	0.875
1800	0.875
1801	0.875
1802	0.875
1803	0.875
1804	0.875
1805	0.875
1806	0.875
1807	0.875
1808	0.875
1809	0.875
1810	0.875
1811	0.875
1812	0.875
1813	0.875
1814	0.875
1815	0.875
1816	0.875
1817	0.875
1818	0.875
1819	0.875
1820	0.875
1821	0.875
1822	0.875
1823	0.875
1824	0.875
1825	0.875
1826	0.875
1827	0.875
1828	0.875
1829	0.875
1830	0.875
1831	0.875
1832	0.875
1833	0.875
1834	0.875
1835	0.875
1836	0.875
1837	0.875
1838	0.875
1839	0.875
1840	0.875
1841	0.875
1842	0.875
1843	0.875
1844	0.875
1845	0.875
1846	0.9375
1847	0.9375
1848	0.9375
1849	0.9375
1850	0.9375
1851	0.9375
1852	0.9375
1853	0.9375
1854	0.9375
1855	0.9375
1856	0.9375
1857	0.9375
1858	0.9375
1859	0.9375
1860	0.9375
1861	0.9375
1862	0.9375
1863	0.9375
1864	0.9375
1865	0.9375
1866	0.9375
1867	0.9375
1868	0.9375
1869	0.9375
1870	0.9375
1871	0.9375
1872	0.9375
1873	0.9375
1874	0.9375
1875	0.9375
1876	0.9375
1877	0.9375
1878	0.9375
1879	0.9375
1880	0.9375
1881	0.9375
1882	0.9375
1883	0.9375
1884	0.9375
1885	0.9375
1886	0.9375
1887	0.9375
1888	0.9375
1889	0.9375
1890	0.9375
1891	0.9375
1892	0.9375
1893	0.9375
1894	0.9375
1895	0.9375
1896	0.9375
1897	0.9375
1898	0.9375
1899	0.9375
1900	0.9375
1901	0.9375
1902	0.9375
1903	0.9375
1904	0.9375
1905	0.9375
1906	0.9375
1907	0.9375
1908	0.9375
1909	0.9375
1910	0.9375
1911	0.9375
1912	0.9375
1913	0.9375
1914	0.9375
1915	0.9375
1916	0.9375
1917	0.9375
1918	0.9375
1919	0.9375
1920	0.9375
1921	0.9375
1922	0.9375
1923	0.9375
1924	0.9375
1925	0.9375
1926	0.9375
1927	0.9375
1928	0.9375
1929	0.9375
1930	0.9375
1931	0.9375
1932	0.9375
1933	0.9375
1934	0.9375
1935	0.9375
1936	0.9375
1937	0.9375
1938	0.9375
1939	0.9375
1940	0.9375
1941	0.9375
1942	0.9375
1943	0.9375
1944	0.9375
1945	0.9375
1946	0.9375
1947	0.9375
1948	0.9375
1949	0.9375
1950	0.9375
1951	0.9375
1952	0.9375
1953	0.9375
1954	0.9375
1955	0.9375
1956	0.9375
1957	0.9375
1958	0.9375
1959	0.9375
1960	0.9375
1961	0.9375
1962	0.9375
1963	0.9375
1964	0.9375
1965	0.9375
1966	0.9375
1967	0.9375
1968	0.9375
1969	0.9375
1970	0.9375
1971	0.9375
1972	0.9375
1973	0.9375
1974	0.9375
1975	0.9375
1976	0.9375
1977	0.9375
1978	0.9375
1979	0.9375
1980	0.9375
1981	0.9375
1982	0.9375
1983	0.9375
1984	0.9375
1985	0.9375
1986	0.9375
1987	0.9375
1988	0.9375
1989	0.9375
1990	0.9375
1991	0.9375
1992	0.9375
1993	0.9375
1994	0.9375
1995	0.9375
1996	0.9375
1997	0.9375
1998	0.9375
1999	0.9375
2000	0.9375
2001	0.9375
2002	0.9375
2003	0.9375
2004	0.9375
2005	0.9375
2006	1
## No. organisms: 20
## Seeds        : 1502478413, 29276
## Runtime      : 0h 1m 22s.
## Started at   : Sun Aug 30 12:29:00 2020
## Ended at     : Sun Aug 30 12:30:22 2020
