16330
1
1	1	2	1	1	11111001000111	10011011110001	10010101010100	0	0
1	2	3	1	2	10110000110010	00100111101001	00001000011001	0	1
1	3	3	1	3	01111101011111	00000110011010	00110001010000	0	0
1	4	2	1	4	11000000100000	10100010010100	11001101100010	0	0
1	5	2	2	1	00010000110101	10011111011000	01001011101000	0	0
1	6	2	2	2	11011011001101	01100110011110	01010011100110	0	1
1	7	1	2	3	00010011011010	00000000000000	01100110111100	0	0
1	8	2	2	4	01110010000010	01011101000111	01001000011011	0	0
1	9	3	3	1	01000001111010	01000111100010	10100011111101	0	0
1	10	1	3	2	00111111101001	10000000000000	00010010000000	0	0
1	11	1	3	3	00101001111001	01000000000000	00100111101000	0	0
1	12	2	3	4	10011000111000	11010100000001	00001101110111	0	1
1	13	2	4	1	10000001101011	11110000000110	11100001001100	0	0
1	14	2	4	2	10110100101110	10010100000011	10100000100110	0	0
1	15	2	4	3	11110000000100	00110111011100	11001000011001	0	0
1	16	2	4	4	01010001100001	01010011001000	01010000110000	0	1
1	17	3	5	1	11001101110110	11001001110010	10100000001001	0	0
1	18	2	5	2	10111000010101	11101111101010	10111101011000	0	0
1	19	1	5	3	01010100111111	11000000000000	10111111101001	0	0
1	20	2	5	4	10100100011001	10000010111101	10011000000000	0	0
2	1	3	1	1	10001101000011	10101111011000	01010010110101	0	0
2	2	2	1	2	00111011011010	10000110100011	10100011001100	0	0
2	3	2	1	3	01101011100111	00111110110111	00111001111110	0	1
2	4	3	1	4	11111011011110	01000010100111	11101111111101	0	0
2	5	1	2	1	10111101001110	00000000000000	01101010100000	0	0
2	6	1	2	2	00100011110101	10000000000000	10110110010111	0	0
2	7	2	2	3	11100011011000	01110010000100	11000010100011	0	0
2	8	2	2	4	11101101001001	01111101001110	10001100110111	0	1
2	9	1	3	1	11001011000101	01000000000000	00111101100101	0	0
2	10	2	3	2	11001110111011	01010010001111	00111001100010	0	1
2	11	2	3	3	10011010100110	11001000100100	11111000111011	0	0
2	12	2	3	4	11101001001001	11010001100001	11000011010001	0	1
2	13	3	4	1	11000011001110	01100010111110	01001100101110	0	0
2	14	1	4	2	01101100110011	11000000000000	10100100100001	0	0
2	15	2	4	3	00010101100001	00110101111011	10100001101100	0	0
2	16	2	4	4	11000111101010	00101101101101	11110111000110	0	0
2	17	3	5	1	10000011101111	00000100001110	01100111111100	0	0
2	18	2	5	2	01010000101011	01110111100001	01000100010010	0	0
2	19	2	5	3	11110011101000	01011110110111	00111011100101	0	0
2	20	2	5	4	00001111101000	10101101011001	10000111000111	0	0
3	1	2	1	1	10111110111000	00110111011110	10010101001011	0	0
3	2	2	1	2	10001111100100	10111010011110	01101111010000	0	0
3	3	2	1	3	00000101011000	01100000000110	11010010000111	0	0
3	4	2	1	4	11110001010010	11101101100000	01011001111100	0	0
3	5	1	2	1	10011000000101	00000000000000	10010111100010	0	0
3	6	2	2	2	00011111110000	00111001001010	00000000011000	0	1
3	7	1	2	3	00111101101001	10000000000000	01111000010100	0	1
3	8	3	2	4	01100010000111	01101110011001	01100010001110	0	0
3	9	2	3	1	00101101001111	01010001010111	10000100001011	0	0
3	10	3	3	2	00000101111101	11000000001110	01101110010000	0	0
3	11	2	3	3	11010010111100	01110100011011	10001111000011	0	0
3	12	2	3	4	10110000001101	01000000101010	00111000100010	0	0
3	13	2	4	1	01111110001111	10110100110111	01000100101011	0	0
3	14	2	4	2	11000001111010	10000010111010	11000010001101	0	0
3	15	3	4	3	10101011001010	11111011010100	10000100000001	0	1
3	16	3	4	4	11101001100011	01010000001111	00100111100010	0	0
3	17	1	5	1	10010110111011	01000000000000	01011100000001	0	0
3	18	2	5	2	01111001100100	10001010110010	00100001101111	0	0
3	19	2	5	3	00110000001100	00111100000000	11110010001000	0	1
3	20	1	5	4	01010101011000	11000000000000	11101011111111	0	0
4	1	2	1	1	00010101001100	11111110100010	00101111010010	0	0
4	2	3	1	2	10011010010101	00000100010000	11001111101011	0	1
4	3	2	1	3	10100100111001	10111011101001	00001100111001	0	0
4	4	2	1	4	10100110011111	01101010010111	00000111101101	0	0
4	5	2	2	1	00101010010000	11101100111110	10000101101010	0	0
4	6	2	2	2	01100101100010	00000100111000	10010100111111	0	0
4	7	2	2	3	01110101011100	10011010111110	00011010011001	0	0
4	8	2	2	4	10111011010111	00101101000100	00011000011010	0	0
4	9	1	3	1	00111110111110	00000000000000	11110001011101	0	0
4	10	2	3	2	01011111111011	10011001110010	10000011001101	0	0
4	11	3	3	3	01011000011000	00000101110111	00111000111100	0	0
4	12	2	3	4	01110011110100	01111010100010	11101110111000	0	1
4	13	3	4	1	11100011101011	00100010011011	11111001111010	0	0
4	14	2	4	2	00010001101101	00011000101011	00100001110000	0	0
4	15	2	4	3	01011001111011	01110111100101	10001000101010	0	1
4	16	1	4	4	01100011000110	10000000000000	00001000000111	0	0
4	17	3	5	1	10100001001000	11110100010110	11010100001001	0	0
4	18	1	5	2	10101110110000	01000000000000	00011000011011	0	0
4	19	1	5	3	10101111110101	11000000000000	10001000001101	0	1
4	20	2	5	4	10011101011000	01101110100100	01001110110011	0	0
5	1	2	1	1	00100101111001	00101111100111	11001000110001	0	0
5	2	1	1	2	10010100000000	00000000000000	00100100101100	0	0
5	3	1	1	3	11011000101010	10000000000000	10101011001100	0	0
5	4	2	1	4	01010010000011	01000001110111	11111111100101	0	0
5	5	2	2	1	00000100110101	00111001001100	01000111001110	0	0
5	6	1	2	2	00111101100000	01000000000000	11010100111110	0	0
5	7	2	2	3	01111100110101	01000110011111	00101110110111	0	0
5	8	1	2	4	10101100001111	11000000000000	00001010101001	0	1
5	9	2	3	1	01101011010001	11011111010101	10001001011101	0	0
5	10	2	3	2	00101011110001	01110011111010	11011001011111	0	0
5	11	2	3	3	00100100001111	11111011101100	01010100101101	0	0
5	12	3	3	4	10100001100000	00001111001010	11111011110010	0	1
5	13	2	4	1	01101110000110	01110001010101	11010000101100	0	1
5	14	2	4	2	11110011100101	01010001110100	01111101000011	0	0
5	15	2	4	3	00010000010011	11011010110001	10111100110010	0	0
5	16	3	4	4	00011110000100	01011000001100	01011000111001	0	0
5	17	3	5	1	01011101000110	11110000011100	11100001111101	0	0
5	18	2	5	2	00001010100010	11000000101101	11000100001001	0	1
5	19	2	5	3	11101110000101	01010010001110	01010010101001	0	0
5	20	3	5	4	00000110010111	11101011111010	01000100111101	0	0
6	1	1	1	1	01100011100111	11011010110101	01001100101000	0	1
6	2	3	1	2	11110110110111	11010011111111	11111010111110	0	0
6	3	1	1	3	01101001100111	10111111010000	00011101111011	0	0
6	4	1	1	4	01100101101110	10011011010100	01100001101111	0	0
6	5	3	2	1	01001011111101	10001001100000	10110111110100	0	0
6	6	1	2	2	01000011101110	11010011100111	00001000111010	0	0
6	7	2	2	3	10010001111110	11010101011100	01011110111101	0	0
6	8	3	2	4	01100101111000	01000110101011	01101011011110	0	0
6	9	2	3	1	10011010110100	00011111111110	01111110001110	0	1
6	10	2	3	2	01110110100101	11111001110101	11011000001001	0	1
6	11	2	3	3	11101000100001	00010101001010	00101010110110	0	0
6	12	2	3	4	00100110111111	10000111110100	01111111011000	0	0
6	13	2	4	1	11111000010110	00001101010010	10100110011000	0	0
6	14	2	4	2	00010100011010	11001010000100	01101000101001	0	0
6	15	3	4	3	01001000000010	11001101100001	10010010000010	0	0
6	16	2	4	4	10100100101000	00010011001110	10000011111001	0	0
6	17	2	5	1	00100000101010	11001110001010	01111000011100	0	0
6	18	2	5	2	10100010000101	01011010000100	10001110111110	0	1
6	19	2	5	3	01110111111100	00100001101111	10011000001001	0	0
6	20	2	5	4	11110011101011	11001010001001	01011011010111	0	0
7	1	3	1	1	01111000001011	00010101100100	10010110011111	0	0
7	2	2	1	2	00010111000011	10111100001100	00110000101101	0	0
7	3	2	1	3	11110010000100	00101010010110	11101001110110	0	0
7	4	2	1	4	11000100000000	01111101001001	10000001111001	0	0
7	5	2	2	1	10011101010000	11011100000111	11110100110110	0	0
7	6	1	2	2	10010001110010	00001001101010	11000111100110	0	1
7	7	2	2	3	00100111111100	10101011010011	00100001100011	0	0
7	8	2	2	4	01101011010111	00011010100000	01100100010010	0	0
7	9	1	3	1	10110001001111	01101000100101	10000100011110	0	0
7	10	2	3	2	01011111001100	10100110001111	10110001000111	0	1
7	11	2	3	3	01011101100100	01100000111011	00111101100110	0	0
7	12	3	3	4	10110100111101	01010011000011	10110000011001	0	0
7	13	2	4	1	11010010100011	10010001111010	01101101101001	0	0
7	14	1	4	2	00101011000101	10111011011110	10101000010110	0	1
7	15	2	4	3	01000111101001	01010011000100	11001111001101	0	0
7	16	1	4	4	01111010101010	01111000110111	10100010001101	0	1
7	17	3	5	1	10110011110101	11011011011110	00010110000001	0	0
7	18	2	5	2	01110111101010	00111001001001	01110011001010	0	0
7	19	2	5	3	11001111001000	11011000111001	00100100011111	0	0
7	20	3	5	4	00101111110111	01001110000010	11111001010010	0	0
8	1	2	1	1	00001010001001	11101000001111	00001110111011	0	0
8	2	3	1	2	01010000101110	00001100001100	00001111100010	0	0
8	3	2	1	3	00001010000011	00010001100101	10010101111111	0	0
8	4	1	1	4	01111001101101	01011101001110	11001010001011	0	1
8	5	2	2	1	10101011111010	11110111001110	11111111011101	0	0
8	6	1	2	2	10010001111110	00101011011001	01111010010000	0	0
8	7	2	2	3	01001110111011	11111010010000	00101100110101	0	0
8	8	3	2	4	10101100110000	10101011000110	00110101100111	0	0
8	9	3	3	1	10110101101010	01001101001000	11011000111110	0	0
8	10	1	3	2	01001100110100	10000110011100	10000010010100	0	0
8	11	2	3	3	00000101010001	00001111010001	01101010101111	0	0
8	12	2	3	4	01010101000100	01011011110111	01001010010011	0	0
8	13	1	4	1	11001111101010	11101100101111	11011101011001	0	1
8	14	2	4	2	01101100111010	01111110111010	11101000100011	0	1
8	15	2	4	3	11011010100111	00100010101101	10000110100000	0	0
8	16	2	4	4	10001101110100	00011111011000	10010000101011	0	1
8	17	3	5	1	10000100101000	01111101011101	10100000001110	0	0
8	18	2	5	2	01110001110111	00011111010000	00011011111101	0	0
8	19	2	5	3	11000010110001	00001100101101	01111100011110	0	0
8	20	2	5	4	01101010011110	11000011110010	11100110111100	0	0
9	1	2	1	1	00011001100111	11001000011110	00111101011111	0	0
9	2	1	1	2	00001001101110	01010101011100	00100110000000	0	0
9	3	3	1	3	00001001001111	10010111110101	00000000010110	0	1
9	4	3	1	4	00011010000011	00100100011111	11101000010001	0	0
9	5	1	2	1	00111101110101	01011001100001	11000010010110	0	0
9	6	2	2	2	00100101110111	01010001111100	10101001000001	0	0
9	7	2	2	3	00100011100001	11011101000011	01000100010011	0	0
9	8	2	2	4	11100011001100	00111110101101	11111100000111	0	0
9	9	2	3	1	11000000011100	01111110100110	11100010011110	0	1
9	10	3	3	2	00100010001111	10011000100110	01101101010100	0	1
9	11	1	3	3	10110010110110	11010111111110	11100111010101	0	0
9	12	2	3	4	11100011100011	01100111001110	11010111000111	0	0
9	13	2	4	1	00011011000100	11100000010001	11001100111101	0	0
9	14	2	4	2	01011010101010	01100000011101	10100111000100	0	0
9	15	2	4	3	11111010010001	11101011111111	10101100101110	0	0
9	16	1	4	4	01000011110100	01100100000110	10111110111110	0	0
9	17	2	5	1	11111101110010	11111101100110	10110010110100	0	0
9	18	2	5	2	10011110100101	00110001010101	11000110010011	0	0
9	19	3	5	3	10110110011011	10101100111000	00010110101111	0	0
9	20	2	5	4	00110001011101	01001111100010	00001000111011	0	1
10	1	2	1	1	01111000101010	01011101011101	00011001000100	0	0
10	2	2	1	2	11110100111010	11101100000000	11111000100010	0	0
10	3	2	1	3	10011001001001	01000111010110	11110000010101	0	0
10	4	1	1	4	11011011001111	10001000011000	00000011010111	0	1
10	5	2	2	1	10010101001111	10011001101110	00001101110111	0	0
10	6	2	2	2	11010000001011	10111011010010	10110111101110	0	0
10	7	3	2	3	00110010100101	10000001111001	01001111000101	0	0
10	8	2	2	4	10100100011110	01001111101011	01000000010101	0	1
10	9	2	3	1	10111011000101	00011100011010	01111110001111	0	0
10	10	2	3	2	00111011110110	00010111100110	11011011100001	0	0
10	11	3	3	3	00010100111111	11100010011010	11011100101110	0	0
10	12	1	3	4	00001100001000	10010001000101	00111101000101	0	0
10	13	3	4	1	11001011001110	01100100010111	11101011001100	0	0
10	14	2	4	2	00000010010111	11100100101110	00011100010001	0	0
10	15	3	4	3	11001010010101	00001111010101	01011001101000	0	0
10	16	1	4	4	00010111001101	00101111101011	01100110111110	0	1
10	17	2	5	1	00001011000010	00000001000110	00000010001000	0	0
10	18	1	5	2	11000010101100	01101111101000	10000100110111	0	1
10	19	2	5	3	11000001010010	10010000101000	10100101011111	0	0
10	20	2	5	4	00111100010101	11011110101110	00100001011000	0	0
11	1	2	1	1	11010101011001	00011011000001	11110111000000	0	1
11	2	2	1	2	00001111000011	11100001111101	01010101111110	0	0
11	3	2	1	3	01011101011010	01010100001111	00100011000001	0	0
11	4	2	1	4	10000001101000	10000110011010	11011110100011	0	1
11	5	2	2	1	10000010001001	00000010001111	10001011101000	0	0
11	6	2	2	2	10110001100110	11010101100111	01001111001000	0	0
11	7	2	2	3	11110100100111	01111100111110	11001010001110	0	0
11	8	3	2	4	11110101110101	01010010001001	11111110010010	0	0
11	9	3	3	1	01000011010110	11011001100010	00001000011011	0	0
11	10	2	3	2	00100111001111	10100001100011	01010000000111	0	0
11	11	1	3	3	00000101100100	01111111111011	00111101011100	0	1
11	12	2	3	4	11000101101111	01111011011000	10111100001001	0	0
11	13	2	4	1	10010101101111	00110110010101	11101111111011	0	0
11	14	3	4	2	00010100001100	11010010110000	11101111100100	0	0
11	15	1	4	3	01110101000000	01111101111111	00010100010010	0	0
11	16	1	4	4	10110110110101	01101000100110	01100000011101	0	0
11	17	3	5	1	10110100001010	10110000001011	10100011010010	0	1
11	18	2	5	2	10101111111001	10011011011001	10111110111100	0	0
11	19	2	5	3	00000011100010	11011011011000	01010011100001	0	0
11	20	1	5	4	00110101101000	01101001110111	11111000100110	0	0
12	1	2	1	1	11110000001111	01100011101001	00000101100110	0	0
12	2	2	1	2	11101001011110	01100110011010	01010101011101	0	0
12	3	3	1	3	01000000100111	10000011111000	01011001010110	0	0
12	4	2	1	4	01000010110010	01000101101100	00000110111110	0	0
12	5	2	1	5	00000001111011	11110010111010	00110000111111	1	0
12	6	3	2	1	00001011100111	11010100101001	11111001011100	0	0
12	7	2	2	2	11100001111011	11101100110011	11011100011001	0	0
12	8	2	2	3	00111010101001	00101101000001	10100101110001	0	1
12	9	1	2	4	11001011111000	10010110110000	10110011010101	0	0
12	10	2	2	5	11000001111010	11001000000110	00000010011011	1	1
12	11	2	3	1	10110101111111	11011101011010	11100101110000	0	0
12	12	3	3	2	11100010001001	10100100111010	11011010001100	0	1
12	13	2	3	3	11000010100111	11110110111000	11000001101001	1	0
12	14	2	3	4	00010011110001	00011101110101	10000010011100	0	0
12	15	2	3	5	00110111000111	00011011001011	11001101100101	1	0
12	16	2	4	1	00111111000011	10011111101010	00111011101100	0	1
12	17	1	4	2	01111011111101	10001010110010	10111110000101	0	0
12	18	2	4	3	01110111001111	00001001111011	11111000010101	0	1
12	19	1	4	4	10100100011111	10101011010011	10000100001100	0	1
12	20	2	4	5	11111001111111	10010000101000	01100010011001	0	1
12	21	2	5	1	10010001111000	01101101000111	00010000111100	0	0
12	22	1	5	2	01110101010110	01001101001000	10010000011010	0	1
12	23	2	5	3	10111101110111	10001111000001	01010011100010	0	0
12	24	3	5	4	00100101101101	01110101101001	11010001101101	0	0
12	25	2	5	5	10100011010110	01101111100011	01101100100100	1	0
13	1	1	1	1	00010100100001	00100000100110	10010001111010	0	0
13	2	2	1	2	11010111110100	10001111110010	11010001011010	0	0
13	3	3	1	3	01100001000000	11010011111111	00100011000110	0	1
13	4	3	1	4	11110000011111	00101011100001	01001101100110	0	0
13	5	2	1	5	00100001101101	11111101001111	01000111000000	0	1
13	6	1	2	1	01100010100110	01001110010001	01111111100110	0	0
13	7	2	2	2	10011001010001	10111110101000	11001111100101	1	0
13	8	1	2	3	10110111000110	10100101101101	00110001010010	0	0
13	9	2	2	4	01000111111100	01101100000001	01101010110001	0	0
13	10	2	2	5	00100110101110	11100111101101	11001111000011	0	0
13	11	2	3	1	11110111000100	01010001011001	00111110101010	0	0
13	12	2	3	2	01000110011010	11100101000000	10011110011000	1	1
13	13	3	3	3	10110111101101	10010110001000	11010110111001	0	1
13	14	2	3	4	11000111000010	11111100101010	00011111011001	0	0
13	15	2	3	5	00100000010110	10111001011001	11011000101011	1	1
13	16	2	4	1	00101000000111	11011100111000	00110000101111	1	0
13	17	3	4	2	11000100010101	00000111001100	00111010000100	0	0
13	18	2	4	3	10000111011101	01100101010111	01010000000001	0	0
13	19	2	4	4	10011111000011	00110101100101	11111101001100	1	0
13	20	1	4	5	11100011011010	11000110111100	00011111011011	0	1
13	21	2	5	1	01101010110011	00111001010001	10111001111001	0	0
13	22	2	5	2	00100011111010	10111011010100	00100001110010	0	1
13	23	2	5	3	00011001100111	00001110011110	10100000011001	0	0
13	24	2	5	4	11110001100101	01111011100110	11000110110100	0	1
13	25	2	5	5	10011110111100	01001111000100	00100111101111	0	0
14	1	2	1	1	00101011110111	11011001000010	00010111101001	0	0
14	2	2	1	2	00100010000111	10111101101110	11100001000111	0	1
14	3	2	1	3	01001011000011	10100010000111	00001000011010	1	0
14	4	1	1	4	10011001100010	01010010011110	11101010010000	0	0
14	5	2	1	5	01011101001010	11100001111011	00011110001101	0	0
14	6	1	2	1	11101110000101	01110110011000	11101001101110	0	0
14	7	2	2	2	01110101101010	01101101010001	01100010100000	0	1
14	8	3	2	3	11011000110010	01000110001110	01100001000111	0	0
14	9	3	2	4	11111011000000	01010001011100	11100101011000	0	0
14	10	2	2	5	11010010100011	00111011101011	11101101001111	0	0
14	11	1	3	1	01010110110111	11111110111000	11110100010001	0	1
14	12	2	3	2	10100010000010	00001011000100	11010001001001	0	1
14	13	2	3	3	01000011001111	11000011111000	01011100111110	0	0
14	14	2	3	4	11100000000100	11011100011011	00101001011101	1	1
14	15	1	3	5	01100110100000	01111010111001	11001101011100	0	1
14	16	2	4	1	01000000011010	10101100101001	11011111100011	0	0
14	17	2	4	2	11111110000001	11001100111000	00111000101111	0	0
14	18	2	4	3	01101010111000	00111100101101	01010001011100	1	1
14	19	2	4	4	11001101100011	00111111111100	10001110000111	0	0
14	20	2	4	5	00110110010111	11011011100111	01100100101101	0	0
14	21	2	5	1	11111100000101	01010110010110	01000101000100	1	0
14	22	3	5	2	00011000011011	01010101011111	01001111011101	0	0
14	23	2	5	3	01110110110010	10111011110010	11111000000001	0	1
14	24	2	5	4	10111001111011	00111000100101	11101101101010	1	0
14	25	3	5	5	01110100111111	00001000101011	10001101111000	0	0
15	1	2	1	1	00100101011001	00001100010111	00011111010000	0	1
15	2	2	1	2	11000101011110	01001111100101	00011011100000	0	0
15	3	2	1	3	01010011101110	11111110101100	11110001100111	1	0
15	4	3	1	4	00110111101011	10111110111101	11111101100010	0	0
15	5	2	1	5	00101001001010	01000101001001	01100011011101	0	0
15	6	1	2	1	10001100011101	10000101001101	11110000111001	0	1
15	7	2	2	2	10011011010111	00001011011000	00001110100001	0	0
15	8	2	2	3	11110100011110	00010111110010	00001110110101	1	0
15	9	3	2	4	10100110011011	00010110111110	11010000010010	0	0
15	10	2	2	5	10111100101001	00110111111110	01100111000001	0	0
15	11	2	3	1	11100001000001	10110110101100	00011101011111	0	1
15	12	1	3	2	11010100000101	01001111011110	00001011101001	0	0
15	13	2	3	3	00011011011111	10110111000110	10101010000111	0	0
15	14	1	3	4	01010000100101	00011000110110	10000101011001	0	0
15	15	2	3	5	11100011011010	01010001100100	11100111111001	0	1
15	16	2	4	1	00010000000110	00010101010100	10101000100010	1	0
15	17	3	4	2	10111001000110	10111011101010	01100101111111	0	0
15	18	2	4	3	11010111110011	11100010001001	10011011011001	0	1
15	19	2	4	4	11111101010100	00000001010111	00111100001110	0	1
15	20	3	4	5	00101001100001	00100111110110	10010011000001	0	1
15	21	2	5	1	01110110011000	00000000001110	10010110001111	1	0
15	22	2	5	2	10100100001001	00001000111010	01111101111011	0	0
15	23	1	5	3	00111101111001	00110000100111	11111110011001	0	0
15	24	2	5	4	11110010000001	01000001100000	11111010111100	0	0
15	25	2	5	5	00000110001000	00010000010011	11100011010110	1	1
16	1	3	1	1	01100111001001	11110100010111	11110011010110	0	1
16	2	2	1	2	10000011001011	11110111000101	11000100111011	0	1
16	3	2	1	3	01100110101011	00110011111111	11001011000100	1	0
16	4	2	1	4	01000100001001	10000110100010	11011111010010	1	0
16	5	3	1	5	11100110010111	01110101110000	11000101110100	0	0
16	6	2	2	1	01110000110101	10110011100001	10000000110000	0	0
16	7	1	2	2	11011111111111	11101011001000	00101111011100	0	0
16	8	2	2	3	11010010011001	10101001110100	11101010111110	1	0
16	9	1	2	4	01011100111101	00000100110111	00100011111001	0	1
16	10	2	2	5	00101111010101	11111001110110	10111100110000	0	0
16	11	2	3	1	11100010001101	01011100110010	11011010100001	0	0
16	12	3	3	2	10011110110101	00111101110001	10001000011110	0	0
16	13	2	3	3	00100101100000	00111011101100	11010111110110	0	1
16	14	2	3	4	11110010010000	10011001001000	01001001000110	0	0
16	15	2	3	5	01101101010001	01100011101110	11010001000011	0	0
16	16	2	4	1	01100011101001	01011000001110	10011101110101	0	0
16	17	2	4	2	00000100011001	10100010110101	01010101011001	0	0
16	18	2	4	3	01001101010011	11001111000110	00110011000111	0	1
16	19	3	4	4	01110110001010	00111110111110	00100111101110	0	0
16	20	2	4	5	10111111010000	10111111101011	10011011100100	1	1
16	21	2	5	1	01010000100111	00000111000111	00011001111100	1	0
16	22	1	5	2	00111110011111	11110011011111	01101100100111	0	0
16	23	1	5	3	10101001111100	01101001111000	00111110001001	0	1
16	24	2	5	4	00100110011111	01111111101001	01011001011001	0	0
16	25	2	5	5	00110111110000	01000000100000	00010101110000	0	1
17	1	2	1	1	01111001011011	10100100011001	11111111010111	1	1
17	2	3	1	2	00000000100001	10000100001100	11010100101011	0	0
17	3	2	1	3	01111110110011	00011101011010	01011010110111	1	0
17	4	2	1	4	10010110110110	11010101101100	11011000110000	1	0
17	5	3	1	5	11011010001101	00100001010101	00111101111001	0	0
17	6	3	2	1	10110000011110	01010100110000	11100111101011	0	0
17	7	2	2	2	11001001111101	10101101100111	11001011011001	0	0
17	8	2	2	3	01010000011000	01100010000010	10000101000010	0	1
17	9	1	2	4	10001000001110	00110000001000	01101010111110	0	0
17	10	2	2	5	11000001111111	10000110110100	11011101110001	0	1
17	11	2	3	1	01101111111000	01111000111010	00000101101011	1	0
17	12	2	3	2	11011001101011	11101100101000	11111101010010	0	0
17	13	2	3	3	10011001110000	11000011110110	11011010001011	1	1
17	14	2	3	4	11000011110101	01101010000000	00100111000010	0	1
17	15	2	3	5	01100000001101	00001001010111	00011010101011	0	1
17	16	2	4	1	01001011010001	00100010101001	00100010101000	0	0
17	17	2	4	2	11001110110000	00000010000010	11000010101110	0	1
17	18	1	4	3	01100010100110	11110000111001	11011100011111	0	1
17	19	2	4	4	10011111101010	11101000101100	00010100100011	0	0
17	20	2	4	5	11001011001101	11100110110110	10000000010000	0	0
17	21	2	5	1	00011010110110	01001110110110	01101010100010	0	0
17	22	3	5	2	10110000011001	10011100101100	00110111110110	0	0
17	23	1	5	3	11011010101101	11000001101001	00010011100111	0	0
17	24	2	5	4	10010110100101	01110000101111	01101000111010	0	0
17	25	1	5	5	11101100111101	00101011100011	11001110001000	0	0
