1	0.578815
2	0.591116
3	0.591116
4	0.592469
5	0.592957
6	0.595286
7	0.59735
8	0.597824
9	0.604324
10	0.608731
11	0.608731
12	0.609819
13	0.609819
14	0.609819
15	0.609819
16	0.611953
17	0.61477
18	0.61477
19	0.620391
20	0.620391
21	0.622985
22	0.622985
23	0.624365
24	0.62576
25	0.62576
26	0.62576
27	0.626569
28	0.626569
29	0.627768
30	0.628633
31	0.628633
32	0.628633
33	0.628633
34	0.628633
35	0.628633
36	0.629596
37	0.629596
38	0.629596
39	0.629596
40	0.629596
41	0.629596
42	0.629596
43	0.629596
44	0.629596
45	0.629596
46	0.629596
47	0.629596
48	0.631437
49	0.631437
50	0.631437
51	0.631437
52	0.631437
53	0.636332
54	0.636332
55	0.636332
56	0.636332
57	0.636332
58	0.636332
59	0.636541
60	0.636541
61	0.636541
62	0.640962
63	0.640962
64	0.642148
65	0.648926
66	0.648926
67	0.648926
68	0.652664
69	0.652664
70	0.652664
71	0.656374
72	0.664784
73	0.664784
74	0.664784
75	0.664784
76	0.664784
77	0.664784
78	0.664784
79	0.664784
80	0.664784
81	0.664784
82	0.664784
83	0.664784
84	0.66728
85	0.66728
86	0.667768
87	0.667768
88	0.667768
89	0.668006
90	0.668006
91	0.674142
92	0.674616
93	0.674616
94	0.674616
95	0.675091
96	0.675091
97	0.675091
98	0.676025
99	0.676025
100	0.676025
101	0.676025
102	0.680474
103	0.682315
104	0.682315
105	0.682315
106	0.682315
107	0.682315
108	0.686053
109	0.686053
110	0.686053
111	0.686053
112	0.686053
113	0.686053
114	0.686053
115	0.686053
116	0.686053
117	0.686053
118	0.686053
119	0.686053
120	0.686053
121	0.686053
122	0.686053
123	0.686053
124	0.686053
125	0.686053
126	0.686053
127	0.686053
128	0.686053
129	0.69145
130	0.69145
131	0.691883
132	0.691883
133	0.69841
134	0.69841
135	0.69841
136	0.69841
137	0.69841
138	0.69841
139	0.69841
140	0.69841
141	0.69841
142	0.69841
143	0.69841
144	0.69841
145	0.69841
146	0.69841
147	0.69841
148	0.69841
149	0.704031
150	0.704031
151	0.704031
152	0.704031
153	0.704031
154	0.704031
155	0.704031
156	0.704031
157	0.704031
158	0.704031
159	0.704031
160	0.704031
161	0.704031
162	0.704031
163	0.704031
164	0.704031
165	0.704031
166	0.704031
167	0.714045
168	0.714045
169	0.714045
170	0.714045
171	0.714045
172	0.714296
173	0.716123
174	0.716123
175	0.716123
176	0.723333
177	0.724756
178	0.724756
179	0.724756
180	0.724756
181	0.724756
182	0.724756
183	0.724756
184	0.724756
185	0.724756
186	0.724756
187	0.724756
188	0.724756
189	0.724756
190	0.724756
191	0.724756
192	0.724756
193	0.724756
194	0.724756
195	0.724756
196	0.724756
197	0.724756
198	0.724756
199	0.724756
200	0.724756
201	0.724756
202	0.724756
203	0.724756
204	0.724756
205	0.724756
206	0.724756
207	0.724756
208	0.724756
209	0.724756
210	0.728787
211	0.728787
212	0.728787
213	0.728787
214	0.728787
215	0.728787
216	0.728787
217	0.728787
218	0.728787
219	0.728787
220	0.728787
221	0.728787
222	0.728787
223	0.728787
224	0.728787
225	0.728787
226	0.728787
227	0.728787
228	0.728787
229	0.728787
230	0.728787
231	0.728787
232	0.728787
233	0.728787
234	0.728787
235	0.728787
236	0.728787
237	0.728787
238	0.728787
239	0.728787
240	0.728787
241	0.728787
242	0.728787
243	0.728787
244	0.728787
245	0.733724
246	0.733724
247	0.733724
248	0.733724
249	0.733724
250	0.733724
251	0.733724
252	0.733724
253	0.733724
254	0.733724
255	0.733724
256	0.733724
257	0.733724
258	0.733724
259	0.733724
260	0.733724
261	0.733724
262	0.733724
263	0.733724
264	0.733724
265	0.733724
266	0.733724
267	0.733724
268	0.733724
269	0.733724
270	0.733724
271	0.733724
272	0.733724
273	0.738438
274	0.738438
275	0.738438
276	0.738438
277	0.738438
278	0.738438
279	0.738438
280	0.738438
281	0.738438
282	0.738438
283	0.738438
284	0.738438
285	0.738438
286	0.738438
287	0.738438
288	0.738438
289	0.738438
290	0.738438
291	0.738438
292	0.738438
293	0.738438
294	0.738438
295	0.738438
296	0.738438
297	0.738438
298	0.738438
299	0.738438
300	0.738438
301	0.738438
302	0.738438
303	0.738438
304	0.738438
305	0.738438
306	0.738438
307	0.738438
308	0.738438
309	0.738438
310	0.738438
311	0.738438
312	0.738438
313	0.758173
314	0.758173
315	0.758173
316	0.758173
317	0.758173
318	0.758173
319	0.758173
320	0.758173
321	0.758173
322	0.758173
323	0.758173
324	0.758173
325	0.758173
326	0.758173
327	0.758173
328	0.758173
329	0.758173
330	0.758173
331	0.758173
332	0.758173
333	0.758173
334	0.758173
335	0.758173
336	0.758173
337	0.758173
338	0.758173
339	0.758173
340	0.758173
341	0.758173
342	0.758173
343	0.758173
344	0.758173
345	0.758173
346	0.758173
347	0.758173
348	0.758173
349	0.758173
350	0.758173
351	0.758173
352	0.758173
353	0.758173
354	0.758173
355	0.758173
356	0.758173
357	0.758173
358	0.758173
359	0.758173
360	0.758173
361	0.758173
362	0.758173
363	0.758173
364	0.758173
365	0.758173
366	0.758173
367	0.758173
368	0.758173
369	0.758173
370	0.758173
371	0.758173
372	0.758173
373	0.758173
374	0.758173
375	0.758173
376	0.758173
377	0.758173
378	0.758173
379	0.761283
380	0.761283
381	0.761283
382	0.761283
383	0.761283
384	0.761283
385	0.761283
386	0.761283
387	0.761283
388	0.761283
389	0.761283
390	0.761283
391	0.761283
392	0.761283
393	0.761283
394	0.761283
395	0.761283
396	0.761283
397	0.761283
398	0.761283
399	0.761283
400	0.761283
401	0.761283
402	0.761283
403	0.761283
404	0.761283
405	0.761283
406	0.761283
407	0.761283
408	0.761283
409	0.761283
410	0.761283
411	0.761283
412	0.761283
413	0.761283
414	0.761283
415	0.761283
416	0.761283
417	0.761283
418	0.761283
419	0.761283
420	0.761283
421	0.761283
422	0.761283
423	0.761283
424	0.761283
425	0.761283
426	0.761283
427	0.761283
428	0.761283
429	0.761283
430	0.761283
431	0.761283
432	0.761283
433	0.761283
434	0.761283
435	0.761283
436	0.761283
437	0.761283
438	0.761283
439	0.761283
440	0.761283
441	0.761283
442	0.761283
443	0.761283
444	0.761283
445	0.761283
446	0.761283
447	0.761283
448	0.761283
449	0.761283
450	0.761283
451	0.761283
452	0.761283
453	0.761283
454	0.761283
455	0.761283
456	0.761283
457	0.761283
458	0.761283
459	0.761283
460	0.761283
461	0.761283
462	0.761283
463	0.761283
464	0.761283
465	0.761283
466	0.761283
467	0.761283
468	0.761283
469	0.761283
470	0.761283
471	0.761283
472	0.761283
473	0.761283
474	0.761283
475	0.761283
476	0.761283
477	0.761283
478	0.761283
479	0.761283
480	0.761283
481	0.761283
482	0.761283
483	0.761283
484	0.761283
485	0.761283
486	0.761283
487	0.761283
488	0.761283
489	0.761283
490	0.761283
491	0.761283
492	0.761283
493	0.761283
494	0.761283
495	0.761283
496	0.761283
497	0.761283
498	0.763891
499	0.763891
500	0.763891
501	0.763891
502	0.763891
503	0.763891
504	0.763891
505	0.766346
506	0.766346
507	0.766346
508	0.766346
509	0.766346
510	0.766346
511	0.766346
512	0.766346
513	0.766346
514	0.766346
515	0.766346
516	0.766346
517	0.766346
518	0.766346
519	0.766346
520	0.766346
521	0.766346
522	0.766346
523	0.766346
524	0.766346
525	0.766346
526	0.766346
527	0.766346
528	0.766346
529	0.766346
530	0.766346
531	0.766346
532	0.766346
533	0.766346
534	0.766346
535	0.766346
536	0.766346
537	0.767531
538	0.767531
539	0.767531
540	0.770112
541	0.770112
542	0.770112
543	0.770112
544	0.770112
545	0.770112
546	0.770112
547	0.770112
548	0.770879
549	0.770879
550	0.770879
551	0.770879
552	0.770879
553	0.770879
554	0.770879
555	0.770879
556	0.770879
557	0.770879
558	0.770879
559	0.770879
560	0.770879
561	0.770879
562	0.770879
563	0.770879
564	0.77159
565	0.77159
566	0.77159
567	0.77159
568	0.77159
569	0.77159
570	0.77159
571	0.77159
572	0.77159
573	0.77159
574	0.80848
575	0.80848
576	0.80848
577	0.80848
578	0.80848
579	0.80848
580	0.80848
581	0.80848
582	0.80848
583	0.80848
584	0.80848
585	0.80848
586	0.811004
587	0.815746
588	0.815746
589	0.815746
590	0.815746
591	0.815746
592	0.815746
593	0.815746
594	0.815746
595	0.815746
596	0.815746
597	0.815746
598	0.815746
599	0.815746
600	0.815746
601	0.815746
602	0.815746
603	0.815746
604	0.815746
605	0.815746
606	0.815746
607	0.815746
608	0.815746
609	0.815746
610	0.815746
611	0.815746
612	0.815746
613	0.815746
614	0.815746
615	0.815746
616	0.815746
617	0.815746
618	0.815746
619	0.815746
620	0.815746
621	0.815746
622	0.815746
623	0.823082
624	0.823082
625	0.823082
626	0.823082
627	0.823166
628	0.823166
629	0.823166
630	0.823166
631	0.823166
632	0.823166
633	0.823166
634	0.823166
635	0.823166
636	0.823166
637	0.823166
638	0.823166
639	0.823166
640	0.823166
641	0.823166
642	0.823166
643	0.823166
644	0.823166
645	0.823166
646	0.823166
647	0.823166
648	0.823166
649	0.823166
650	0.823166
651	0.823166
652	0.823166
653	0.823166
654	0.823166
655	0.823166
656	0.82576
657	0.82576
658	0.82576
659	0.82576
660	0.82576
661	0.82576
662	0.82576
663	0.82576
664	0.82576
665	0.82576
666	0.82576
667	0.82576
668	0.82576
669	0.82576
670	0.82576
671	0.82576
672	0.82576
673	0.82576
674	0.82576
675	0.82576
676	0.82576
677	0.82576
678	0.82576
679	0.82576
680	0.82576
681	0.82576
682	0.82576
683	0.82576
684	0.82576
685	0.82576
686	0.82576
687	0.82576
688	0.82576
689	0.82576
690	0.82576
691	0.82576
692	0.82576
693	0.82576
694	0.82576
695	0.82576
696	0.82576
697	0.82576
698	0.82576
699	0.82576
700	0.82576
701	0.82576
702	0.82576
703	0.82576
704	0.82576
705	0.82576
706	0.82576
707	0.82576
708	0.82576
709	0.82576
710	0.82576
711	0.82576
712	0.82576
713	0.82576
714	0.82576
715	0.82576
716	0.82576
717	0.82576
718	0.82576
719	0.82576
720	0.82576
721	0.82576
722	0.82576
723	0.82576
724	0.82576
725	0.82576
726	0.82576
727	0.82576
728	0.82576
729	0.82576
730	0.82576
731	0.82576
732	0.82576
733	0.82576
734	0.82576
735	0.82576
736	0.82576
737	0.82576
738	0.82576
739	0.82576
740	0.82576
741	0.82576
742	0.82576
743	0.82576
744	0.82576
745	0.82576
746	0.82576
747	0.82576
748	0.82576
749	0.82576
750	0.82576
751	0.82576
752	0.82576
753	0.82576
754	0.82576
755	0.82576
756	0.82576
757	0.82576
758	0.82576
759	0.82576
760	0.82576
761	0.82576
762	0.82576
763	0.82576
764	0.82576
765	0.82576
766	0.82576
767	0.82576
768	0.82576
769	0.82576
770	0.82576
771	0.82576
772	0.82576
773	0.82576
774	0.82576
775	0.82576
776	0.82576
777	0.82576
778	0.82576
779	0.832259
780	0.832259
781	0.832259
782	0.832259
783	0.832259
784	0.832259
785	0.832259
786	0.832259
787	0.832259
788	0.832259
789	0.832259
790	0.832259
791	0.832259
792	0.832259
793	0.832259
794	0.832259
795	0.832259
796	0.832259
797	0.832566
798	0.832566
799	0.832566
800	0.832566
801	0.832566
802	0.832566
803	0.832566
804	0.832566
805	0.832566
806	0.832566
807	0.832566
808	0.832566
809	0.832566
810	0.832566
811	0.832566
812	0.832566
813	0.832566
814	0.840865
815	0.840865
816	0.840865
817	0.840865
818	0.840865
819	0.840865
820	0.840865
821	0.840865
822	0.840865
823	0.840865
824	0.840865
825	0.850683
826	0.850683
827	0.850683
828	0.850683
829	0.850683
830	0.850683
831	0.850683
832	0.850683
833	0.850683
834	0.850683
835	0.850683
836	0.850683
837	0.850683
838	0.850683
839	0.850683
840	0.850683
841	0.850683
842	0.850683
843	0.850683
844	0.850683
845	0.850683
846	0.850683
847	0.850683
848	0.850683
849	0.850683
850	0.850683
851	0.850683
852	0.850683
853	0.850683
854	0.850683
855	0.850683
856	0.850683
857	0.850683
858	0.850683
859	0.850683
860	0.850683
861	0.850683
862	0.850683
863	0.850683
864	0.850683
865	0.850683
866	0.850683
867	0.850683
868	0.850683
869	0.850683
870	0.850683
871	0.850683
872	0.850683
873	0.850683
874	0.850683
875	0.850683
876	0.850683
877	0.850683
878	0.850683
879	0.850683
880	0.850683
881	0.850683
882	0.850683
883	0.850683
884	0.850683
885	0.850683
886	0.850683
887	0.850683
888	0.850683
889	0.850683
890	0.850683
891	0.850683
892	0.850683
893	0.850683
894	0.850683
895	0.850683
896	0.850683
897	0.850683
898	0.850683
899	0.850683
900	0.850683
901	0.850683
902	0.850683
903	0.850683
904	0.850683
905	0.850683
906	0.866541
907	0.866541
908	0.866541
909	0.866541
910	0.866541
911	0.866541
912	0.866541
913	0.866541
914	0.866541
915	0.866541
916	0.866541
917	0.866541
918	0.866541
919	0.866541
920	0.866541
921	0.866541
922	0.866541
923	0.866541
924	0.866541
925	0.866541
926	0.866541
927	0.866541
928	0.866541
929	0.866541
930	0.866541
931	0.866541
932	0.866541
933	0.866541
934	0.866541
935	0.866541
936	0.866541
937	0.866541
938	0.866541
939	0.866541
940	0.866541
941	0.866541
942	0.866541
943	0.866541
944	0.866541
945	0.866541
946	0.866541
947	0.866541
948	0.866541
949	0.866541
950	0.866541
951	0.866541
952	0.866541
953	0.866541
954	0.866541
955	0.866541
956	0.866541
957	0.866541
958	0.866541
959	0.866541
960	0.866541
961	0.866541
962	0.866541
963	0.866541
964	0.866541
965	0.866541
966	0.866541
967	0.866541
968	0.866541
969	0.866541
970	0.866541
971	0.866541
972	0.866541
973	0.866541
974	0.866541
975	0.866541
976	0.866541
977	0.866541
978	0.866541
979	0.866541
980	0.866541
981	0.866541
982	0.866541
983	0.866541
984	0.866541
985	0.866541
986	0.866541
987	0.866541
988	0.866541
989	0.866541
990	0.866541
991	0.866541
992	0.866541
993	0.866541
994	0.866541
995	0.866541
996	0.866541
997	0.866541
998	0.866541
999	0.866541
1000	0.866541
1001	0.866541
1002	0.866541
1003	0.866541
1004	0.866541
1005	0.866541
1006	0.866541
1007	0.866541
1008	0.866541
1009	0.866541
1010	0.866541
1011	0.866541
1012	0.866541
1013	0.866541
1014	0.866541
1015	0.866541
1016	0.866541
1017	0.866541
1018	0.866541
1019	0.866541
1020	0.866541
1021	0.866541
1022	0.866541
1023	0.866541
1024	0.866541
1025	0.866541
1026	0.866541
1027	0.866541
1028	0.866541
1029	0.866541
1030	0.866541
1031	0.866541
1032	0.866541
1033	0.866541
1034	0.866541
1035	0.866541
1036	0.866541
1037	0.866541
1038	0.866541
1039	0.866541
1040	0.866541
1041	0.866541
1042	0.866541
1043	0.866541
1044	0.866541
1045	0.866541
1046	0.866541
1047	0.866541
1048	0.866541
1049	0.866541
1050	0.866541
1051	0.866541
1052	0.866541
1053	0.866541
1054	0.866541
1055	0.866541
1056	0.866541
1057	0.866541
1058	0.866541
1059	0.866541
1060	0.866541
1061	0.866541
1062	0.866541
1063	0.866541
1064	0.866541
1065	0.866541
1066	0.866541
1067	0.866541
1068	0.866541
1069	0.866541
1070	0.866541
1071	0.866541
1072	0.866541
1073	0.866541
1074	0.866541
1075	0.866541
1076	0.866541
1077	0.866541
1078	0.866541
1079	0.866541
1080	0.866541
1081	0.866541
1082	0.866541
1083	0.866541
1084	0.866541
1085	0.866541
1086	0.866541
1087	0.866541
1088	0.866541
1089	0.866541
1090	0.866541
1091	0.866541
1092	0.866541
1093	0.866541
1094	0.866541
1095	0.866541
1096	0.866541
1097	0.866541
1098	0.866541
1099	0.866541
1100	0.866541
1101	0.866541
1102	0.866541
1103	0.866541
1104	0.866541
1105	0.866541
1106	0.866541
1107	0.866541
1108	0.866541
1109	0.866541
1110	0.866541
1111	0.866541
1112	0.866541
1113	0.866541
1114	0.866541
1115	0.866541
1116	0.866541
1117	0.866541
1118	0.866541
1119	0.866541
1120	0.866541
1121	0.866541
1122	0.866541
1123	0.866541
1124	0.866541
1125	0.866541
1126	0.866541
1127	0.866541
1128	0.866541
1129	0.866541
1130	0.866541
1131	0.866541
1132	0.866541
1133	0.866541
1134	0.866541
1135	0.866541
1136	0.866541
1137	0.866541
1138	0.866541
1139	0.866541
1140	0.866541
1141	0.866541
1142	0.866541
1143	0.866541
1144	0.866541
1145	0.866541
1146	0.866541
1147	0.866541
1148	0.866541
1149	0.866541
1150	0.866541
1151	0.866541
1152	0.866541
1153	0.866541
1154	0.866541
1155	0.866541
1156	0.866541
1157	0.866541
1158	0.866541
1159	0.866541
1160	0.866541
1161	0.866541
1162	0.866541
1163	0.866541
1164	0.866541
1165	0.866541
1166	0.866541
1167	0.866541
1168	0.866541
1169	0.866541
1170	0.866541
1171	0.866541
1172	0.866541
1173	0.866541
1174	0.866541
1175	0.866541
1176	0.866541
1177	0.866541
1178	0.866541
1179	0.866541
1180	0.866541
1181	0.866541
1182	0.866541
1183	0.866541
1184	0.866541
1185	0.866541
1186	0.866541
1187	0.866541
1188	0.874421
1189	0.874421
1190	0.874421
1191	0.874421
1192	0.874421
1193	0.874421
1194	0.874421
1195	0.874421
1196	0.874421
1197	0.874421
1198	0.874421
1199	0.874421
1200	0.886011
1201	0.886011
1202	0.886011
1203	0.886011
1204	0.886011
1205	0.886011
1206	0.886011
1207	0.886011
1208	0.886011
1209	0.886011
1210	0.886011
1211	0.886011
1212	0.886011
1213	0.886011
1214	0.886011
1215	0.886011
1216	0.886011
1217	0.886011
1218	0.886011
1219	0.886011
1220	0.886011
1221	0.886011
1222	0.886011
1223	0.886011
1224	0.886011
1225	0.886011
1226	0.886011
1227	0.886011
1228	0.886011
1229	0.886011
1230	0.886011
1231	0.886011
1232	0.886011
1233	0.886011
1234	0.886011
1235	0.886011
1236	0.886011
1237	0.886011
1238	0.886011
1239	0.886011
1240	0.886011
1241	0.886011
1242	0.886011
1243	0.886011
1244	0.886011
1245	0.886011
1246	0.886011
1247	0.886011
1248	0.886011
1249	0.886011
1250	0.886011
1251	0.886011
1252	0.886011
1253	0.886011
1254	0.886011
1255	0.886011
1256	0.886011
1257	0.886011
1258	0.886011
1259	0.886011
1260	0.886011
1261	0.886011
1262	0.886011
1263	0.886011
1264	0.886011
1265	0.886011
1266	0.886011
1267	0.886011
1268	0.886011
1269	0.886011
1270	0.886011
1271	0.886011
1272	0.886011
1273	0.886011
1274	0.886011
1275	0.886011
1276	0.886011
1277	0.886011
1278	0.886011
1279	0.886011
1280	0.886011
1281	0.886011
1282	0.886011
1283	0.886011
1284	0.886011
1285	0.886011
1286	0.886011
1287	0.886011
1288	0.886011
1289	0.886011
1290	0.886011
1291	0.886011
1292	0.886011
1293	0.886011
1294	0.886011
1295	0.886011
1296	0.886011
1297	0.886011
1298	0.886011
1299	0.886011
1300	0.886011
1301	0.886011
1302	0.886011
1303	0.886011
1304	0.886011
1305	0.886011
1306	0.886011
1307	0.886011
1308	0.886011
1309	0.886011
1310	0.886011
1311	0.886011
1312	0.886011
1313	0.886011
1314	0.886011
1315	0.886011
1316	0.886011
1317	0.886011
1318	0.886011
1319	0.886011
1320	0.886011
1321	0.886011
1322	0.886011
1323	0.886011
1324	0.886011
1325	0.886011
1326	0.886011
1327	0.886011
1328	0.886011
1329	0.886011
1330	0.886011
1331	0.886011
1332	0.886011
1333	0.886011
1334	0.886011
1335	0.886011
1336	0.886011
1337	0.886011
1338	0.886011
1339	0.886011
1340	0.886011
1341	0.886011
1342	0.886011
1343	0.886011
1344	0.886011
1345	0.886011
1346	0.886011
1347	0.886011
1348	0.886011
1349	0.886011
1350	0.886011
1351	0.886011
1352	0.886011
1353	0.886011
1354	0.886011
1355	0.886011
1356	0.886011
1357	0.886011
1358	0.886011
1359	0.886011
1360	0.886011
1361	0.886011
1362	0.886011
1363	0.886011
1364	0.886011
1365	0.886011
1366	0.886011
1367	0.886011
1368	0.886011
1369	0.886011
1370	0.886011
1371	0.886011
1372	0.886011
1373	0.886011
1374	0.886011
1375	0.886011
1376	0.886011
1377	0.886011
1378	0.886011
1379	0.886011
1380	0.886011
1381	0.886011
1382	0.886011
1383	0.886011
1384	0.886011
1385	0.886011
1386	0.886011
1387	0.886011
1388	0.886011
1389	0.886011
1390	0.886011
1391	0.886011
1392	0.886011
1393	0.886011
1394	0.886011
1395	0.886011
1396	0.886011
1397	0.886011
1398	0.886011
1399	0.886011
1400	0.886011
1401	0.886011
1402	0.886011
1403	0.886011
1404	0.886011
1405	0.886011
1406	0.886011
1407	0.886011
1408	0.886011
1409	0.886011
1410	0.886011
1411	0.886011
1412	0.886011
1413	0.886011
1414	0.886011
1415	0.886011
1416	0.886011
1417	0.886011
1418	0.886011
1419	0.886011
1420	0.886011
1421	0.886011
1422	0.886011
1423	0.886011
1424	0.886011
1425	0.886011
1426	0.886011
1427	0.886011
1428	0.886011
1429	0.886011
1430	0.886011
1431	0.886011
1432	0.886011
1433	0.886011
1434	0.886011
1435	0.886011
1436	0.886011
1437	0.886011
1438	0.886011
1439	0.886011
1440	0.886011
1441	0.886011
1442	0.886011
1443	0.886011
1444	0.886011
1445	0.886011
1446	0.886011
1447	0.886011
1448	0.886011
1449	0.886011
1450	0.886011
1451	0.886011
1452	0.886011
1453	0.886011
1454	0.886011
1455	0.886011
1456	0.886011
1457	0.886011
1458	0.886011
1459	0.886011
1460	0.886011
1461	0.886011
1462	0.886011
1463	0.886011
1464	0.886011
1465	0.886011
1466	0.886011
1467	0.886011
1468	0.886011
1469	0.886011
1470	0.886011
1471	0.886011
1472	0.886011
1473	0.886011
1474	0.886011
1475	0.886011
1476	0.886011
1477	0.886011
1478	0.886011
1479	0.886011
1480	0.886011
1481	0.886011
1482	0.886011
1483	0.886011
1484	0.886011
1485	0.886011
1486	0.886011
1487	0.886011
1488	0.886011
1489	0.886011
1490	0.886011
1491	0.886011
1492	0.886011
1493	0.886011
1494	0.886011
1495	0.886011
1496	0.886011
1497	0.886011
1498	0.886011
1499	0.886011
1500	0.886011
1501	0.886011
1502	0.886011
1503	0.886011
1504	0.886011
1505	0.886011
1506	0.886011
1507	0.886011
1508	0.886011
1509	0.886011
1510	0.886011
1511	0.886011
1512	0.886011
1513	0.886011
1514	0.886011
1515	0.886011
1516	0.886011
1517	0.886011
1518	0.886011
1519	0.886011
1520	0.886011
1521	0.886011
1522	0.886011
1523	0.886011
1524	0.886011
1525	0.886011
1526	0.886011
1527	0.886011
1528	0.886011
1529	0.886011
1530	0.886011
1531	0.886011
1532	0.886011
1533	0.886011
1534	0.886011
1535	0.886011
1536	0.886011
1537	0.886011
1538	0.886011
1539	0.886011
1540	0.886011
1541	0.886011
1542	0.886011
1543	0.886011
1544	0.886011
1545	0.886011
1546	0.886011
1547	0.886011
1548	0.886011
1549	0.886011
1550	0.886011
1551	0.886011
1552	0.886011
1553	0.886011
1554	0.886011
1555	0.886011
1556	0.886011
1557	0.886011
1558	0.886011
1559	0.886011
1560	0.886011
1561	0.886011
1562	0.886011
1563	0.886011
1564	0.886011
1565	0.886011
1566	0.886011
1567	0.886011
1568	0.886011
1569	0.886011
1570	0.886011
1571	0.886011
1572	0.886011
1573	0.886011
1574	0.886011
1575	0.886011
1576	0.886011
1577	0.886011
1578	0.886011
1579	0.886011
1580	0.886011
1581	0.886011
1582	0.886011
1583	0.886011
1584	0.886011
1585	0.886011
1586	0.886011
1587	0.886011
1588	0.886011
1589	0.886011
1590	0.886011
1591	0.886011
1592	0.886011
1593	0.886011
1594	0.886011
1595	0.886011
1596	0.886011
1597	0.886011
1598	0.886025
1599	0.886025
1600	0.886025
1601	0.886025
1602	0.886025
1603	0.886025
1604	0.886025
1605	0.886025
1606	0.886025
1607	0.886025
1608	0.886025
1609	0.886025
1610	0.886025
1611	0.886025
1612	0.886025
1613	0.886025
1614	0.886025
1615	0.886025
1616	0.886025
1617	0.886025
1618	0.886025
1619	0.886025
1620	0.886025
1621	0.886025
1622	0.886025
1623	0.886025
1624	0.886025
1625	0.886025
1626	0.886025
1627	0.886025
1628	0.886248
1629	0.886248
1630	0.886248
1631	0.886248
1632	0.895565
1633	0.895565
1634	0.895565
1635	0.895565
1636	0.895565
1637	0.895565
1638	0.895565
1639	0.895565
1640	0.895565
1641	0.895565
1642	0.895565
1643	0.895565
1644	0.895565
1645	0.895565
1646	0.895565
1647	0.895565
1648	0.895565
1649	0.895565
1650	0.895565
1651	0.895565
1652	0.895565
1653	0.895565
1654	0.895565
1655	0.895565
1656	0.895565
1657	0.895565
1658	0.895565
1659	0.895565
1660	0.895788
1661	0.895788
1662	0.895788
1663	0.895788
1664	0.895788
1665	0.895788
1666	0.895788
1667	0.895788
1668	0.895788
1669	0.895788
1670	0.895788
1671	0.895788
1672	0.895788
1673	0.895788
1674	0.895788
1675	0.895788
1676	0.895788
1677	0.895788
1678	0.895788
1679	0.895788
1680	0.895788
1681	0.895788
1682	0.895788
1683	0.895788
1684	0.895788
1685	0.895788
1686	0.895788
1687	0.895788
1688	0.895788
1689	0.895788
1690	0.895788
1691	0.895788
1692	0.895788
1693	0.895788
1694	0.895788
1695	0.895788
1696	0.895788
1697	0.895788
1698	0.895788
1699	0.895788
1700	0.895788
1701	0.895788
1702	0.895788
1703	0.895788
1704	0.895788
1705	0.895788
1706	0.895788
1707	0.895788
1708	0.895788
1709	0.895788
1710	0.895788
1711	0.895788
1712	0.895788
1713	0.895788
1714	0.895788
1715	0.895788
1716	0.895788
1717	0.895788
1718	0.895788
1719	0.895788
1720	0.895788
1721	0.895788
1722	0.895788
1723	0.895788
1724	0.895788
1725	0.895788
1726	0.895788
1727	0.895788
1728	0.895788
1729	0.895788
1730	0.895788
1731	0.895788
1732	0.895788
1733	0.895788
1734	0.895788
1735	0.895788
1736	0.895788
1737	0.895788
1738	0.895788
1739	0.895788
1740	0.895788
1741	0.895788
1742	0.895788
1743	0.895788
1744	0.895788
1745	0.895788
1746	0.895788
1747	0.895788
1748	0.895788
1749	0.895788
1750	0.895788
1751	0.895788
1752	0.895788
1753	0.895788
1754	0.895788
1755	0.895788
1756	0.895788
1757	0.895788
1758	0.895788
1759	0.895788
1760	0.895788
1761	0.895788
1762	0.895788
1763	0.895788
1764	0.895788
1765	0.895788
1766	0.895788
1767	0.895788
1768	0.895788
1769	0.895788
1770	0.895788
1771	0.895788
1772	0.895788
1773	0.895788
1774	0.895788
1775	0.895788
1776	0.895788
1777	0.895788
1778	0.895788
1779	0.895788
1780	0.895788
1781	0.895788
1782	0.895788
1783	0.895788
1784	0.895788
1785	0.895788
1786	0.895788
1787	0.895788
1788	0.895788
1789	0.895788
1790	0.895788
1791	0.895788
1792	0.895788
1793	0.895788
1794	0.895788
1795	0.895788
1796	0.895788
1797	0.895788
1798	0.895788
1799	0.895788
1800	0.895788
1801	0.895788
1802	0.895788
1803	0.895788
1804	0.895788
1805	0.895788
1806	0.895788
1807	0.895788
1808	0.895788
1809	0.895788
1810	0.895788
1811	0.895788
1812	0.895788
1813	0.895788
1814	0.895788
1815	0.895788
1816	0.895788
1817	0.895788
1818	0.895788
1819	0.895788
1820	0.895788
1821	0.895788
1822	0.895788
1823	0.895788
1824	0.895788
1825	0.895788
1826	0.895788
1827	0.895788
1828	0.895788
1829	0.895788
1830	0.895788
1831	0.895788
1832	0.895788
1833	0.895788
1834	0.895788
1835	0.895788
1836	0.895788
1837	0.895788
1838	0.895788
1839	0.895788
1840	0.895788
1841	0.895788
1842	0.895788
1843	0.895788
1844	0.895788
1845	0.895788
1846	0.895788
1847	0.895788
1848	0.895788
1849	0.895788
1850	0.895788
1851	0.895788
1852	0.895788
1853	0.895788
1854	0.895788
1855	0.895788
1856	0.895788
1857	0.895788
1858	0.895788
1859	0.895788
1860	0.895788
1861	0.895788
1862	0.895788
1863	0.895788
1864	0.895788
1865	0.895788
1866	0.895788
1867	0.895788
1868	0.895788
1869	0.895788
1870	0.895788
1871	0.895788
1872	0.895788
1873	0.895788
1874	0.895788
1875	0.895788
1876	0.895788
1877	0.895788
1878	0.895788
1879	0.895788
1880	0.895788
1881	0.895788
1882	0.895788
1883	0.895788
1884	0.895788
1885	0.895788
1886	0.895788
1887	0.895788
1888	0.895788
1889	0.895788
1890	0.895788
1891	0.895788
1892	0.895788
1893	0.895788
1894	0.895788
1895	0.895788
1896	0.895788
1897	0.895788
1898	0.895788
1899	0.895788
1900	0.895788
1901	0.895788
1902	0.895788
1903	0.895788
1904	0.895788
1905	0.895788
1906	0.895788
1907	0.895788
1908	0.895788
1909	0.895788
1910	0.895788
1911	0.895788
1912	0.895788
1913	0.895788
1914	0.895788
1915	0.895788
1916	0.895788
1917	0.895788
1918	0.895788
1919	0.895788
1920	0.895788
1921	0.895788
1922	0.895788
1923	0.895788
1924	0.895788
1925	0.895788
1926	0.895788
1927	0.895788
1928	0.895788
1929	0.895788
1930	0.895788
1931	0.895788
1932	0.895788
1933	0.895788
1934	0.895788
1935	0.895788
1936	0.895788
1937	0.895788
1938	0.895788
1939	0.895788
1940	0.895788
1941	0.895788
1942	0.895788
1943	0.895788
1944	0.895788
1945	0.895788
1946	0.895788
1947	0.895788
1948	0.895788
1949	0.895788
1950	0.895788
1951	0.895788
1952	0.895788
1953	0.895788
1954	0.895788
1955	0.895788
1956	0.895788
1957	0.895788
1958	0.895788
1959	0.895788
1960	0.895788
1961	0.895788
1962	0.895788
1963	0.895788
1964	0.895788
1965	0.895788
1966	0.895788
1967	0.895788
1968	0.895788
1969	0.895788
1970	0.895788
1971	0.895788
1972	0.895788
1973	0.895788
1974	0.895788
1975	0.895788
1976	0.895788
1977	0.895788
1978	0.895788
1979	0.895788
1980	0.895788
1981	0.895788
1982	0.895788
1983	0.895788
1984	0.895788
1985	0.895788
1986	0.895788
1987	0.895788
1988	0.895788
1989	0.895788
1990	0.895788
1991	0.895788
1992	0.895788
1993	0.895788
1994	0.895788
1995	0.895788
1996	0.895788
1997	0.895788
1998	0.895788
1999	0.895788
2000	0.895788
2001	0.895788
2002	0.895788
2003	0.895788
2004	0.895788
2005	0.895788
2006	0.895788
2007	0.895788
2008	0.895788
2009	0.895788
2010	0.895788
2011	0.895788
2012	0.895788
2013	0.895788
2014	0.895788
2015	0.895788
2016	0.895788
2017	0.895788
2018	0.895788
2019	0.895788
2020	0.895788
2021	0.895788
2022	0.895788
2023	0.895788
2024	0.895788
2025	0.895788
2026	0.895788
2027	0.895788
2028	0.895788
2029	0.895788
2030	0.895788
2031	0.895788
2032	0.895788
2033	0.895788
2034	0.895788
2035	0.895788
2036	0.895788
2037	0.895788
2038	0.895788
2039	0.895788
2040	0.895788
2041	0.895788
2042	0.895788
2043	0.895788
2044	0.895788
2045	0.895788
2046	0.895788
2047	0.895788
2048	0.895788
2049	0.895788
2050	0.895788
2051	0.895788
2052	0.895788
2053	0.895788
2054	0.895788
2055	0.895788
2056	0.895788
2057	0.895788
2058	0.895788
2059	0.895788
2060	0.895788
2061	0.895788
2062	0.895788
2063	0.895788
2064	0.895788
2065	0.895788
2066	0.895788
2067	0.895788
2068	0.895788
2069	0.895788
2070	0.895788
2071	0.895788
2072	0.895788
2073	0.895788
2074	0.895788
2075	0.895788
2076	0.895788
2077	0.895788
2078	0.895788
2079	0.895788
2080	0.895788
2081	0.895788
2082	0.895788
2083	0.895788
2084	0.895788
2085	0.895788
2086	0.895788
2087	0.895788
2088	0.895788
2089	0.895788
2090	0.895788
2091	0.895788
2092	0.895788
2093	0.895788
2094	0.895788
2095	0.895788
2096	0.895788
2097	0.895788
2098	0.895788
2099	0.895788
2100	0.895788
2101	0.895788
2102	0.895788
2103	0.895788
2104	0.895788
2105	0.895788
2106	0.895788
2107	0.895788
2108	0.895788
2109	0.895788
2110	0.895788
2111	0.895788
2112	0.895788
2113	0.895788
2114	0.895788
2115	0.895788
2116	0.895788
2117	0.895788
2118	0.895788
2119	0.895788
2120	0.895788
2121	0.895788
2122	0.895788
2123	0.895788
2124	0.895788
2125	0.895788
2126	0.895788
2127	0.895788
2128	0.895788
2129	0.895788
2130	0.895788
2131	0.895788
2132	0.895788
2133	0.895788
2134	0.895788
2135	0.895788
2136	0.895788
2137	0.895788
2138	0.895788
2139	0.895788
2140	0.895788
2141	0.895788
2142	0.895788
2143	0.895788
2144	0.895788
2145	0.895788
2146	0.895788
2147	0.895788
2148	0.895788
2149	0.895788
2150	0.895788
2151	0.895788
2152	0.895788
2153	0.895788
2154	0.895788
2155	0.895788
2156	0.895788
2157	0.895788
2158	0.895788
2159	0.895788
2160	0.895788
2161	0.895788
2162	0.895788
2163	0.895788
2164	0.895788
2165	0.895788
2166	0.895788
2167	0.895788
2168	0.895788
2169	0.895788
2170	0.895788
2171	0.895788
2172	0.895788
2173	0.895788
2174	0.895788
2175	0.895788
2176	0.895788
2177	0.895788
2178	0.895788
2179	0.895788
2180	0.895788
2181	0.895788
2182	0.895788
2183	0.895788
2184	0.895788
2185	0.895788
2186	0.895788
2187	0.895788
2188	0.895788
2189	0.895788
2190	0.895788
2191	0.895788
2192	0.895788
2193	0.895788
2194	0.895788
2195	0.895788
2196	0.895788
2197	0.895788
2198	0.895788
2199	0.895788
2200	0.895788
2201	0.895788
2202	0.895788
2203	0.895788
2204	0.895788
2205	0.895788
2206	0.895788
2207	0.895788
2208	0.895788
2209	0.895788
2210	0.895788
2211	0.895788
2212	0.895788
2213	0.895788
2214	0.895788
2215	0.895788
2216	0.895788
2217	0.895788
2218	0.895788
2219	0.895788
2220	0.895788
2221	0.895788
2222	0.895788
2223	0.895788
2224	0.895788
2225	0.895788
2226	0.895788
2227	0.895788
2228	0.895788
2229	0.895788
2230	0.895788
2231	0.895788
2232	0.895788
2233	0.895788
2234	0.895788
2235	0.895788
2236	0.895788
2237	0.895788
2238	0.895788
2239	0.895788
2240	0.895788
2241	0.895788
2242	0.895788
2243	0.895788
2244	0.895788
2245	0.895788
2246	0.895788
2247	0.895788
2248	0.895788
2249	0.895788
2250	0.895788
2251	0.895788
2252	0.895788
2253	0.895788
2254	0.895788
2255	0.895788
2256	0.895788
2257	0.895788
2258	0.895788
2259	0.895788
2260	0.895788
2261	0.895788
2262	0.895788
2263	0.895788
2264	0.895788
2265	0.895788
2266	0.895788
2267	0.895788
2268	0.895788
2269	0.895788
2270	0.895788
2271	0.895788
2272	0.895788
2273	0.895788
2274	0.895788
2275	0.895788
2276	0.895788
2277	0.895788
2278	0.895788
2279	0.895788
2280	0.895788
2281	0.895788
2282	0.895788
2283	0.895788
2284	0.895788
2285	0.895788
2286	0.895788
2287	0.895788
2288	0.895788
2289	0.895788
2290	0.895788
2291	0.895788
2292	0.895788
2293	0.895788
2294	0.895788
2295	0.895788
2296	0.895788
2297	0.895788
2298	0.895788
2299	0.895788
2300	0.895788
2301	0.895788
2302	0.895788
2303	0.895788
2304	0.895788
2305	0.895788
2306	0.895788
2307	0.895788
2308	0.895788
2309	0.895788
2310	0.895788
2311	0.895788
2312	0.895788
2313	0.895788
2314	0.895788
2315	0.895788
2316	0.895788
2317	0.895788
2318	0.895788
2319	0.895788
2320	0.895788
2321	0.895788
2322	0.895788
2323	0.895788
2324	0.895788
2325	0.895788
2326	0.895788
2327	0.895788
2328	0.895788
2329	0.895788
2330	0.895788
2331	0.895788
2332	0.895788
2333	0.895788
2334	0.895788
2335	0.895788
2336	0.895788
2337	0.895788
2338	0.895788
2339	0.895788
2340	0.895788
2341	0.895788
2342	0.895788
2343	0.895788
2344	0.895788
2345	0.895788
2346	0.895788
2347	0.895788
2348	0.895788
2349	0.895788
2350	0.895788
2351	0.895788
2352	0.895788
2353	0.895788
2354	0.895788
2355	0.895788
2356	0.895788
2357	0.895788
2358	0.895788
2359	0.895788
2360	0.895788
2361	0.895788
2362	0.895788
2363	0.895788
2364	0.895788
2365	0.895788
2366	0.895788
2367	0.895788
2368	0.895788
2369	0.895788
2370	0.895788
2371	0.895788
2372	0.895788
2373	0.895788
2374	0.895788
2375	0.895788
2376	0.895788
2377	0.895788
2378	0.895788
2379	0.895788
2380	0.895788
2381	0.895788
2382	0.895788
2383	0.895788
2384	0.895788
2385	0.895788
2386	0.895788
2387	0.895788
2388	0.895788
2389	0.895788
2390	0.895788
2391	0.895788
2392	0.895788
2393	0.895788
2394	0.895788
2395	0.895788
2396	0.895788
2397	0.895788
2398	0.895788
2399	0.895788
2400	0.895788
2401	0.895788
2402	0.895788
2403	0.895788
2404	0.895788
2405	0.895788
2406	0.895788
2407	0.895788
2408	0.895788
2409	0.895788
2410	0.895788
2411	0.895788
2412	0.895788
2413	0.895788
2414	0.895788
2415	0.895788
2416	0.895788
2417	0.895788
2418	0.895788
2419	0.895788
2420	0.895788
2421	0.895788
2422	0.895788
2423	0.895788
2424	0.895788
2425	0.895788
2426	0.895788
2427	0.895788
2428	0.895788
2429	0.895788
2430	0.895788
2431	0.895788
2432	0.895788
2433	0.895788
2434	0.895788
2435	0.895788
2436	0.895788
2437	0.895788
2438	0.895788
2439	0.895788
2440	0.895788
2441	0.895788
2442	0.895788
2443	0.895788
2444	0.895788
2445	0.895788
2446	0.895788
2447	0.895788
2448	0.895788
2449	0.895788
2450	0.895788
2451	0.895788
2452	0.895788
2453	0.895788
2454	0.895788
2455	0.895788
2456	0.895788
2457	0.895788
2458	0.895788
2459	0.895788
2460	0.895788
2461	0.895788
2462	0.895788
2463	0.895788
2464	0.895788
2465	0.895788
2466	0.895788
2467	0.895788
2468	0.895788
2469	0.895788
2470	0.895788
2471	0.895788
2472	0.895788
2473	0.895788
2474	0.895788
2475	0.895788
2476	0.895788
2477	0.895788
2478	0.895788
2479	0.895788
2480	0.895788
2481	0.895788
2482	0.895788
2483	0.895788
2484	0.895788
2485	0.895788
2486	0.895788
2487	0.895788
2488	0.895788
2489	0.895788
2490	0.895788
2491	0.895788
2492	0.895788
2493	0.895788
2494	0.895788
2495	0.895788
2496	0.895788
2497	0.895788
2498	0.895788
2499	0.895788
2500	0.895788
2501	0.895788
2502	0.895788
2503	0.895788
2504	0.895788
2505	0.895788
2506	0.895788
2507	0.895788
2508	0.895788
2509	0.895788
2510	0.895788
2511	0.895788
2512	0.895788
2513	0.895788
2514	0.895788
2515	0.895788
2516	0.895788
2517	0.895788
2518	0.895788
2519	0.895788
2520	0.895788
2521	0.895788
2522	0.895788
2523	0.895788
2524	0.895788
2525	0.895788
2526	0.895788
2527	0.895788
2528	0.895788
2529	0.895788
2530	0.895788
2531	0.895788
2532	0.895788
2533	0.895788
2534	0.895788
2535	0.895788
2536	0.895788
2537	0.895788
2538	0.895788
2539	0.895788
2540	0.895788
2541	0.895788
2542	0.895788
2543	0.895788
2544	0.895788
2545	0.895788
2546	0.895788
2547	0.895788
2548	0.895788
2549	0.895788
2550	0.895788
2551	0.895788
2552	0.895788
2553	0.895788
2554	0.895788
2555	0.895788
2556	0.895788
2557	0.895788
2558	0.895788
2559	0.895788
2560	0.895788
2561	0.895788
2562	0.895788
2563	0.895788
2564	0.895788
2565	0.895788
2566	0.895788
2567	0.895788
2568	0.895788
2569	0.895788
2570	0.895788
2571	0.895788
2572	0.895788
2573	0.895788
2574	0.895788
2575	0.895788
2576	0.895788
2577	0.895788
2578	0.895788
2579	0.895788
2580	0.895788
2581	0.895788
2582	0.895788
2583	0.895788
2584	0.895788
2585	0.895788
2586	0.895788
2587	0.895788
2588	0.895788
2589	0.895788
2590	0.895788
2591	0.895788
2592	0.895788
2593	0.895788
2594	0.895788
2595	0.895788
2596	0.895788
2597	0.895788
2598	0.895788
2599	0.895788
2600	0.895788
2601	0.895788
2602	0.895788
2603	0.895788
2604	0.895788
2605	0.895788
2606	0.895788
2607	0.895788
2608	0.895788
2609	0.895788
2610	0.895788
2611	0.895788
2612	0.895788
2613	0.895788
2614	0.895788
2615	0.895788
2616	0.895788
2617	0.895788
2618	0.895788
2619	0.895788
2620	0.895788
2621	0.895788
2622	0.895788
2623	0.895788
2624	0.895788
2625	0.895788
2626	0.895788
2627	0.895788
2628	0.895788
2629	0.895788
2630	0.895788
2631	0.895788
2632	0.895788
2633	0.895788
2634	0.895788
2635	0.895788
2636	0.895788
2637	0.895788
2638	0.895788
2639	0.895788
2640	0.895788
2641	0.895788
2642	0.895788
2643	0.895788
2644	0.895788
2645	0.895788
2646	0.895788
2647	0.895788
2648	0.895788
2649	0.895788
2650	0.895788
2651	0.895788
2652	0.895788
2653	0.895788
2654	0.895788
2655	0.895788
2656	0.895788
2657	0.895788
2658	0.895788
2659	0.895788
2660	0.895788
2661	0.895788
2662	0.895788
2663	0.895788
2664	0.895788
2665	0.895788
2666	0.895788
2667	0.895788
2668	0.895788
2669	0.895788
2670	0.895788
2671	0.895788
2672	0.895788
2673	0.895788
2674	0.895788
2675	0.895788
2676	0.895788
2677	0.895788
2678	0.895788
2679	0.895788
2680	0.895788
2681	0.895788
2682	0.895788
2683	0.895788
2684	0.895788
2685	0.895788
2686	0.895788
2687	0.895788
2688	0.895788
2689	0.895788
2690	0.895788
2691	0.895788
2692	0.895788
2693	0.895788
2694	0.895788
2695	0.895788
2696	0.895788
2697	0.895788
2698	0.895788
2699	0.895788
2700	0.895788
2701	0.895788
2702	0.895788
2703	0.895788
2704	0.895788
2705	0.895788
2706	0.895788
2707	0.895788
2708	0.895788
2709	0.895788
2710	0.895788
2711	0.895788
2712	0.895788
2713	0.895788
2714	0.895788
2715	0.895788
2716	0.895788
2717	0.895788
2718	0.895788
2719	0.895788
2720	0.895788
2721	0.895788
2722	0.895788
2723	0.895788
2724	0.895788
2725	0.895788
2726	0.895788
2727	0.895788
2728	0.895788
2729	0.895788
2730	0.895788
2731	0.895788
2732	0.895788
2733	0.895788
2734	0.895788
2735	0.895788
2736	0.895788
2737	0.895788
2738	0.895788
2739	0.895788
2740	0.895788
2741	0.895788
2742	0.895788
2743	0.895788
2744	0.895788
2745	0.895788
2746	0.895788
2747	0.895788
2748	0.895788
2749	0.895788
2750	0.895788
2751	0.895788
2752	0.895788
2753	0.895788
2754	0.895788
2755	0.895788
2756	0.895788
2757	0.895788
2758	0.895788
2759	0.895788
2760	0.895788
2761	0.895788
2762	0.895788
2763	0.895788
2764	0.895788
2765	0.895788
2766	0.895788
2767	0.895788
2768	0.895788
2769	0.895788
2770	0.895788
2771	0.895788
2772	0.895788
2773	0.895788
2774	0.895788
2775	0.895788
2776	0.895788
2777	0.895788
2778	0.895788
2779	0.895788
2780	0.895788
2781	0.895788
2782	0.895788
2783	0.895788
2784	0.895788
2785	0.895788
2786	0.895788
2787	0.895788
2788	0.895788
2789	0.895788
2790	0.895788
2791	0.895788
2792	0.895788
2793	0.895788
2794	0.895788
2795	0.895788
2796	0.895788
2797	0.895788
2798	0.895788
2799	0.895788
2800	0.895788
2801	0.895788
2802	0.895788
2803	0.895788
2804	0.895788
2805	0.895788
2806	0.895788
2807	0.895788
2808	0.895788
2809	0.895788
2810	0.895788
2811	0.895788
2812	0.895788
2813	0.895788
2814	0.895788
2815	0.895788
2816	0.895788
2817	0.895788
2818	0.895788
2819	0.895788
2820	0.895788
2821	0.895788
2822	0.895788
2823	0.895788
2824	0.895788
2825	0.895788
2826	0.895788
2827	0.895788
2828	0.895788
2829	0.895788
2830	0.895788
2831	0.895788
2832	0.895788
2833	0.895788
2834	0.895788
2835	0.895788
2836	0.895788
2837	0.895788
2838	0.895788
2839	0.895788
2840	0.895788
2841	0.895788
2842	0.895788
2843	0.895788
2844	0.895788
2845	0.895788
2846	0.895788
2847	0.895788
2848	0.895788
2849	0.895788
2850	0.895788
2851	0.895788
2852	0.895788
2853	0.895788
2854	0.895788
2855	0.895788
2856	0.895788
2857	0.895788
2858	0.898075
2859	0.898075
2860	0.898075
2861	0.898075
2862	0.898075
2863	0.898075
2864	0.898075
2865	0.898075
2866	0.898075
2867	0.898075
2868	0.898075
2869	0.898075
2870	0.898075
2871	0.898075
2872	0.898075
2873	0.898075
2874	0.898075
2875	0.898075
2876	0.898075
2877	0.898075
2878	0.898312
2879	0.898312
2880	0.901534
2881	0.901534
2882	0.901534
2883	0.902008
2884	0.902008
2885	0.902008
2886	0.902008
2887	0.902008
2888	0.902008
2889	0.902008
2890	0.902008
2891	0.902008
2892	0.902008
2893	0.902008
2894	0.902008
2895	0.902008
2896	0.902008
2897	0.902008
2898	0.902008
2899	0.902008
2900	0.902008
2901	0.902008
2902	0.902008
2903	0.902008
2904	0.902008
2905	0.902008
2906	0.902008
2907	0.902008
2908	0.902008
2909	0.902008
2910	0.902008
2911	0.902008
2912	0.902008
2913	0.902008
2914	0.902008
2915	0.902008
2916	0.902008
2917	0.902008
2918	0.902008
2919	0.902008
2920	0.904519
2921	0.904519
2922	0.904519
2923	0.904519
2924	0.904519
2925	0.904519
2926	0.904519
2927	0.904519
2928	0.904519
2929	0.904519
2930	0.904519
2931	0.914393
2932	0.914393
2933	0.914393
2934	0.916234
2935	0.916234
2936	0.916234
2937	0.916234
2938	0.916234
2939	0.916234
2940	0.916234
2941	0.916234
2942	0.916234
2943	0.918996
2944	0.918996
2945	0.918996
2946	0.918996
2947	0.918996
2948	0.918996
2949	0.918996
2950	0.918996
2951	0.918996
2952	0.918996
2953	0.918996
2954	0.918996
2955	0.918996
2956	0.918996
2957	0.918996
2958	0.918996
2959	0.918996
2960	0.918996
2961	0.918996
2962	0.918996
2963	0.918996
2964	0.918996
2965	0.918996
2966	0.918996
2967	0.918996
2968	0.918996
2969	0.918996
2970	0.918996
2971	0.918996
2972	0.918996
2973	0.918996
2974	0.918996
2975	0.918996
2976	0.918996
2977	0.918996
2978	0.918996
2979	0.918996
2980	0.918996
2981	0.918996
2982	0.918996
2983	0.918996
2984	0.918996
2985	0.918996
2986	0.918996
2987	0.918996
2988	0.918996
2989	0.918996
2990	0.918996
2991	0.918996
2992	0.918996
2993	0.933096
2994	0.933096
2995	0.933096
2996	0.933096
2997	0.933096
2998	0.934477
2999	0.939079
3000	0.939079
3001	0.939079
3002	0.939079
3003	0.939079
3004	0.939079
3005	0.939079
3006	0.939079
3007	0.939079
3008	0.939079
3009	0.939079
3010	0.939079
3011	0.939079
3012	0.939079
3013	0.939079
3014	0.939079
3015	0.939079
3016	0.939079
3017	0.939079
3018	0.939079
3019	0.939079
3020	0.939079
3021	0.939079
3022	0.939079
3023	0.939079
3024	0.939079
3025	0.939079
3026	0.939079
3027	0.939079
3028	0.939079
3029	0.939079
3030	0.939079
3031	0.939079
3032	0.939079
3033	0.939079
3034	0.939079
3035	0.939079
3036	0.939079
3037	0.939079
3038	0.939079
3039	0.939079
3040	0.939079
3041	0.939079
3042	0.939079
3043	0.939079
3044	0.939079
3045	0.939079
3046	0.939079
3047	0.939079
3048	0.939079
3049	0.939079
3050	0.939079
3051	0.939079
3052	0.939079
3053	0.939079
3054	0.939079
3055	0.939079
3056	0.939079
3057	0.939079
3058	0.939079
3059	0.939079
3060	0.939079
3061	0.939079
3062	0.939079
3063	0.939079
3064	0.939079
3065	0.939079
3066	0.939079
3067	0.939079
3068	0.939079
3069	0.939079
3070	0.939079
3071	0.939079
3072	0.939079
3073	0.939079
3074	0.939079
3075	0.939079
3076	0.939079
3077	0.939079
3078	0.939079
3079	0.939079
3080	0.939079
3081	0.939079
3082	0.939079
3083	0.939079
3084	0.939079
3085	0.939079
3086	0.939079
3087	0.939079
3088	0.939079
3089	0.939079
3090	0.939079
3091	0.939079
3092	0.939079
3093	0.939079
3094	0.939079
3095	0.939079
3096	0.939079
3097	0.939079
3098	0.939079
3099	0.939079
3100	0.939079
3101	0.939079
3102	0.939079
3103	0.939079
3104	0.939079
3105	0.939079
3106	0.939079
3107	0.939079
3108	0.939079
3109	0.939079
3110	0.939079
3111	0.939079
3112	0.939079
3113	0.939079
3114	0.939079
3115	0.939079
3116	0.939079
3117	0.939079
3118	0.939079
3119	0.939079
3120	0.939079
3121	0.939079
3122	0.939079
3123	0.939079
3124	0.939079
3125	0.939079
3126	0.939079
3127	0.939079
3128	0.939079
3129	0.939079
3130	0.939079
3131	0.939079
3132	0.939079
3133	0.939079
3134	0.939079
3135	0.939079
3136	0.939079
3137	0.939079
3138	0.939079
3139	0.939079
3140	0.939079
3141	0.939079
3142	0.939079
3143	0.939079
3144	0.939079
3145	0.939079
3146	0.939079
3147	0.939079
3148	0.939079
3149	0.939079
3150	0.939079
3151	0.939079
3152	0.939079
3153	0.939079
3154	0.939079
3155	0.939079
3156	0.939079
3157	0.939079
3158	0.939079
3159	0.939079
3160	0.939079
3161	0.939079
3162	0.939079
3163	0.939079
3164	0.939079
3165	0.939079
3166	0.939079
3167	0.939079
3168	0.939079
3169	0.958271
3170	0.958271
3171	0.958271
3172	0.958271
3173	0.958271
3174	0.958271
3175	0.958271
3176	0.958271
3177	0.958271
3178	0.958271
3179	0.958271
3180	0.958271
3181	0.958271
3182	0.958271
3183	0.958271
3184	0.958271
3185	0.958271
3186	0.958271
3187	0.958271
3188	0.958271
3189	0.958271
3190	0.958271
3191	0.958271
3192	0.958271
3193	0.958271
3194	0.958271
3195	0.958271
3196	0.958271
3197	0.958271
3198	0.958271
3199	0.958271
3200	0.958271
3201	0.958271
3202	0.958271
3203	0.958271
3204	0.958271
3205	0.958271
3206	0.958271
3207	0.958271
3208	0.958271
3209	0.958271
3210	0.958271
3211	0.958271
3212	0.958271
3213	0.958271
3214	0.958271
3215	0.958271
3216	0.958271
3217	0.958271
3218	0.958271
3219	0.958271
3220	0.958271
3221	0.958271
3222	0.958271
3223	0.958271
3224	0.958271
3225	0.958271
3226	0.958271
3227	0.958271
3228	0.958271
3229	0.958271
3230	0.958271
3231	0.958271
3232	0.958271
3233	0.958271
3234	0.958271
3235	0.958271
3236	0.958271
3237	0.958271
3238	0.958271
3239	0.958271
3240	0.958271
3241	0.958271
3242	0.958271
3243	0.958271
3244	0.958271
3245	0.958271
3246	0.958271
3247	0.958271
3248	0.958271
3249	0.958271
3250	0.958271
3251	0.958271
3252	0.958271
3253	0.958271
3254	0.958271
3255	0.958271
3256	0.958271
3257	0.958271
3258	0.958271
3259	0.958271
3260	0.958271
3261	0.958271
3262	0.958271
3263	0.958271
3264	0.958271
3265	0.958271
3266	0.958271
3267	0.958271
3268	0.958271
3269	0.958271
3270	0.958271
3271	0.958271
3272	0.958271
3273	0.958271
3274	0.958271
3275	0.958271
3276	0.958271
3277	0.958271
3278	0.958271
3279	0.958271
3280	0.958271
3281	0.958271
3282	0.958271
3283	0.958271
3284	0.958271
3285	0.958271
3286	0.958271
3287	0.958271
3288	0.958271
3289	0.958271
3290	0.958271
3291	0.958271
3292	0.958271
3293	0.958271
3294	0.958271
3295	0.958271
3296	0.958271
3297	0.958271
3298	0.958271
3299	0.958271
3300	0.958271
3301	0.958271
3302	0.958271
3303	0.958271
3304	0.958271
3305	0.958271
3306	0.958271
3307	0.958271
3308	0.958271
3309	0.958271
3310	0.958271
3311	0.958271
3312	0.958271
3313	0.958271
3314	0.958271
3315	0.958271
3316	0.958271
3317	0.958271
3318	0.958271
3319	0.958271
3320	0.958271
3321	0.958271
3322	0.958271
3323	0.958271
3324	0.958271
3325	0.958271
3326	0.958271
3327	0.958271
3328	0.958271
3329	0.958271
3330	0.958271
3331	0.958271
3332	0.958271
3333	0.958271
3334	0.958271
3335	0.958271
3336	0.958271
3337	0.958271
3338	0.958271
3339	0.958271
3340	0.958271
3341	0.958271
3342	0.958271
3343	0.958271
3344	0.958271
3345	0.958271
3346	0.958271
3347	0.958271
3348	0.958271
3349	0.958271
3350	0.958271
3351	0.958271
3352	0.958271
3353	0.958271
3354	0.958271
3355	0.958271
3356	0.958271
3357	0.958271
3358	0.958271
3359	0.958271
3360	0.958271
3361	0.958271
3362	0.958271
3363	0.958271
3364	0.958271
3365	0.958271
3366	0.958271
3367	0.958271
3368	0.958271
3369	0.958271
3370	0.958271
3371	0.958271
3372	0.958271
3373	0.958271
3374	0.958271
3375	0.958271
3376	0.958271
3377	0.958271
3378	0.958271
3379	0.958271
3380	0.958271
3381	0.958271
3382	0.958271
3383	0.958271
3384	0.958271
3385	0.958271
3386	0.958271
3387	0.958271
3388	0.958271
3389	0.958271
3390	0.958271
3391	0.958271
3392	0.958271
3393	0.958271
3394	0.958271
3395	0.958271
3396	0.958271
3397	0.958271
3398	0.958271
3399	0.958271
3400	0.958271
3401	0.958271
3402	0.958271
3403	0.958271
3404	0.958271
3405	0.958271
3406	0.958271
3407	0.958271
3408	0.958271
3409	0.958271
3410	0.958271
3411	0.958271
3412	0.958271
3413	0.958271
3414	0.958271
3415	0.958271
3416	0.958271
3417	0.958271
3418	0.958271
3419	0.958271
3420	0.958271
3421	0.958271
3422	0.958271
3423	0.958271
3424	0.958271
3425	0.958271
3426	0.958271
3427	0.958271
3428	0.958271
3429	0.958271
3430	0.958271
3431	0.958271
3432	0.958271
3433	0.958271
3434	0.958271
3435	0.958271
3436	0.958271
3437	0.958271
3438	0.958271
3439	0.958271
3440	0.958271
3441	0.958271
3442	0.958271
3443	0.958271
3444	0.958271
3445	0.958271
3446	0.958271
3447	0.958271
3448	0.958271
3449	0.958271
3450	0.958271
3451	0.958271
3452	0.958271
3453	0.958271
3454	0.958271
3455	0.958271
3456	0.958271
3457	0.958271
3458	0.958271
3459	0.958271
3460	0.958271
3461	0.958271
3462	0.958271
3463	0.958271
3464	0.958271
3465	0.958271
3466	0.958271
3467	0.958271
3468	0.958271
3469	0.958271
3470	0.958271
3471	0.958271
3472	0.958271
3473	0.958271
3474	0.958271
3475	0.958271
3476	0.958271
3477	0.958271
3478	0.958271
3479	0.958271
3480	0.958271
3481	0.958271
3482	0.958271
3483	0.958271
3484	0.958271
3485	0.958271
3486	0.958271
3487	0.958271
3488	0.958271
3489	0.958271
3490	0.958271
3491	0.958271
3492	0.958271
3493	0.958271
3494	0.958271
3495	0.958271
3496	0.958271
3497	0.958271
3498	0.958271
3499	0.958271
3500	0.958271
3501	0.958271
3502	0.958271
3503	0.958271
3504	0.958271
3505	0.958271
3506	0.958271
3507	0.958271
3508	0.958271
3509	0.958271
3510	0.958271
3511	0.958271
3512	0.958271
3513	0.958271
3514	0.958271
3515	0.958271
3516	0.958271
3517	0.958271
3518	0.958271
3519	0.958271
3520	0.958271
3521	0.958271
3522	0.958271
3523	0.958271
3524	0.958271
3525	0.958271
3526	0.958271
3527	0.958271
3528	0.958271
3529	0.958271
3530	0.958271
3531	0.958271
3532	0.958271
3533	0.958271
3534	0.958271
3535	0.958271
3536	0.958271
3537	0.958271
3538	0.958271
3539	0.958271
3540	0.958271
3541	0.958271
3542	0.958271
3543	0.958271
3544	0.958271
3545	0.958271
3546	0.958271
3547	0.958271
3548	0.958271
3549	0.958271
3550	0.958271
3551	0.958271
3552	0.958271
3553	0.958271
3554	0.958271
3555	0.958271
3556	0.958271
3557	0.958271
3558	0.958271
3559	0.958271
3560	0.958271
3561	0.958271
3562	0.958271
3563	0.958271
3564	0.958271
3565	0.958271
3566	0.958271
3567	0.958271
3568	0.958271
3569	0.958271
3570	0.958271
3571	0.958271
3572	0.958271
3573	0.958271
3574	0.958271
3575	0.958271
3576	0.958271
3577	0.958271
3578	0.958271
3579	0.958271
3580	0.958271
3581	0.958271
3582	0.958271
3583	0.958271
3584	0.958271
3585	0.958271
3586	0.958271
3587	0.958271
3588	0.958271
3589	0.958271
3590	0.958271
3591	0.958271
3592	0.958271
3593	0.958271
3594	0.958271
3595	0.958271
3596	0.958271
3597	0.958271
3598	0.958271
3599	0.958271
3600	0.958271
3601	0.958271
3602	0.958271
3603	0.958271
3604	0.958271
3605	0.958271
3606	0.958271
3607	0.958271
3608	0.958271
3609	0.958271
3610	0.958271
3611	0.958271
3612	0.958271
3613	0.958271
3614	0.958271
3615	0.958271
3616	0.958271
3617	0.958271
3618	0.958271
3619	0.958271
3620	0.958271
3621	0.958271
3622	0.958271
3623	0.958271
3624	0.958271
3625	0.958271
3626	0.958271
3627	0.958271
3628	0.958271
3629	0.958271
3630	0.958271
3631	0.958271
3632	0.958271
3633	0.958271
3634	0.958271
3635	0.958271
3636	0.958271
3637	0.958271
3638	0.958271
3639	0.958271
3640	0.958271
3641	0.958271
3642	0.958271
3643	0.958271
3644	0.958271
3645	0.958271
3646	0.958271
3647	0.958271
3648	0.958271
3649	0.958271
3650	0.958271
3651	0.958271
3652	0.958271
3653	0.958271
3654	0.958271
3655	0.958271
3656	0.958271
3657	0.958271
3658	0.958271
3659	0.958271
3660	0.958271
3661	0.958271
3662	0.958271
3663	0.958271
3664	0.958271
3665	0.958271
3666	0.958271
3667	0.958271
3668	0.958271
3669	0.958271
3670	0.958271
3671	0.958271
3672	0.958271
3673	0.958271
3674	0.958271
3675	0.958271
3676	0.958271
3677	0.958271
3678	0.958271
3679	0.958271
3680	0.958271
3681	0.958271
3682	0.958271
3683	0.958271
3684	0.958271
3685	0.958271
3686	0.958271
3687	0.958271
3688	0.958271
3689	0.958271
3690	0.958271
3691	0.958271
3692	0.958271
3693	0.958271
3694	0.958271
3695	0.958271
3696	0.958271
3697	0.958271
3698	0.958271
3699	0.958271
3700	0.958271
3701	0.958271
3702	0.958271
3703	0.958271
3704	0.958271
3705	0.958271
3706	0.958271
3707	0.958271
3708	0.958271
3709	0.958271
3710	0.958271
3711	0.958271
3712	0.958271
3713	0.958271
3714	0.958271
3715	0.958271
3716	0.958271
3717	0.958271
3718	0.958271
3719	0.958271
3720	0.958271
3721	0.958271
3722	0.958271
3723	0.958271
3724	0.958271
3725	0.958271
3726	0.958271
3727	0.958271
3728	0.958271
3729	0.958271
3730	0.958271
3731	0.958271
3732	0.958271
3733	0.958271
3734	0.958271
3735	0.958271
3736	0.958271
3737	0.958271
3738	0.958271
3739	0.958271
3740	0.958271
3741	0.958271
3742	0.958271
3743	0.958271
3744	0.958271
3745	0.958271
3746	0.958271
3747	0.958271
3748	0.958271
3749	0.958271
3750	0.958271
3751	0.958271
3752	0.958271
3753	0.958271
3754	0.958271
3755	0.958271
3756	0.958271
3757	0.958271
3758	0.958271
3759	0.958271
3760	0.958271
3761	0.958271
3762	0.958271
3763	0.958271
3764	0.958271
3765	0.958271
3766	0.958271
3767	0.958271
3768	0.958271
3769	0.958271
3770	0.958271
3771	0.958271
3772	0.958271
3773	0.958271
3774	0.958271
3775	0.958271
3776	0.958271
3777	0.958271
3778	0.958271
3779	0.958271
3780	0.958271
3781	0.958271
3782	0.958271
3783	0.958271
3784	0.958271
3785	0.958271
3786	0.958271
3787	0.958271
3788	0.958271
3789	0.958271
3790	0.958271
3791	0.958271
3792	0.958271
3793	0.958271
3794	0.958271
3795	0.958271
3796	0.958271
3797	0.958271
3798	0.958271
3799	0.958271
3800	0.958271
3801	0.958271
3802	0.958271
3803	0.958271
3804	0.958271
3805	0.958271
3806	0.958271
3807	0.958271
3808	0.958271
3809	0.958271
3810	0.958271
3811	0.958271
3812	0.958271
3813	0.958271
3814	0.958271
3815	0.958271
3816	0.977462
3817	0.977462
3818	0.977462
3819	0.977462
3820	0.977462
3821	0.977462
3822	0.977462
3823	0.977462
3824	0.977462
3825	0.977462
3826	0.977462
3827	0.977462
3828	0.977462
3829	0.977462
3830	0.977462
3831	0.977462
3832	0.977462
3833	0.977462
3834	0.977462
3835	0.977462
3836	0.977462
3837	0.977462
3838	0.977462
3839	0.977462
3840	0.977462
3841	0.977462
3842	0.977462
3843	0.977462
3844	0.977462
3845	0.977462
3846	0.977462
3847	0.977462
3848	0.977462
3849	0.977462
3850	0.977462
3851	0.977462
3852	0.977462
3853	0.977462
3854	0.977462
3855	0.977462
3856	0.977462
3857	0.977462
3858	0.977462
3859	0.977462
3860	0.977462
3861	0.977462
3862	0.977462
3863	0.977462
3864	0.977462
3865	0.977462
3866	0.977462
3867	0.977462
3868	0.977462
3869	0.977462
3870	0.977462
3871	0.977462
3872	0.977462
3873	0.977462
3874	0.977462
3875	0.977462
3876	0.977462
3877	0.977462
3878	0.977462
3879	0.977462
3880	0.977462
3881	0.977462
3882	0.977462
3883	0.977462
3884	0.977462
3885	0.977462
3886	0.977462
3887	0.977462
3888	0.977462
3889	0.977462
3890	0.977462
3891	0.977462
3892	0.977462
3893	0.977462
3894	0.977462
3895	0.977462
3896	0.977462
3897	0.977462
3898	0.977462
3899	0.977462
3900	0.977462
3901	0.977462
3902	0.977462
3903	0.977462
3904	0.977462
3905	0.977462
3906	0.977462
3907	0.977462
3908	0.977462
3909	0.977462
3910	0.977462
3911	0.977462
3912	0.977462
3913	0.977462
3914	0.977462
3915	0.977462
3916	0.977462
3917	0.977462
3918	0.977462
3919	0.977462
3920	0.977462
3921	0.977462
3922	0.977462
3923	0.977462
3924	0.977462
3925	0.977462
3926	0.977462
3927	0.977462
3928	0.977462
3929	0.977462
3930	0.977462
3931	0.977462
3932	0.977462
3933	0.977462
3934	0.977462
3935	0.977462
3936	0.977462
3937	0.977462
3938	0.977462
3939	0.977462
3940	0.977462
3941	0.977462
3942	0.977462
3943	0.977462
3944	0.977462
3945	0.977462
3946	0.977462
3947	0.977462
3948	0.977462
3949	0.977462
3950	0.977462
3951	0.977462
3952	0.977462
3953	0.977462
3954	0.977462
3955	0.977462
3956	0.977462
3957	0.977462
3958	0.977462
3959	0.977462
3960	0.977462
3961	0.977462
3962	0.977462
3963	0.977462
3964	0.977462
3965	0.977462
3966	0.977462
3967	0.977462
3968	0.977462
3969	0.977462
3970	0.977462
3971	0.977462
3972	0.977462
3973	0.977462
3974	0.977462
3975	0.977462
3976	0.977462
3977	0.977462
3978	0.977462
3979	0.977462
3980	0.977462
3981	0.977462
3982	0.977462
3983	0.977462
3984	0.977462
3985	0.977462
3986	0.977462
3987	0.977462
3988	0.977462
3989	0.977462
3990	0.977462
3991	0.977462
3992	0.977462
3993	0.977462
3994	0.977462
3995	0.977462
3996	0.977462
3997	0.977462
3998	0.977462
3999	0.977462
4000	0.977462
4001	0.977462
4002	0.977462
4003	0.977462
4004	0.977462
4005	0.977462
4006	0.977462
4007	0.977462
4008	0.977462
4009	0.977462
4010	0.977462
4011	0.977462
4012	0.977462
4013	0.977462
4014	0.977462
4015	0.977462
4016	0.977462
4017	0.977462
4018	0.977462
4019	0.977462
4020	0.977462
4021	0.977462
4022	0.977462
4023	0.977462
4024	0.977462
4025	0.977462
4026	0.977462
4027	0.977462
4028	0.977462
4029	0.977462
4030	0.977462
4031	0.977462
4032	0.977462
4033	0.977462
4034	0.977462
4035	0.977462
4036	0.977462
4037	0.977462
4038	0.977462
4039	0.977462
4040	0.977462
4041	0.977462
4042	0.977462
4043	0.977462
4044	0.977462
4045	0.977462
4046	0.977462
4047	0.977462
4048	0.977462
4049	0.977462
4050	0.977462
4051	0.977462
4052	0.977462
4053	0.977462
4054	0.977462
4055	0.977462
4056	0.977462
4057	0.977462
4058	0.977462
4059	0.977462
4060	0.977462
4061	0.977462
4062	0.977462
4063	0.977462
4064	0.977462
4065	0.977462
4066	0.977462
4067	0.977462
4068	0.977462
4069	0.977462
4070	0.977462
4071	0.977462
4072	0.977462
4073	0.977462
4074	0.977462
4075	0.977462
4076	0.977462
4077	0.977462
4078	0.977462
4079	0.977462
4080	0.977462
4081	0.977462
4082	0.977462
4083	0.977462
4084	0.977462
4085	0.977462
4086	0.977462
4087	0.977462
4088	0.977462
4089	0.977462
4090	0.977462
4091	0.977462
4092	0.977462
4093	0.977462
4094	0.977462
4095	0.977462
4096	0.977462
4097	0.977462
4098	0.977462
4099	0.977462
4100	0.977462
4101	0.977462
4102	0.977462
4103	0.977462
4104	0.977462
4105	0.977462
4106	0.977462
4107	0.977462
4108	0.977462
4109	0.977462
4110	0.977462
4111	0.977462
4112	0.977462
4113	0.977462
4114	0.977462
4115	0.977462
4116	0.977462
4117	0.977462
4118	0.977462
4119	0.977462
4120	0.977462
4121	0.977462
4122	0.977462
4123	0.977462
4124	0.977462
4125	0.977462
4126	0.977462
4127	0.977462
4128	0.977462
4129	0.977462
4130	0.977462
4131	0.977462
4132	0.977462
4133	0.977462
4134	0.977462
4135	0.977462
4136	0.977462
4137	0.977462
4138	0.977462
4139	0.977462
4140	0.977462
4141	0.977462
4142	0.977462
4143	0.977462
4144	0.977462
4145	0.977462
4146	0.977462
4147	0.977462
4148	0.977462
4149	0.977462
4150	0.977462
4151	0.977462
4152	0.977462
4153	0.977462
4154	0.977462
4155	0.977462
4156	0.977462
4157	0.977462
4158	0.977462
4159	0.977462
4160	0.977462
4161	0.977462
4162	0.977462
4163	0.977462
4164	0.977462
4165	0.977462
4166	0.977462
4167	0.977462
4168	0.977462
4169	0.977462
4170	0.977462
4171	0.977462
4172	0.977462
4173	0.977462
4174	0.977462
4175	0.977462
4176	0.977462
4177	0.977462
4178	0.977462
4179	0.977462
4180	0.977462
4181	0.977462
4182	0.977462
4183	0.977462
4184	0.977462
4185	0.977462
4186	0.977462
4187	0.977462
4188	0.977462
4189	0.977462
4190	0.977462
4191	0.977462
4192	0.977462
4193	0.977462
4194	0.977462
4195	0.977462
4196	0.977462
4197	0.977462
4198	0.977462
4199	0.977462
4200	0.977462
4201	0.977462
4202	0.977462
4203	0.977462
4204	0.977462
4205	0.977462
4206	0.977462
4207	0.977462
4208	0.977462
4209	0.977462
4210	0.977462
4211	0.977462
4212	0.977462
4213	0.977462
4214	0.977462
4215	0.977462
4216	0.977462
4217	0.977462
4218	0.977462
4219	0.979024
4220	0.979024
4221	0.979024
4222	0.979024
4223	0.979024
4224	0.979024
4225	0.979024
4226	0.979024
4227	0.979024
4228	0.979024
4229	0.979024
4230	0.979024
4231	0.979024
4232	0.979024
4233	0.979024
4234	0.979024
4235	0.979024
4236	0.979024
4237	0.979024
4238	0.979024
4239	0.979024
4240	0.979024
4241	0.979024
4242	0.979024
4243	0.979024
4244	0.979024
4245	0.979024
4246	0.979024
4247	0.979024
4248	0.979024
4249	0.979024
4250	0.979024
4251	0.979024
4252	0.979024
4253	0.979024
4254	0.979024
4255	0.979024
4256	0.979024
4257	0.979024
4258	0.979024
4259	0.979024
4260	0.979024
4261	0.979024
4262	0.979024
4263	0.979024
4264	0.979024
4265	0.979024
4266	0.979024
4267	0.979024
4268	0.979024
4269	0.979024
4270	0.979024
4271	0.979024
4272	0.979024
4273	0.979024
4274	0.979024
4275	0.979024
4276	0.979024
4277	0.979024
4278	0.979024
4279	0.979024
4280	0.979024
4281	0.979024
4282	0.979024
4283	0.979024
4284	0.979024
4285	0.979024
4286	0.979024
4287	0.979024
4288	0.979024
4289	0.979024
4290	0.979024
4291	0.979024
4292	0.979024
4293	0.979024
4294	0.979024
4295	0.979024
4296	0.979024
4297	0.979024
4298	0.979024
4299	0.979024
4300	0.979024
4301	0.979024
4302	0.979024
4303	0.979024
4304	0.980363
4305	0.980363
4306	0.980363
4307	0.980363
4308	0.980363
4309	0.980363
4310	0.980363
4311	0.980363
4312	0.980363
4313	0.980363
4314	0.980363
4315	0.980363
4316	0.980363
4317	0.980363
4318	0.980363
4319	0.980363
4320	0.980363
4321	0.980363
4322	0.980363
4323	0.980363
4324	0.980363
4325	0.980363
4326	0.980363
4327	0.980363
4328	0.980363
4329	0.980363
4330	0.980363
4331	0.980363
4332	0.980363
4333	0.980363
4334	0.980363
4335	0.980363
4336	0.980363
4337	0.980363
4338	0.980363
4339	0.980363
4340	0.980363
4341	0.980363
4342	0.980363
4343	0.980363
4344	0.980363
4345	0.980363
4346	0.980363
4347	0.980363
4348	0.980363
4349	0.980363
4350	0.980363
4351	0.980363
4352	0.980363
4353	0.980363
4354	0.980363
4355	0.980363
4356	0.980363
4357	0.980363
4358	0.980363
4359	0.980363
4360	0.980363
4361	0.980363
4362	0.980363
4363	0.980363
4364	0.980363
4365	0.980363
4366	0.980363
4367	0.980363
4368	0.980363
4369	0.980363
4370	0.980363
4371	0.980363
4372	0.980363
4373	0.980363
4374	0.980363
4375	0.980363
4376	0.980363
4377	0.980363
4378	0.980363
4379	0.980363
4380	0.980363
4381	0.980363
4382	0.980363
4383	0.980363
4384	0.980363
4385	0.980363
4386	0.980363
4387	0.980363
4388	0.980363
4389	0.980363
4390	0.980363
4391	0.980363
4392	0.980363
4393	0.980363
4394	0.980363
4395	0.980363
4396	0.980363
4397	0.980363
4398	0.980363
4399	0.980363
4400	0.980363
4401	0.980363
4402	0.980363
4403	0.980363
4404	0.980363
4405	0.980363
4406	0.980363
4407	0.980363
4408	0.980363
4409	0.980363
4410	0.980363
4411	0.980363
4412	0.980363
4413	0.980363
4414	0.980363
4415	0.980363
4416	0.980363
4417	0.980363
4418	0.980363
4419	0.980363
4420	0.980363
4421	0.980363
4422	0.980363
4423	0.980363
4424	0.980363
4425	0.980363
4426	0.980363
4427	0.980363
4428	0.980363
4429	0.980363
4430	0.980363
4431	0.980363
4432	0.980363
4433	0.980363
4434	0.980363
4435	0.980363
4436	0.980363
4437	0.980363
4438	0.980363
4439	0.980363
4440	0.980363
4441	0.980363
4442	0.980363
4443	0.980363
4444	0.980363
4445	0.980363
4446	0.980363
4447	0.980363
4448	0.980363
4449	0.980363
4450	0.980363
4451	0.980363
4452	0.980363
4453	0.980363
4454	0.980363
4455	0.980363
4456	0.980363
4457	0.980363
4458	0.980363
4459	0.980363
4460	0.980363
4461	0.980363
4462	0.980363
4463	0.980363
4464	0.980363
4465	0.980363
4466	0.980363
4467	0.980363
4468	0.980363
4469	0.980363
4470	0.980363
4471	0.980363
4472	0.980363
4473	0.980363
4474	0.980363
4475	0.980363
4476	0.980363
4477	0.980363
4478	0.980363
4479	0.980363
4480	0.980363
4481	0.980363
4482	0.980363
4483	0.980363
4484	0.980363
4485	0.980363
4486	0.980363
4487	0.980363
4488	0.980363
4489	0.980363
4490	0.980363
4491	0.980363
4492	0.980363
4493	0.980363
4494	0.980363
4495	0.980363
4496	0.980363
4497	0.980363
4498	0.980363
4499	0.980363
4500	0.980363
4501	0.980363
4502	0.980363
4503	0.980363
4504	0.980363
4505	0.980363
4506	0.980363
4507	0.980363
4508	0.980363
4509	0.980363
4510	0.980363
4511	0.980363
4512	0.980363
4513	0.980363
4514	0.980363
4515	0.980363
4516	0.980363
4517	0.980363
4518	0.980363
4519	0.980363
4520	0.980363
4521	0.980363
4522	0.980363
4523	0.980363
4524	0.980363
4525	0.980363
4526	0.980363
4527	0.980363
4528	0.980363
4529	0.980363
4530	0.980363
4531	0.980363
4532	0.980363
4533	0.980363
4534	0.980363
4535	0.980363
4536	0.980363
4537	0.980363
4538	0.980363
4539	0.980363
4540	0.980363
4541	0.980363
4542	0.980363
4543	0.980363
4544	0.980363
4545	0.980363
4546	0.980363
4547	0.980363
4548	0.980363
4549	0.980363
4550	0.980363
4551	0.980363
4552	0.980363
4553	0.980363
4554	0.980363
4555	0.980363
4556	0.980363
4557	0.980363
4558	0.980363
4559	0.980363
4560	0.980363
4561	0.980363
4562	0.980363
4563	0.980363
4564	0.980363
4565	0.980363
4566	0.980363
4567	0.980363
4568	0.980363
4569	0.980363
4570	0.980363
4571	0.980363
4572	0.980363
4573	0.980363
4574	0.980363
4575	0.980363
4576	0.980363
4577	0.980363
4578	0.980363
4579	0.980363
4580	0.980363
4581	0.980363
4582	0.980363
4583	0.980363
4584	0.980363
4585	0.980363
4586	0.980363
4587	0.980363
4588	0.980363
4589	0.980363
4590	0.980363
4591	0.980363
4592	0.980363
4593	0.980363
4594	0.980363
4595	0.980363
4596	0.980363
4597	0.980363
4598	0.980363
4599	0.980363
4600	0.980363
4601	0.980363
4602	0.980363
4603	0.980363
4604	0.980363
4605	0.980363
4606	0.980363
4607	0.980363
4608	0.980363
4609	0.980363
4610	0.980363
4611	0.980363
4612	0.980363
4613	0.980363
4614	0.980363
4615	0.980363
4616	0.980363
4617	0.980363
4618	0.980363
4619	0.980363
4620	0.980363
4621	0.980363
4622	0.980363
4623	0.980363
4624	0.980363
4625	0.980363
4626	0.980363
4627	0.980363
4628	0.980363
4629	0.980363
4630	0.980363
4631	0.980363
4632	0.980363
4633	0.980363
4634	0.980363
4635	0.980363
4636	0.980363
4637	0.980363
4638	0.980363
4639	0.980363
4640	0.980363
4641	0.980363
4642	0.980363
4643	0.980363
4644	0.980363
4645	0.980363
4646	0.980363
4647	0.980363
4648	0.980363
4649	0.980363
4650	0.980363
4651	0.980363
4652	0.980363
4653	0.980363
4654	0.980363
4655	0.980363
4656	0.980363
4657	0.980363
4658	0.980363
4659	0.980363
4660	0.980363
4661	0.980363
4662	0.980363
4663	0.980363
4664	0.980363
4665	0.980363
4666	0.980363
4667	0.980363
4668	0.980363
4669	0.980363
4670	0.980363
4671	0.980363
4672	0.980363
4673	0.980363
4674	0.980363
4675	0.980363
4676	0.980363
4677	0.980363
4678	0.980363
4679	0.980363
4680	0.980363
4681	0.980363
4682	0.980363
4683	0.980363
4684	0.980363
4685	0.980363
4686	0.980363
4687	0.980363
4688	0.980363
4689	0.980363
4690	0.980363
4691	0.980363
4692	0.980363
4693	0.980363
4694	0.980363
4695	0.980363
4696	0.980363
4697	0.980363
4698	0.980363
4699	0.980363
4700	0.980363
4701	0.980363
4702	0.980363
4703	0.980363
4704	0.980363
4705	0.980363
4706	0.980363
4707	0.980363
4708	0.980363
4709	0.980363
4710	0.980363
4711	0.980363
4712	0.980363
4713	0.980363
4714	0.980363
4715	0.980363
4716	0.980363
4717	0.980363
4718	0.980363
4719	0.980363
4720	0.980363
4721	0.980363
4722	0.980363
4723	0.980363
4724	0.980363
4725	0.980363
4726	0.980363
4727	0.980363
4728	0.980363
4729	0.980363
4730	0.980363
4731	0.980363
4732	0.980363
4733	0.980363
4734	0.980363
4735	0.980363
4736	0.980363
4737	0.980363
4738	0.980363
4739	0.980363
4740	0.980363
4741	0.980363
4742	0.980363
4743	0.980363
4744	0.980363
4745	0.980363
4746	0.980363
4747	0.980363
4748	0.980363
4749	0.980363
4750	0.980363
4751	0.980363
4752	0.980363
4753	0.980363
4754	0.980363
4755	0.980363
4756	0.980363
4757	0.980363
4758	0.980363
4759	0.980363
4760	0.980363
4761	0.980363
4762	0.980363
4763	0.980363
4764	0.980363
4765	0.980363
4766	0.980363
4767	0.980363
4768	0.980363
4769	0.980363
4770	0.980363
4771	0.980363
4772	0.980363
4773	0.980363
4774	0.980363
4775	0.980363
4776	0.980363
4777	0.980363
4778	0.980363
4779	0.980363
4780	0.980363
4781	0.980363
4782	0.980363
4783	0.980363
4784	0.980363
4785	0.980363
4786	0.980363
4787	0.980363
4788	0.980363
4789	0.980363
4790	0.980363
4791	0.980363
4792	0.980363
4793	0.980363
4794	0.980363
4795	0.980363
4796	0.980363
4797	0.980363
4798	0.980363
4799	0.980363
4800	0.980363
4801	0.980363
4802	0.980363
4803	0.980363
4804	0.980363
4805	0.980363
4806	0.980363
4807	0.980363
4808	0.980363
4809	0.980363
4810	0.980363
4811	0.980363
4812	0.980363
4813	0.980363
4814	0.980363
4815	0.980363
4816	0.980363
4817	0.980363
4818	0.980363
4819	0.980363
4820	0.980363
4821	0.980363
4822	0.980363
4823	0.980363
4824	0.980363
4825	0.980363
4826	0.980363
4827	0.980363
4828	0.980363
4829	0.980363
4830	0.980363
4831	0.980363
4832	0.980363
4833	0.980363
4834	0.980363
4835	0.980363
4836	0.980363
4837	0.980363
4838	0.980363
4839	0.980363
4840	0.980363
4841	0.980363
4842	0.980363
4843	0.980363
4844	0.980363
4845	0.980363
4846	0.980363
4847	0.980363
4848	0.980363
4849	0.980363
4850	0.980363
4851	0.980363
4852	0.980363
4853	0.980363
4854	0.980363
4855	0.980363
4856	0.980363
4857	0.980363
4858	0.980363
4859	0.980363
4860	0.980363
4861	0.980363
4862	0.980363
4863	0.980363
4864	0.980363
4865	0.980363
4866	0.980363
4867	0.980363
4868	0.980363
4869	0.980363
4870	0.980363
4871	0.980363
4872	0.980363
4873	0.980363
4874	0.980363
4875	0.980363
4876	0.980363
4877	0.980363
4878	0.980363
4879	0.980363
4880	0.980363
4881	0.980363
4882	0.980363
4883	0.980363
4884	0.980363
4885	0.980363
4886	0.980363
4887	0.980363
4888	0.980363
4889	0.980363
4890	0.980363
4891	0.980363
4892	0.980363
4893	0.980363
4894	0.980363
4895	0.980363
4896	0.980363
4897	0.980363
4898	0.980363
4899	0.980363
4900	0.980363
4901	0.980363
4902	0.980363
4903	0.980363
4904	0.980363
4905	0.980363
4906	0.980363
4907	0.980363
4908	0.980363
4909	0.980363
4910	0.980363
4911	0.980363
4912	0.980363
4913	0.980363
4914	0.980363
4915	0.980363
4916	0.980363
4917	0.980363
4918	0.980363
4919	0.980363
4920	0.980363
4921	0.980363
4922	0.980363
4923	0.980363
4924	0.980363
4925	0.980363
4926	0.980363
4927	0.980363
4928	0.980363
4929	0.980363
4930	0.980363
4931	0.980363
4932	0.980363
4933	0.980363
4934	0.980363
4935	0.980363
4936	0.980363
4937	0.980363
4938	0.980363
4939	0.980363
4940	0.980363
4941	0.980363
4942	0.980363
4943	0.980363
4944	0.980363
4945	0.980363
4946	0.980363
4947	0.980363
4948	0.980363
4949	0.980363
4950	0.980363
4951	0.980363
4952	0.980363
4953	0.980363
4954	0.980363
4955	0.980363
4956	0.980363
4957	0.980363
4958	0.980363
4959	0.980363
4960	0.980363
4961	0.980363
4962	0.980363
4963	0.980363
4964	0.980363
4965	0.980363
4966	0.980363
4967	0.980363
4968	0.980363
4969	0.980363
4970	0.980363
4971	0.980363
4972	0.980363
4973	0.980363
4974	0.980363
4975	0.980363
4976	0.980363
4977	0.980363
4978	0.980363
4979	0.980363
4980	0.980363
4981	0.980363
4982	0.980363
4983	0.980363
4984	0.980363
4985	0.980363
4986	0.980363
4987	0.980363
4988	0.980363
4989	0.980363
4990	0.980363
4991	0.980363
4992	0.980363
4993	0.980363
4994	0.980363
4995	0.980363
4996	0.980363
4997	0.980363
4998	0.980363
4999	0.980363
5000	0.980363
5001	0.980363
5002	0.980363
5003	0.980363
5004	0.980363
5005	0.980363
5006	0.980363
5007	0.980363
5008	0.980363
5009	0.980363
5010	0.980363
5011	0.980363
5012	0.980363
5013	0.980363
5014	0.980363
5015	0.980363
5016	0.980363
5017	0.980363
5018	0.980363
5019	0.980363
5020	0.980363
5021	0.980363
5022	0.980363
5023	0.980363
5024	0.980363
5025	0.980363
5026	0.980363
5027	0.980363
5028	0.980363
5029	0.980363
5030	0.980363
5031	0.980363
5032	0.980363
5033	0.980363
5034	0.980363
5035	0.980363
5036	0.980363
5037	0.980363
5038	0.980363
5039	0.980363
5040	0.980363
5041	0.980363
5042	0.980363
5043	0.980363
5044	0.980363
5045	0.980363
5046	0.980363
5047	0.980363
5048	0.980363
5049	0.980363
5050	0.980363
5051	0.980363
5052	0.980363
5053	0.980363
5054	0.980363
5055	0.980363
5056	0.980363
5057	0.980363
5058	0.980363
5059	0.980363
5060	0.980363
5061	0.980363
5062	0.980363
5063	0.980363
5064	0.980363
5065	0.980363
5066	0.980363
5067	0.980363
5068	0.980363
5069	0.980363
5070	0.980363
5071	0.980363
5072	0.980363
5073	0.980363
5074	0.980363
5075	0.980363
5076	0.980363
5077	0.980363
5078	0.980363
5079	0.980363
5080	0.980363
5081	0.980363
5082	0.980363
5083	0.980363
5084	0.980363
5085	0.980363
5086	0.980363
5087	0.980363
5088	0.980363
5089	0.980363
5090	0.980363
5091	0.980363
5092	0.980363
5093	0.980363
5094	0.980363
5095	0.980363
5096	0.980363
5097	0.980363
5098	0.980363
5099	0.980363
5100	0.980363
5101	0.980363
5102	0.980363
5103	0.980363
5104	0.980363
5105	0.980363
5106	0.980363
5107	0.980363
5108	0.980363
5109	0.980363
5110	0.980363
5111	0.980363
5112	0.980363
5113	0.980363
5114	0.980363
5115	0.980363
5116	0.980363
5117	0.980363
5118	0.980363
5119	0.980363
5120	0.980363
5121	0.980363
5122	0.980363
5123	0.980363
5124	0.980363
5125	0.980363
5126	0.980363
5127	0.980363
5128	0.980363
5129	0.980363
5130	0.980363
5131	0.980363
5132	0.980363
5133	0.980363
5134	0.980363
5135	0.980363
5136	0.980363
5137	0.980363
5138	0.980363
5139	0.980363
5140	0.980363
5141	0.980363
5142	0.980363
5143	0.980363
5144	0.980363
5145	0.980363
5146	0.980363
5147	0.980363
5148	0.980363
5149	0.980363
5150	0.980363
5151	0.980363
5152	0.980363
5153	0.980363
5154	0.980363
5155	0.980363
5156	0.980363
5157	0.980363
5158	0.980363
5159	0.980363
5160	0.980363
5161	0.980363
5162	0.980363
5163	0.980363
5164	0.980363
5165	0.980363
5166	0.980363
5167	0.980363
5168	0.980363
5169	0.980363
5170	0.980363
5171	0.980363
5172	0.980363
5173	0.980363
5174	0.980363
5175	0.980363
5176	0.980363
5177	0.980363
5178	0.980363
5179	0.980363
5180	0.980363
5181	0.980363
5182	0.980363
5183	0.980363
5184	0.980363
5185	0.980363
5186	0.980363
5187	0.980363
5188	0.980363
5189	0.980363
5190	0.980363
5191	0.980363
5192	0.980363
5193	0.980363
5194	0.980363
5195	0.980363
5196	0.980363
5197	0.980363
5198	0.980363
5199	0.980363
5200	0.980363
5201	0.980363
5202	0.980363
5203	0.980363
5204	0.980363
5205	0.980363
5206	0.980363
5207	0.980363
5208	0.980363
5209	0.980363
5210	0.980363
5211	0.980363
5212	0.980363
5213	0.980363
5214	0.980363
5215	0.980363
5216	0.980363
5217	0.980363
5218	0.980363
5219	0.980363
5220	0.980363
5221	0.980363
5222	0.980363
5223	0.980363
5224	0.980363
5225	0.980363
5226	0.980363
5227	0.980363
5228	0.980363
5229	0.980363
5230	0.980363
5231	0.980363
5232	0.980363
5233	0.980363
5234	0.980363
5235	0.980363
5236	0.980363
5237	0.980363
5238	0.980363
5239	0.980363
5240	0.980363
5241	0.980363
5242	0.980363
5243	0.980363
5244	0.980363
5245	0.980363
5246	0.980363
5247	0.980363
5248	0.980363
5249	0.980363
5250	0.980363
5251	0.980363
5252	0.980363
5253	0.980363
5254	0.980363
5255	0.980363
5256	0.980363
5257	0.980363
5258	0.980363
5259	0.980363
5260	0.980363
5261	0.980363
5262	0.980363
5263	0.980363
5264	0.980363
5265	0.980363
5266	0.980363
5267	0.980363
5268	0.980363
5269	0.980363
5270	0.980363
5271	0.980363
5272	0.980363
5273	0.980363
5274	0.980363
5275	0.980363
5276	0.980363
5277	0.980363
5278	0.980363
5279	0.980363
5280	0.980363
5281	0.980363
5282	0.980363
5283	0.980363
5284	0.980363
5285	0.980363
5286	0.980363
5287	0.980363
5288	0.980363
5289	0.980363
5290	0.980363
5291	0.980363
5292	0.980363
5293	0.980363
5294	0.980363
5295	0.980363
5296	0.980363
5297	0.980363
5298	0.980363
5299	0.980363
5300	0.980363
5301	0.980363
5302	0.980363
5303	0.980363
5304	0.980363
5305	0.980363
5306	0.980363
5307	0.980363
5308	0.980363
5309	0.980363
5310	0.980363
5311	0.980363
5312	0.980363
5313	0.980363
5314	0.980363
5315	0.980363
5316	0.980363
5317	0.980363
5318	0.980363
5319	0.980363
5320	0.980363
5321	0.980363
5322	0.980363
5323	0.980363
5324	0.980363
5325	0.980363
5326	0.980363
5327	0.980363
5328	0.980363
5329	0.980363
5330	0.980363
5331	0.980363
5332	0.980363
5333	0.980363
5334	0.980363
5335	0.980363
5336	0.980363
5337	0.980363
5338	0.980363
5339	0.980363
5340	0.980363
5341	0.980363
5342	0.980363
5343	0.980363
5344	0.980363
5345	0.980363
5346	0.980363
5347	0.980363
5348	0.980363
5349	0.980363
5350	0.980363
5351	0.980363
5352	0.980363
5353	0.980363
5354	0.980363
5355	0.980363
5356	0.980363
5357	0.980363
5358	0.980363
5359	0.980363
5360	0.980363
5361	0.980363
5362	0.980363
5363	0.980363
5364	0.980363
5365	0.980363
5366	0.980363
5367	0.980363
5368	0.980363
5369	0.980363
5370	0.980363
5371	0.980363
5372	0.980363
5373	0.980363
5374	0.980363
5375	0.980363
5376	0.980363
5377	0.980363
5378	0.980363
5379	0.980363
5380	0.980363
5381	0.980363
5382	0.980363
5383	0.980363
5384	0.980363
5385	0.980363
5386	0.980363
5387	0.980363
5388	0.980363
5389	0.980363
5390	0.980363
5391	0.980363
5392	0.980363
5393	0.980363
5394	0.980363
5395	0.980363
5396	0.980363
5397	0.980363
5398	0.980363
5399	0.980363
5400	0.980363
5401	0.980363
5402	0.980363
5403	0.980363
5404	0.980363
5405	0.980363
5406	0.980363
5407	0.980363
5408	0.980363
5409	0.980363
5410	0.980363
5411	0.980363
5412	0.980363
5413	0.980363
5414	0.980363
5415	0.980363
5416	0.980363
5417	0.980363
5418	0.980363
5419	0.980363
5420	0.980363
5421	0.980363
5422	0.980363
5423	0.980363
5424	0.980363
5425	0.980363
5426	0.980363
5427	0.980363
5428	0.980363
5429	0.980363
5430	0.980363
5431	0.980363
5432	0.980363
5433	0.980363
5434	0.980363
5435	0.980363
5436	0.980363
5437	0.980363
5438	0.980363
5439	0.980363
5440	0.980363
5441	0.980363
5442	0.980363
5443	0.980363
5444	0.980363
5445	0.980363
5446	0.980363
5447	0.980363
5448	0.980363
5449	0.980363
5450	0.980363
5451	0.980363
5452	0.980363
5453	0.980363
5454	0.980363
5455	0.980363
5456	0.980363
5457	0.980363
5458	0.980363
5459	0.980363
5460	0.980363
5461	0.980363
5462	0.980363
5463	0.980363
5464	0.980363
5465	0.980363
5466	0.980363
5467	0.980363
5468	0.980363
5469	0.980363
5470	0.980363
5471	0.980363
5472	0.980363
5473	0.980363
5474	0.980363
5475	0.980363
5476	0.980363
5477	0.980363
5478	0.980363
5479	0.980363
5480	0.980363
5481	0.980363
5482	0.980363
5483	0.980363
5484	0.980363
5485	0.980363
5486	0.980363
5487	0.980363
5488	0.980363
5489	0.980363
5490	0.980363
5491	0.980363
5492	0.980363
5493	0.980363
5494	0.980363
5495	0.980363
5496	0.980363
5497	0.980363
5498	0.980363
5499	0.980363
5500	0.980363
5501	0.980363
5502	0.980363
5503	0.980363
5504	0.980363
5505	0.980363
5506	0.980363
5507	0.980363
5508	0.980363
5509	0.980363
5510	0.980363
5511	0.980363
5512	0.980363
5513	0.980363
5514	0.980363
5515	0.980363
5516	0.980363
5517	0.980363
5518	0.980363
5519	0.980363
5520	0.980363
5521	0.980363
5522	0.980363
5523	0.980363
5524	0.980363
5525	0.980363
5526	0.980363
5527	0.980363
5528	0.980363
5529	0.980363
5530	0.980363
5531	0.980363
5532	0.980363
5533	0.980363
5534	0.980363
5535	0.980363
5536	0.980363
5537	0.980363
5538	0.980363
5539	0.980363
5540	0.980363
5541	0.980363
5542	0.980363
5543	0.980363
5544	0.980363
5545	0.980363
5546	0.980363
5547	0.980363
5548	0.980363
5549	0.980363
5550	0.980363
5551	0.980363
5552	0.980363
5553	0.980363
5554	0.980363
5555	0.980363
5556	0.980363
5557	0.980363
5558	0.980363
5559	0.980363
5560	0.980363
5561	0.980363
5562	0.980363
5563	0.980363
5564	0.980363
5565	0.980363
5566	0.980363
5567	0.980363
5568	0.980363
5569	0.980363
5570	0.980363
5571	0.980363
5572	0.980363
5573	0.980363
5574	0.980363
5575	0.980363
5576	0.980363
5577	0.980363
5578	0.980363
5579	0.980363
5580	0.980363
5581	0.980363
5582	0.980363
5583	0.980363
5584	0.980363
5585	0.980363
5586	0.980363
5587	0.980363
5588	0.980363
5589	0.980363
5590	0.980363
5591	0.980363
5592	0.980363
5593	0.980363
5594	0.980363
5595	0.980363
5596	0.980363
5597	0.980363
5598	0.980363
5599	0.980363
5600	0.980363
5601	0.980363
5602	0.980363
5603	0.980363
5604	0.980363
5605	0.980363
5606	0.980363
5607	0.980363
5608	0.980363
5609	0.980363
5610	0.980363
5611	0.980363
5612	0.980363
5613	0.980363
5614	0.980363
5615	0.980363
5616	0.980363
5617	0.980363
5618	0.980363
5619	0.980363
5620	0.980363
5621	0.980363
5622	0.980363
5623	0.980363
5624	0.980363
5625	0.980363
5626	0.980363
5627	0.980363
5628	0.980363
5629	0.980363
5630	0.980363
5631	0.980363
5632	0.980363
5633	0.980363
5634	0.980363
5635	0.980363
5636	0.980363
5637	0.980363
5638	0.980363
5639	0.980363
5640	0.980363
5641	0.980363
5642	0.980363
5643	0.980363
5644	0.980363
5645	0.980363
5646	0.980363
5647	0.980363
5648	0.980363
5649	0.980363
5650	0.980363
5651	0.980363
5652	0.980363
5653	0.980363
5654	0.980363
5655	0.980363
5656	0.980363
5657	0.980363
5658	0.980363
5659	0.980363
5660	0.980363
5661	0.980363
5662	0.980363
5663	0.980363
5664	0.980363
5665	0.980363
5666	0.980363
5667	0.980363
5668	0.980363
5669	0.980363
5670	0.980363
5671	0.980363
5672	0.980363
5673	0.980363
5674	0.980363
5675	0.980363
5676	0.980363
5677	0.980363
5678	0.980363
5679	0.980363
5680	0.980363
5681	0.980363
5682	0.980363
5683	0.980363
5684	0.980363
5685	0.980363
5686	0.980363
5687	0.980363
5688	0.980363
5689	0.980363
5690	0.980363
5691	0.980363
5692	0.980363
5693	0.980363
5694	0.980363
5695	0.980363
5696	0.980363
5697	0.980363
5698	0.980363
5699	0.980363
5700	0.980363
5701	0.980363
5702	0.980363
5703	0.980363
5704	0.980363
5705	0.980363
5706	0.980363
5707	0.980363
5708	0.980363
5709	0.980363
5710	0.980363
5711	0.980363
5712	0.980363
5713	0.980363
5714	0.980363
5715	0.980363
5716	0.980363
5717	0.980363
5718	0.980363
5719	0.980363
5720	0.980363
5721	0.980363
5722	0.980363
5723	0.980363
5724	0.980363
5725	0.980363
5726	0.980363
5727	0.980363
5728	0.980363
5729	0.980363
5730	0.980363
5731	0.980363
5732	0.980363
5733	0.980363
5734	0.980363
5735	0.980363
5736	0.980363
5737	0.980363
5738	0.980363
5739	0.980363
5740	0.980363
5741	0.980363
5742	0.980363
5743	0.980363
5744	0.980363
5745	0.980363
5746	0.980363
5747	0.980363
5748	0.980363
5749	0.980363
5750	0.980363
5751	0.980363
5752	0.980363
5753	0.980363
5754	0.980363
5755	0.980363
5756	0.980363
5757	0.980363
5758	0.980363
5759	0.980363
5760	0.980363
5761	0.980363
5762	0.980363
5763	0.980363
5764	0.980363
5765	0.980363
5766	0.980363
5767	0.980363
5768	0.980363
5769	0.980363
5770	0.980363
5771	0.980363
5772	0.980363
5773	0.980363
5774	0.980363
5775	0.980363
5776	0.980363
5777	0.980363
5778	0.980363
5779	0.980363
5780	0.980363
5781	0.980363
5782	0.980363
5783	0.980363
5784	0.980363
5785	0.980363
5786	0.980363
5787	0.980363
5788	0.980363
5789	0.980363
5790	0.980363
5791	0.980363
5792	0.980363
5793	0.980363
5794	0.980363
5795	0.980363
5796	0.980363
5797	0.980363
5798	0.980363
5799	0.980363
5800	0.980363
5801	0.980363
5802	0.980363
5803	0.980363
5804	0.980363
5805	0.980363
5806	0.980363
5807	0.980363
5808	0.980363
5809	0.980363
5810	0.980363
5811	0.980363
5812	0.980363
5813	0.980363
5814	0.980363
5815	0.980363
5816	0.980363
5817	0.980363
5818	0.980363
5819	0.980363
5820	0.980363
5821	0.980363
5822	0.980363
5823	0.980363
5824	0.980363
5825	0.980363
5826	0.980363
5827	0.980363
5828	0.980363
5829	0.980363
5830	0.980363
5831	0.980363
5832	0.980363
5833	0.980363
5834	0.980363
5835	0.980363
5836	0.980363
5837	0.980363
5838	0.980363
5839	0.980363
5840	0.980363
5841	0.980363
5842	0.980363
5843	0.980363
5844	0.980363
5845	0.980363
5846	0.980363
5847	0.980363
5848	0.980363
5849	0.980363
5850	0.980363
5851	0.980363
5852	0.980363
5853	0.980363
5854	0.980363
5855	0.980363
5856	0.980363
5857	0.980363
5858	0.980363
5859	0.980363
5860	0.980363
5861	0.980363
5862	0.980363
5863	0.980363
5864	0.980363
5865	0.980363
5866	0.980363
5867	0.980363
5868	0.980363
5869	0.980363
5870	0.980363
5871	0.980363
5872	0.980363
5873	0.980363
5874	0.980363
5875	0.980363
5876	0.980363
5877	0.980363
5878	0.980363
5879	0.980363
5880	0.980363
5881	0.980363
5882	0.980363
5883	0.980363
5884	0.980363
5885	0.980363
5886	0.980363
5887	0.980363
5888	0.980363
5889	0.980363
5890	0.980363
5891	0.980363
5892	0.980363
5893	0.980363
5894	0.980363
5895	0.980363
5896	0.980363
5897	0.980363
5898	0.980363
5899	0.980363
5900	0.980363
5901	0.980363
5902	0.980363
5903	0.980363
5904	0.980363
5905	0.980363
5906	0.980363
5907	0.980363
5908	0.980363
5909	0.980363
5910	0.980363
5911	0.980363
5912	0.980363
5913	0.980363
5914	0.980363
5915	0.980363
5916	0.980363
5917	0.980363
5918	0.980363
5919	0.980363
5920	0.980363
5921	0.980363
5922	0.980363
5923	0.980363
5924	0.980363
5925	0.980363
5926	0.980363
5927	0.980363
5928	0.980363
5929	0.980363
5930	0.980363
5931	0.980363
5932	0.980363
5933	0.980363
5934	0.980363
5935	0.980363
5936	0.980363
5937	0.980363
5938	0.980363
5939	0.980363
5940	0.980363
5941	0.980363
5942	0.980363
5943	0.980363
5944	0.980363
5945	0.980363
5946	0.980363
5947	0.980363
5948	0.980363
5949	0.980363
5950	0.980363
5951	0.980363
5952	0.980363
5953	0.980363
5954	0.980363
5955	0.980363
5956	0.980363
5957	0.980363
5958	0.980363
5959	0.980363
5960	0.980363
5961	0.980363
5962	0.980363
5963	0.980363
5964	0.980363
5965	0.980363
5966	0.980363
5967	0.980363
5968	0.980363
5969	0.980363
5970	0.980363
5971	0.980363
5972	0.980363
5973	0.980363
5974	0.980363
5975	0.980363
5976	0.980363
5977	0.980363
5978	0.980363
5979	0.980363
5980	0.980363
5981	0.980363
5982	0.980363
5983	0.980363
5984	0.980363
5985	0.980363
5986	0.980363
5987	0.980363
5988	0.980363
5989	0.980363
5990	0.980363
5991	0.980363
5992	0.980363
5993	0.980363
5994	0.980363
5995	0.980363
5996	0.980363
5997	0.980363
5998	0.980363
5999	0.980363
6000	0.980363
6001	0.980363
6002	0.980363
6003	0.980363
6004	0.980363
6005	0.980363
6006	0.980363
6007	0.980363
6008	0.980363
6009	0.980363
6010	0.980363
6011	0.980363
6012	0.980363
6013	0.980363
6014	0.980363
6015	0.980363
6016	0.980363
6017	0.980363
6018	0.980363
6019	0.980363
6020	0.980363
6021	0.980363
6022	0.980363
6023	0.980363
6024	0.980363
6025	0.980363
6026	0.980363
6027	0.980363
6028	0.980363
6029	0.980363
6030	0.980363
6031	0.980363
6032	0.980363
6033	0.980363
6034	0.980363
6035	0.980363
6036	0.980363
6037	0.980363
6038	0.980363
6039	0.980363
6040	0.980363
6041	0.980363
6042	0.980363
6043	0.980363
6044	0.980363
6045	0.980363
6046	0.980363
6047	0.980363
6048	0.980363
6049	0.980363
6050	0.980363
6051	0.980363
6052	0.980363
6053	0.980363
6054	0.980363
6055	0.980363
6056	0.980363
6057	0.980363
6058	0.980363
6059	0.980363
6060	0.980363
6061	0.980363
6062	0.980363
6063	0.980363
6064	0.980363
6065	0.980363
6066	0.980363
6067	0.980363
6068	0.980363
6069	0.980363
6070	0.980363
6071	0.980363
6072	0.980363
6073	0.980363
6074	0.980363
6075	0.980363
6076	0.980363
6077	0.980363
6078	0.980363
6079	0.980363
6080	0.980363
6081	0.980363
6082	0.980363
6083	0.980363
6084	0.980363
6085	0.980363
6086	0.980363
6087	0.980363
6088	0.980363
6089	0.980363
6090	0.980363
6091	0.980363
6092	0.980363
6093	0.980363
6094	0.980363
6095	0.980363
6096	0.980363
6097	0.980363
6098	0.980363
6099	0.980363
6100	0.980363
6101	0.980363
6102	0.980363
6103	0.980363
6104	0.980363
6105	0.980363
6106	0.980363
6107	0.980363
6108	0.980363
6109	0.980363
6110	0.980363
6111	0.980363
6112	0.980363
6113	0.980363
6114	0.980363
6115	0.980363
6116	0.980363
6117	0.980363
6118	0.980363
6119	0.980363
6120	0.980363
6121	0.980363
6122	0.980363
6123	0.980363
6124	0.980363
6125	0.980363
6126	0.980363
6127	0.980363
6128	0.980363
6129	0.980363
6130	0.980363
6131	0.980363
6132	0.980363
6133	0.980363
6134	0.980363
6135	0.980363
6136	0.980363
6137	0.980363
6138	0.980363
6139	0.980363
6140	0.980363
6141	0.980363
6142	0.980363
6143	0.980363
6144	0.980363
6145	0.980363
6146	0.980363
6147	0.980363
6148	0.980363
6149	0.980363
6150	0.980363
6151	0.980363
6152	0.980363
6153	0.980363
6154	0.980363
6155	0.980363
6156	0.980363
6157	0.980363
6158	0.980363
6159	0.980363
6160	0.980363
6161	0.980363
6162	0.980363
6163	0.980363
6164	0.980363
6165	0.980363
6166	0.980363
6167	0.980363
6168	0.980363
6169	0.980363
6170	0.980363
6171	0.980363
6172	0.980363
6173	0.980363
6174	0.980363
6175	0.980363
6176	0.980363
6177	0.980363
6178	0.980363
6179	0.980363
6180	0.980363
6181	0.980363
6182	0.980363
6183	0.980363
6184	0.980363
6185	0.980363
6186	0.980363
6187	0.980363
6188	0.980363
6189	1
## No. organisms: 20
## Seeds        : 1502850976, 27888
## Runtime      : 0h 50m 29s.
## Started at   : Thu Sep  3 21:13:52 2020
## Ended at     : Thu Sep  3 22:04:21 2020
