1	0.5
2	0.5
3	0.5
4	0.5
5	0.507812
6	0.507812
7	0.507812
8	0.507812
9	0.507812
10	0.507812
11	0.507812
12	0.507812
13	0.507812
14	0.507812
15	0.507812
16	0.507812
17	0.507812
18	0.507812
19	0.515625
20	0.515625
21	0.515625
22	0.515625
23	0.515625
24	0.515625
25	0.515625
26	0.515625
27	0.515625
28	0.515625
29	0.53125
30	0.53125
31	0.53125
32	0.53125
33	0.53125
34	0.53125
35	0.53125
36	0.53125
37	0.53125
38	0.53125
39	0.53125
40	0.53125
41	0.53125
42	0.53125
43	0.53125
44	0.53125
45	0.53125
46	0.53125
47	0.53125
48	0.53125
49	0.53125
50	0.53125
51	0.53125
52	0.53125
53	0.53125
54	0.53125
55	0.53125
56	0.53125
57	0.53125
58	0.53125
59	0.53125
60	0.53125
61	0.53125
62	0.53125
63	0.53125
64	0.53125
65	0.53125
66	0.53125
67	0.53125
68	0.53125
69	0.53125
70	0.53125
71	0.53125
72	0.53125
73	0.53125
74	0.53125
75	0.53125
76	0.53125
77	0.53125
78	0.53125
79	0.53125
80	0.53125
81	0.53125
82	0.53125
83	0.53125
84	0.53125
85	0.53125
86	0.546875
87	0.546875
88	0.546875
89	0.546875
90	0.5625
91	0.5625
92	0.5625
93	0.5625
94	0.5625
95	0.5625
96	0.5625
97	0.5625
98	0.5625
99	0.5625
100	0.5625
101	0.5625
102	0.5625
103	0.5625
104	0.5625
105	0.5625
106	0.5625
107	0.5625
108	0.5625
109	0.5625
110	0.5625
111	0.5625
112	0.5625
113	0.5625
114	0.5625
115	0.5625
116	0.5625
117	0.5625
118	0.5625
119	0.5625
120	0.5625
121	0.5625
122	0.5625
123	0.5625
124	0.5625
125	0.5625
126	0.5625
127	0.5625
128	0.5625
129	0.5625
130	0.5625
131	0.5625
132	0.5625
133	0.5625
134	0.5625
135	0.5625
136	0.5625
137	0.5625
138	0.5625
139	0.5625
140	0.5625
141	0.5625
142	0.5625
143	0.5625
144	0.5625
145	0.5625
146	0.5625
147	0.5625
148	0.5625
149	0.5625
150	0.5625
151	0.5625
152	0.5625
153	0.5625
154	0.5625
155	0.5625
156	0.5625
157	0.5625
158	0.5625
159	0.5625
160	0.5625
161	0.5625
162	0.5625
163	0.5625
164	0.5625
165	0.5625
166	0.5625
167	0.5625
168	0.5625
169	0.5625
170	0.5625
171	0.5625
172	0.5625
173	0.5625
174	0.5625
175	0.5625
176	0.5625
177	0.5625
178	0.5625
179	0.5625
180	0.5625
181	0.5625
182	0.5625
183	0.5625
184	0.5625
185	0.5625
186	0.5625
187	0.5625
188	0.5625
189	0.5625
190	0.5625
191	0.5625
192	0.5625
193	0.5625
194	0.5625
195	0.5625
196	0.5625
197	0.5625
198	0.5625
199	0.5625
200	0.5625
201	0.5625
202	0.5625
203	0.5625
204	0.5625
205	0.5625
206	0.5625
207	0.5625
208	0.5625
209	0.5625
210	0.5625
211	0.5625
212	0.5625
213	0.5625
214	0.5625
215	0.5625
216	0.5625
217	0.5625
218	0.5625
219	0.5625
220	0.5625
221	0.5625
222	0.5625
223	0.5625
224	0.5625
225	0.5625
226	0.5625
227	0.5625
228	0.5625
229	0.5625
230	0.5625
231	0.5625
232	0.5625
233	0.5625
234	0.5625
235	0.5625
236	0.5625
237	0.5625
238	0.5625
239	0.5625
240	0.5625
241	0.5625
242	0.5625
243	0.5625
244	0.5625
245	0.5625
246	0.5625
247	0.5625
248	0.5625
249	0.5625
250	0.5625
251	0.5625
252	0.5625
253	0.5625
254	0.5625
255	0.5625
256	0.5625
257	0.5625
258	0.5625
259	0.5625
260	0.5625
261	0.5625
262	0.5625
263	0.5625
264	0.5625
265	0.5625
266	0.5625
267	0.5625
268	0.5625
269	0.578125
270	0.578125
271	0.578125
272	0.578125
273	0.578125
274	0.578125
275	0.578125
276	0.578125
277	0.578125
278	0.578125
279	0.578125
280	0.578125
281	0.578125
282	0.578125
283	0.578125
284	0.578125
285	0.578125
286	0.578125
287	0.578125
288	0.578125
289	0.578125
290	0.578125
291	0.578125
292	0.578125
293	0.578125
294	0.578125
295	0.578125
296	0.578125
297	0.578125
298	0.578125
299	0.578125
300	0.578125
301	0.578125
302	0.578125
303	0.578125
304	0.578125
305	0.578125
306	0.578125
307	0.578125
308	0.578125
309	0.578125
310	0.578125
311	0.59375
312	0.59375
313	0.59375
314	0.59375
315	0.59375
316	0.59375
317	0.59375
318	0.59375
319	0.59375
320	0.59375
321	0.59375
322	0.59375
323	0.59375
324	0.59375
325	0.59375
326	0.59375
327	0.59375
328	0.59375
329	0.59375
330	0.59375
331	0.59375
332	0.59375
333	0.609375
334	0.609375
335	0.609375
336	0.625
337	0.625
338	0.625
339	0.625
340	0.625
341	0.625
342	0.625
343	0.625
344	0.625
345	0.625
346	0.625
347	0.625
348	0.625
349	0.625
350	0.625
351	0.625
352	0.625
353	0.625
354	0.625
355	0.625
356	0.625
357	0.625
358	0.625
359	0.625
360	0.625
361	0.625
362	0.625
363	0.625
364	0.625
365	0.625
366	0.625
367	0.625
368	0.625
369	0.625
370	0.625
371	0.625
372	0.625
373	0.625
374	0.625
375	0.625
376	0.625
377	0.625
378	0.625
379	0.625
380	0.625
381	0.625
382	0.625
383	0.625
384	0.625
385	0.625
386	0.625
387	0.625
388	0.625
389	0.625
390	0.625
391	0.625
392	0.625
393	0.625
394	0.625
395	0.625
396	0.625
397	0.625
398	0.625
399	0.625
400	0.625
401	0.625
402	0.625
403	0.625
404	0.625
405	0.625
406	0.625
407	0.625
408	0.625
409	0.625
410	0.625
411	0.625
412	0.625
413	0.625
414	0.625
415	0.625
416	0.625
417	0.625
418	0.625
419	0.625
420	0.625
421	0.625
422	0.625
423	0.625
424	0.625
425	0.625
426	0.625
427	0.625
428	0.625
429	0.625
430	0.625
431	0.625
432	0.625
433	0.625
434	0.625
435	0.625
436	0.625
437	0.625
438	0.625
439	0.625
440	0.625
441	0.625
442	0.625
443	0.625
444	0.625
445	0.625
446	0.625
447	0.625
448	0.625
449	0.625
450	0.625
451	0.625
452	0.625
453	0.625
454	0.625
455	0.625
456	0.625
457	0.625
458	0.625
459	0.625
460	0.625
461	0.625
462	0.625
463	0.625
464	0.625
465	0.625
466	0.625
467	0.625
468	0.625
469	0.625
470	0.625
471	0.625
472	0.625
473	0.625
474	0.625
475	0.625
476	0.625
477	0.625
478	0.625
479	0.625
480	0.625
481	0.625
482	0.625
483	0.625
484	0.625
485	0.625
486	0.625
487	0.625
488	0.625
489	0.625
490	0.625
491	0.625
492	0.625
493	0.625
494	0.625
495	0.625
496	0.625
497	0.625
498	0.625
499	0.625
500	0.625
501	0.625
502	0.625
503	0.625
504	0.625
505	0.625
506	0.625
507	0.625
508	0.625
509	0.625
510	0.625
511	0.625
512	0.625
513	0.625
514	0.625
515	0.625
516	0.625
517	0.625
518	0.625
519	0.625
520	0.625
521	0.625
522	0.625
523	0.625
524	0.625
525	0.625
526	0.625
527	0.625
528	0.625
529	0.625
530	0.625
531	0.625
532	0.625
533	0.625
534	0.625
535	0.625
536	0.625
537	0.625
538	0.625
539	0.625
540	0.625
541	0.625
542	0.625
543	0.625
544	0.625
545	0.625
546	0.625
547	0.625
548	0.625
549	0.625
550	0.625
551	0.625
552	0.625
553	0.625
554	0.625
555	0.625
556	0.625
557	0.625
558	0.625
559	0.625
560	0.625
561	0.625
562	0.625
563	0.625
564	0.625
565	0.625
566	0.625
567	0.625
568	0.625
569	0.625
570	0.625
571	0.625
572	0.625
573	0.625
574	0.625
575	0.625
576	0.625
577	0.625
578	0.625
579	0.625
580	0.625
581	0.625
582	0.625
583	0.625
584	0.625
585	0.625
586	0.625
587	0.625
588	0.625
589	0.625
590	0.625
591	0.625
592	0.625
593	0.625
594	0.625
595	0.625
596	0.625
597	0.625
598	0.625
599	0.625
600	0.625
601	0.625
602	0.625
603	0.625
604	0.625
605	0.625
606	0.625
607	0.625
608	0.625
609	0.625
610	0.625
611	0.625
612	0.625
613	0.625
614	0.625
615	0.625
616	0.625
617	0.625
618	0.625
619	0.625
620	0.625
621	0.625
622	0.625
623	0.625
624	0.625
625	0.625
626	0.625
627	0.625
628	0.625
629	0.625
630	0.625
631	0.625
632	0.625
633	0.625
634	0.625
635	0.625
636	0.625
637	0.625
638	0.625
639	0.625
640	0.625
641	0.625
642	0.625
643	0.625
644	0.625
645	0.625
646	0.625
647	0.625
648	0.625
649	0.625
650	0.625
651	0.625
652	0.625
653	0.625
654	0.625
655	0.625
656	0.625
657	0.625
658	0.625
659	0.625
660	0.625
661	0.625
662	0.625
663	0.625
664	0.625
665	0.625
666	0.625
667	0.625
668	0.625
669	0.625
670	0.625
671	0.625
672	0.625
673	0.625
674	0.625
675	0.625
676	0.625
677	0.625
678	0.625
679	0.625
680	0.625
681	0.625
682	0.625
683	0.625
684	0.625
685	0.625
686	0.625
687	0.625
688	0.625
689	0.625
690	0.625
691	0.625
692	0.625
693	0.625
694	0.625
695	0.625
696	0.625
697	0.625
698	0.625
699	0.625
700	0.625
701	0.625
702	0.625
703	0.625
704	0.625
705	0.625
706	0.625
707	0.625
708	0.625
709	0.625
710	0.625
711	0.625
712	0.625
713	0.625
714	0.625
715	0.625
716	0.625
717	0.625
718	0.625
719	0.625
720	0.625
721	0.625
722	0.625
723	0.625
724	0.625
725	0.625
726	0.625
727	0.625
728	0.625
729	0.625
730	0.625
731	0.625
732	0.625
733	0.625
734	0.625
735	0.625
736	0.625
737	0.625
738	0.625
739	0.625
740	0.625
741	0.625
742	0.625
743	0.625
744	0.625
745	0.625
746	0.625
747	0.625
748	0.625
749	0.625
750	0.625
751	0.625
752	0.625
753	0.625
754	0.625
755	0.625
756	0.625
757	0.625
758	0.625
759	0.625
760	0.625
761	0.625
762	0.625
763	0.625
764	0.625
765	0.625
766	0.625
767	0.625
768	0.625
769	0.625
770	0.625
771	0.625
772	0.625
773	0.625
774	0.625
775	0.625
776	0.625
777	0.625
778	0.625
779	0.625
780	0.625
781	0.625
782	0.625
783	0.625
784	0.625
785	0.625
786	0.625
787	0.625
788	0.625
789	0.625
790	0.625
791	0.625
792	0.625
793	0.625
794	0.625
795	0.625
796	0.625
797	0.625
798	0.625
799	0.625
800	0.625
801	0.625
802	0.625
803	0.625
804	0.625
805	0.625
806	0.625
807	0.625
808	0.625
809	0.625
810	0.625
811	0.625
812	0.625
813	0.625
814	0.625
815	0.625
816	0.625
817	0.625
818	0.625
819	0.625
820	0.625
821	0.625
822	0.625
823	0.625
824	0.625
825	0.625
826	0.625
827	0.625
828	0.625
829	0.625
830	0.625
831	0.625
832	0.625
833	0.625
834	0.625
835	0.625
836	0.625
837	0.625
838	0.625
839	0.625
840	0.625
841	0.625
842	0.625
843	0.625
844	0.625
845	0.625
846	0.625
847	0.625
848	0.625
849	0.625
850	0.625
851	0.625
852	0.625
853	0.625
854	0.625
855	0.625
856	0.625
857	0.625
858	0.625
859	0.625
860	0.625
861	0.625
862	0.625
863	0.625
864	0.625
865	0.625
866	0.625
867	0.625
868	0.625
869	0.625
870	0.625
871	0.625
872	0.625
873	0.625
874	0.625
875	0.625
876	0.625
877	0.625
878	0.625
879	0.625
880	0.625
881	0.625
882	0.625
883	0.625
884	0.625
885	0.625
886	0.625
887	0.625
888	0.625
889	0.625
890	0.625
891	0.625
892	0.625
893	0.625
894	0.625
895	0.625
896	0.625
897	0.625
898	0.625
899	0.625
900	0.625
901	0.625
902	0.625
903	0.625
904	0.625
905	0.625
906	0.625
907	0.625
908	0.625
909	0.625
910	0.625
911	0.625
912	0.625
913	0.625
914	0.625
915	0.625
916	0.625
917	0.625
918	0.625
919	0.625
920	0.625
921	0.625
922	0.625
923	0.625
924	0.625
925	0.625
926	0.625
927	0.625
928	0.625
929	0.625
930	0.625
931	0.625
932	0.625
933	0.625
934	0.625
935	0.625
936	0.625
937	0.625
938	0.625
939	0.625
940	0.625
941	0.625
942	0.625
943	0.625
944	0.625
945	0.625
946	0.625
947	0.625
948	0.625
949	0.625
950	0.625
951	0.625
952	0.625
953	0.625
954	0.625
955	0.625
956	0.625
957	0.625
958	0.625
959	0.625
960	0.625
961	0.625
962	0.625
963	0.625
964	0.625
965	0.625
966	0.625
967	0.625
968	0.625
969	0.625
970	0.625
971	0.625
972	0.625
973	0.625
974	0.625
975	0.625
976	0.625
977	0.625
978	0.625
979	0.625
980	0.625
981	0.625
982	0.625
983	0.625
984	0.625
985	0.625
986	0.625
987	0.625
988	0.625
989	0.625
990	0.625
991	0.625
992	0.625
993	0.625
994	0.625
995	0.625
996	0.625
997	0.625
998	0.625
999	0.625
1000	0.625
