1	0.5
2	0.5
3	0.5
4	0.5
5	0.5625
6	0.5625
7	0.5625
8	0.5625
9	0.5625
10	0.5625
11	0.5625
12	0.5625
13	0.5625
14	0.5625
15	0.5625
16	0.625
17	0.625
18	0.625
19	0.625
20	0.625
21	0.625
22	0.625
23	0.625
24	0.625
25	0.625
26	0.625
27	0.625
28	0.625
29	0.625
30	0.625
31	0.625
32	0.625
33	0.625
34	0.625
35	0.625
36	0.625
37	0.625
38	0.625
39	0.625
40	0.625
41	0.625
42	0.625
43	0.625
44	0.625
45	0.6875
46	0.6875
47	0.6875
48	0.6875
49	0.6875
50	0.6875
51	0.6875
52	0.6875
53	0.6875
54	0.6875
55	0.6875
56	0.6875
57	0.6875
58	0.6875
59	0.6875
60	0.6875
61	0.6875
62	0.6875
63	0.75
64	0.75
65	0.75
66	0.75
67	0.75
68	0.75
69	0.75
70	0.75
71	0.75
72	0.75
73	0.75
74	0.75
75	0.75
76	0.75
77	0.75
78	0.75
79	0.75
80	0.75
81	0.75
82	0.75
83	0.75
84	0.75
85	0.75
86	0.75
87	0.75
88	0.75
89	0.75
90	0.75
91	0.75
92	0.75
93	0.75
94	0.75
95	0.75
96	0.75
97	0.75
98	0.75
99	0.75
100	0.75
101	0.75
102	0.75
103	0.75
104	0.75
105	0.75
106	0.75
107	0.75
108	0.75
109	0.75
110	0.75
111	0.75
112	0.75
113	0.75
114	0.75
115	0.75
116	0.75
117	0.75
118	0.75
119	0.75
120	0.75
121	0.75
122	0.75
123	0.75
124	0.75
125	0.75
126	0.75
127	0.75
128	0.75
129	0.75
130	0.75
131	0.75
132	0.75
133	0.75
134	0.75
135	0.75
136	0.75
137	0.75
138	0.75
139	0.75
140	0.75
141	0.75
142	0.75
143	0.75
144	0.75
145	0.75
146	0.75
147	0.75
148	0.875
149	0.875
150	0.875
151	0.875
152	0.875
153	0.875
154	0.875
155	0.875
156	0.875
157	0.875
158	1
## No. organisms: 20
## Seeds        : 1502473985, 31490
## Runtime      : 0h 0m 2s.
## Started at   : Sun Aug 30 11:13:56 2020
## Ended at     : Sun Aug 30 11:13:58 2020
