64   6   1
000000      0  
100000      1  
010000      1  
110000      0  
001000      1  
101000      0  
011000      0  
111000      1  
000100      1  
100100      0  
010100      0  
110100      1  
001100      0  
101100      1  
011100      1  
111100      0  
000010      1  
100010      0  
010010      0  
110010      1  
001010      0  
101010      1  
011010      1  
111010      0  
000110      0  
100110      1  
010110      1  
110110      0  
001110      1  
101110      0  
011110      0  
111110      1  
000001      1  
100001      0  
010001      0  
110001      1  
001001      0  
101001      1  
011001      1  
111001      0  
000101      0  
100101      1  
010101      1  
110101      0  
001101      1  
101101      0  
011101      0  
111101      1  
000011      0  
100011      1  
010011      1  
110011      0  
001011      1  
101011      0  
011011      0  
111011      1  
000111      1  
100111      0  
010111      0  
110111      1  
001111      0  
101111      1  
011111      1  
111111      0  
