1	0.5
2	0.5
3	0.5
4	0.5
5	0.5
6	0.5
7	0.5
8	0.5
9	0.5
10	0.5
11	0.5
12	0.5
13	0.5
14	0.5
15	0.5
16	0.5
17	0.5
18	0.5
19	0.5
20	0.5
21	0.5
22	0.5
23	0.5
24	0.5
25	0.5
26	0.5
27	0.5
28	0.5
29	0.5
30	0.5
31	0.5
32	0.5
33	0.5
34	0.5625
35	0.5625
36	0.5625
37	0.625
38	0.625
39	0.625
40	0.625
41	0.625
42	0.625
43	0.625
44	0.625
45	0.625
46	0.625
47	0.625
48	0.75
49	0.75
50	0.75
51	0.75
52	0.75
53	0.75
54	0.75
55	0.75
56	0.75
57	0.75
58	0.75
59	0.75
60	0.75
61	0.75
62	0.75
63	0.75
64	0.75
65	0.75
66	0.75
67	0.75
68	0.75
69	0.75
70	0.75
71	0.75
72	0.75
73	0.75
74	0.75
75	0.75
76	0.75
77	0.75
78	0.75
79	0.75
80	0.75
81	0.75
82	0.75
83	0.75
84	0.75
85	0.75
86	0.75
87	0.75
88	0.8125
89	0.875
90	0.875
91	0.875
92	0.875
93	0.875
94	0.875
95	0.875
96	0.875
97	0.875
98	0.875
99	0.875
100	0.875
101	0.875
102	0.875
103	0.875
104	0.875
105	0.875
106	0.875
107	0.875
108	0.875
109	0.875
110	0.875
111	0.875
112	0.875
113	0.875
114	0.875
115	0.875
116	0.875
117	0.875
118	0.875
119	0.875
120	0.875
121	0.875
122	0.875
123	0.875
124	0.875
125	0.875
126	0.875
127	0.875
128	0.875
129	0.875
130	0.875
131	0.875
132	0.875
133	0.875
134	0.875
135	0.875
136	0.875
137	0.875
138	0.875
139	0.875
140	0.875
141	0.875
142	0.875
143	0.875
144	0.875
145	0.875
146	0.875
147	0.875
148	0.875
149	0.875
150	0.875
151	0.875
152	0.875
153	0.875
154	0.875
155	0.875
156	0.875
157	0.875
158	0.875
159	0.875
160	0.875
161	0.875
162	0.875
163	0.875
164	0.875
165	0.875
166	0.875
167	0.875
168	0.875
169	0.875
170	0.875
171	0.875
172	0.875
173	0.875
174	0.875
175	0.875
176	0.875
177	0.875
178	0.875
179	0.875
180	0.875
181	0.875
182	0.875
183	0.875
184	0.875
185	0.875
186	0.875
187	0.875
188	0.875
189	0.875
190	0.875
191	0.875
192	0.875
193	0.875
194	0.875
195	0.875
196	0.875
197	0.875
198	0.875
199	0.875
200	0.875
201	0.875
202	0.875
203	0.875
204	0.875
205	0.875
206	0.875
207	0.875
208	0.875
209	0.875
210	0.875
211	0.875
212	0.875
213	0.875
214	0.875
215	0.875
216	0.875
217	0.875
218	0.875
219	0.875
220	0.875
221	0.875
222	0.875
223	0.875
224	0.875
225	0.875
226	0.875
227	0.875
228	0.875
229	0.875
230	0.9375
231	0.9375
232	0.9375
233	0.9375
234	0.9375
235	0.9375
236	0.9375
237	0.9375
238	0.9375
239	0.9375
240	0.9375
241	0.9375
242	0.9375
243	0.9375
244	0.9375
245	1
## No. organisms: 20
## Seeds        : 1502474270, 38258
## Runtime      : 0h 0m 2s.
## Started at   : Sun Aug 30 11:18:44 2020
## Ended at     : Sun Aug 30 11:18:46 2020
