1	0.625
2	0.6875
3	0.6875
4	0.6875
5	0.6875
6	0.6875
7	0.6875
8	0.6875
9	0.6875
10	0.6875
11	0.6875
12	0.6875
13	0.6875
14	0.6875
15	0.6875
16	0.6875
17	0.6875
18	0.6875
19	0.6875
20	0.6875
21	0.6875
22	0.6875
23	0.6875
24	0.6875
25	0.6875
26	0.75
27	0.75
28	0.75
29	0.75
30	0.75
31	0.75
32	0.75
33	0.75
34	0.75
35	0.75
36	0.875
37	0.875
38	0.875
39	0.875
40	0.875
41	0.875
42	0.875
43	0.875
44	0.875
45	0.875
46	0.875
47	0.875
48	0.875
49	0.875
50	0.875
51	0.875
52	0.875
53	0.875
54	0.875
55	0.875
56	0.875
57	0.875
58	0.875
59	0.875
60	0.875
61	0.875
62	0.875
63	0.875
64	0.875
65	0.875
66	0.875
67	0.875
68	0.875
69	0.875
70	0.875
71	0.875
72	0.875
73	0.875
74	0.875
75	0.875
76	1
## No. organisms: 20
## Seeds        : 1502474270, 38258
## Runtime      : 0h 0m 0s.
## Started at   : Sun Aug 30 11:18:59 2020
## Ended at     : Sun Aug 30 11:18:59 2020
