1	0.518884
2	0.521785
3	0.523919
4	0.525662
5	0.525662
6	0.537266
7	0.540558
8	0.541492
9	0.544268
10	0.54855
11	0.55046
12	0.557001
13	0.560725
14	0.568577
15	0.577001
16	0.58212
17	0.589526
18	0.604365
19	0.60576
20	0.607601
21	0.60947
22	0.610432
23	0.611855
24	0.613682
25	0.613682
26	0.61742
27	0.61742
28	0.61742
29	0.61742
30	0.61742
31	0.620753
32	0.620753
33	0.620753
34	0.620753
35	0.620753
36	0.620753
37	0.622162
38	0.625914
39	0.632427
40	0.632427
41	0.63311
42	0.637406
43	0.639066
44	0.639066
45	0.639247
46	0.664003
47	0.66728
48	0.668354
49	0.668591
50	0.668591
51	0.681144
52	0.689079
53	0.689079
54	0.689079
55	0.691883
56	0.691883
57	0.691883
58	0.691883
59	0.691883
60	0.691883
61	0.691883
62	0.693821
63	0.693821
64	0.693821
65	0.693821
66	0.693821
67	0.693821
68	0.693821
69	0.693821
70	0.693821
71	0.693821
72	0.693821
73	0.693821
74	0.693821
75	0.693821
76	0.693821
77	0.693821
78	0.694059
79	0.694059
80	0.694059
81	0.694059
82	0.694059
83	0.694059
84	0.694059
85	0.694059
86	0.694059
87	0.694059
88	0.694059
89	0.694059
90	0.694059
91	0.694059
92	0.694059
93	0.694059
94	0.694059
95	0.694059
96	0.694059
97	0.694059
98	0.696374
99	0.696374
100	0.696374
101	0.697992
102	0.698354
103	0.698354
104	0.698354
105	0.699512
106	0.699512
107	0.699512
108	0.699512
109	0.699512
110	0.699512
111	0.699512
112	0.699512
113	0.704184
114	0.704184
115	0.704658
116	0.704658
117	0.704658
118	0.704658
119	0.704658
120	0.704658
121	0.704658
122	0.704658
123	0.704658
124	0.704658
125	0.704658
126	0.704658
127	0.704658
128	0.704658
129	0.704658
130	0.704658
131	0.704658
132	0.704658
133	0.704868
134	0.704868
135	0.704868
136	0.704868
137	0.704868
138	0.704868
139	0.705132
140	0.705132
141	0.707671
142	0.707671
143	0.720446
144	0.720446
145	0.720446
146	0.720446
147	0.720865
148	0.720865
149	0.722287
150	0.729247
151	0.729247
152	0.729247
153	0.729247
154	0.731144
155	0.732287
156	0.744951
157	0.750642
158	0.752483
159	0.752483
160	0.752734
161	0.753473
162	0.753473
163	0.756081
164	0.756081
165	0.756081
166	0.756081
167	0.756081
168	0.756081
169	0.756081
170	0.756081
171	0.756081
172	0.756081
173	0.756081
174	0.756081
175	0.756081
176	0.756081
177	0.756081
178	0.756081
179	0.756081
180	0.756081
181	0.756081
182	0.782845
183	0.782845
184	0.782845
185	0.783082
186	0.783082
187	0.787266
188	0.787266
189	0.787266
190	0.787266
191	0.788689
192	0.788689
193	0.788689
194	0.788689
195	0.788689
196	0.789121
197	0.789121
198	0.789121
199	0.789121
200	0.7894
201	0.7894
202	0.7894
203	0.7894
204	0.792483
205	0.792483
206	0.792483
207	0.792483
208	0.792483
209	0.792483
210	0.792483
211	0.792483
212	0.792483
213	0.792483
214	0.792483
215	0.793166
216	0.793166
217	0.793166
218	0.793166
219	0.793166
220	0.793166
221	0.793166
222	0.793166
223	0.793166
224	0.793166
225	0.793166
226	0.793166
227	0.793166
228	0.793166
229	0.793166
230	0.793166
231	0.793166
232	0.793166
233	0.793166
234	0.794086
235	0.794086
236	0.794086
237	0.794086
238	0.794086
239	0.794086
240	0.794086
241	0.794086
242	0.794086
243	0.794086
244	0.794086
245	0.795467
246	0.795467
247	0.795467
248	0.795467
249	0.795467
250	0.796192
251	0.796192
252	0.796192
253	0.796192
254	0.796192
255	0.796192
256	0.796192
257	0.796192
258	0.796192
259	0.796192
260	0.796192
261	0.796192
262	0.796192
263	0.796192
264	0.796192
265	0.796192
266	0.796192
267	0.796192
268	0.796192
269	0.796192
270	0.796192
271	0.796192
272	0.796192
273	0.796192
274	0.796192
275	0.796192
276	0.796192
277	0.796192
278	0.796192
279	0.796192
280	0.796192
281	0.796192
282	0.796192
283	0.801799
284	0.801799
285	0.801799
286	0.801799
287	0.801799
288	0.801799
289	0.801799
290	0.801799
291	0.801799
292	0.801799
293	0.801799
294	0.801799
295	0.801799
296	0.801799
297	0.801799
298	0.801799
299	0.801799
300	0.801799
301	0.801799
302	0.801799
303	0.801799
304	0.801799
305	0.801799
306	0.801799
307	0.801799
308	0.801799
309	0.801799
310	0.801799
311	0.801799
312	0.801799
313	0.801799
314	0.801799
315	0.801799
316	0.801799
317	0.801799
318	0.801799
319	0.801799
320	0.801799
321	0.801799
322	0.801799
323	0.801799
324	0.801799
325	0.801799
326	0.801799
327	0.801799
328	0.801799
329	0.801799
330	0.801799
331	0.801799
332	0.801799
333	0.801799
334	0.801799
335	0.801799
336	0.801799
337	0.801799
338	0.801799
339	0.801799
340	0.801799
341	0.801799
342	0.801799
343	0.801799
344	0.801799
345	0.801799
346	0.801799
347	0.801799
348	0.801799
349	0.801799
350	0.801799
351	0.801799
352	0.801799
353	0.801799
354	0.801799
355	0.801799
356	0.801799
357	0.801799
358	0.801799
359	0.801799
360	0.801799
361	0.801799
362	0.801799
363	0.801799
364	0.801799
365	0.801799
366	0.801799
367	0.801799
368	0.801799
369	0.801799
370	0.801799
371	0.801799
372	0.801799
373	0.801799
374	0.801799
375	0.801799
376	0.801799
377	0.801799
378	0.801799
379	0.801799
380	0.801799
381	0.801799
382	0.801799
383	0.801799
384	0.801799
385	0.801799
386	0.801799
387	0.801799
388	0.801799
389	0.801799
390	0.801799
391	0.801799
392	0.801799
393	0.801799
394	0.801799
395	0.801799
396	0.801799
397	0.801799
398	0.801799
399	0.801799
400	0.801799
401	0.801799
402	0.801799
403	0.801799
404	0.801799
405	0.801799
406	0.801799
407	0.801799
408	0.801799
409	0.801799
410	0.801799
411	0.801799
412	0.801799
413	0.801799
414	0.801799
415	0.801799
416	0.801799
417	0.801799
418	0.801799
419	0.801799
420	0.801799
421	0.801799
422	0.801799
423	0.801799
424	0.801799
425	0.801799
426	0.801799
427	0.801799
428	0.801799
429	0.801799
430	0.801799
431	0.801799
432	0.801799
433	0.801799
434	0.801799
435	0.801799
436	0.801799
437	0.801799
438	0.801799
439	0.801799
440	0.801799
441	0.801799
442	0.801799
443	0.801799
444	0.801799
445	0.801799
446	0.801799
447	0.801799
448	0.801799
449	0.801799
450	0.801799
451	0.801799
452	0.801799
453	0.801799
454	0.801799
455	0.801799
456	0.801799
457	0.801799
458	0.801799
459	0.801799
460	0.801799
461	0.801799
462	0.801799
463	0.801799
464	0.801799
465	0.801799
466	0.801799
467	0.801799
468	0.801799
469	0.801799
470	0.801799
471	0.801799
472	0.801799
473	0.801799
474	0.801799
475	0.801799
476	0.801799
477	0.801799
478	0.801799
479	0.801799
480	0.801799
481	0.801799
482	0.801799
483	0.801799
484	0.801799
485	0.801799
486	0.801799
487	0.801799
488	0.801799
489	0.801799
490	0.801799
491	0.801799
492	0.801799
493	0.801799
494	0.801799
495	0.801799
496	0.801799
497	0.801799
498	0.801799
499	0.801799
500	0.801799
501	0.801799
502	0.801799
503	0.801799
504	0.801799
505	0.801799
506	0.801799
507	0.801799
508	0.801799
509	0.801799
510	0.801799
511	0.801799
512	0.801799
513	0.801799
514	0.801799
515	0.801799
516	0.801799
517	0.801799
518	0.801799
519	0.801799
520	0.801799
521	0.801799
522	0.801799
523	0.801799
524	0.801799
525	0.801799
526	0.801799
527	0.801799
528	0.801799
529	0.801799
530	0.801799
531	0.801799
532	0.801799
533	0.801799
534	0.801799
535	0.801799
536	0.801799
537	0.801799
538	0.801799
539	0.801799
540	0.801799
541	0.801799
542	0.801799
543	0.801799
544	0.801799
545	0.801799
546	0.801799
547	0.801799
548	0.801799
549	0.801799
550	0.801799
551	0.801799
552	0.801799
553	0.801799
554	0.801799
555	0.801799
556	0.801799
557	0.801799
558	0.801799
559	0.801799
560	0.801799
561	0.801799
562	0.801799
563	0.801799
564	0.801799
565	0.801799
566	0.801799
567	0.801799
568	0.801799
569	0.801799
570	0.801799
571	0.801799
572	0.801799
573	0.801799
574	0.801799
575	0.801799
576	0.801799
577	0.801799
578	0.801799
579	0.801799
580	0.801799
581	0.801799
582	0.801799
583	0.801799
584	0.801799
585	0.801799
586	0.801799
587	0.801799
588	0.801799
589	0.801799
590	0.801799
591	0.801799
592	0.801799
593	0.801841
594	0.801841
595	0.801841
596	0.801841
597	0.801841
598	0.801841
599	0.801841
600	0.801841
601	0.801841
602	0.801841
603	0.801841
604	0.801841
605	0.801841
606	0.801841
607	0.801841
608	0.801841
609	0.801841
610	0.801841
611	0.801841
612	0.801841
613	0.801841
614	0.801841
615	0.801841
616	0.801841
617	0.801841
618	0.801841
619	0.801841
620	0.801841
621	0.801841
622	0.801841
623	0.801841
624	0.801841
625	0.801841
626	0.801841
627	0.801841
628	0.801841
629	0.801841
630	0.801841
631	0.801841
632	0.801841
633	0.801841
634	0.801841
635	0.801841
636	0.801841
637	0.801841
638	0.801841
639	0.801841
640	0.801841
641	0.801841
642	0.801841
643	0.801841
644	0.801841
645	0.801841
646	0.801841
647	0.801841
648	0.801841
649	0.801841
650	0.801841
651	0.801841
652	0.801841
653	0.801841
654	0.801841
655	0.801841
656	0.801841
657	0.801841
658	0.801841
659	0.801841
660	0.801841
661	0.801841
662	0.801841
663	0.801841
664	0.801841
665	0.801841
666	0.801841
667	0.801841
668	0.801841
669	0.801841
670	0.801841
671	0.801841
672	0.801841
673	0.801841
674	0.801841
675	0.801841
676	0.801841
677	0.801841
678	0.801841
679	0.801841
680	0.801841
681	0.801841
682	0.801841
683	0.801841
684	0.801841
685	0.801841
686	0.801841
687	0.801841
688	0.801841
689	0.801841
690	0.801841
691	0.801841
692	0.801841
693	0.801841
694	0.801841
695	0.801841
696	0.801841
697	0.801841
698	0.801841
699	0.801841
700	0.801841
701	0.801841
702	0.801841
703	0.801841
704	0.801841
705	0.801841
706	0.801841
707	0.801841
708	0.801841
709	0.801841
710	0.801841
711	0.801841
712	0.801841
713	0.801841
714	0.801841
715	0.801841
716	0.801841
717	0.801841
718	0.801841
719	0.801841
720	0.801841
721	0.801841
722	0.801841
723	0.801841
724	0.801841
725	0.801841
726	0.801841
727	0.801841
728	0.801841
729	0.801841
730	0.801841
731	0.801841
732	0.801841
733	0.801841
734	0.801841
735	0.801841
736	0.801841
737	0.801841
738	0.801841
739	0.801841
740	0.801841
741	0.801841
742	0.801841
743	0.801841
744	0.801841
745	0.801841
746	0.801841
747	0.801841
748	0.801841
749	0.801841
750	0.801841
751	0.801841
752	0.801841
753	0.801841
754	0.801841
755	0.801841
756	0.801841
757	0.801841
758	0.801841
759	0.801841
760	0.801841
761	0.801841
762	0.801841
763	0.801841
764	0.801841
765	0.801841
766	0.801841
767	0.801841
768	0.801841
769	0.801841
770	0.801841
771	0.801841
772	0.801841
773	0.801841
774	0.801841
775	0.801841
776	0.801841
777	0.801841
778	0.801841
779	0.801841
780	0.801841
781	0.801841
782	0.801841
783	0.801841
784	0.801841
785	0.801841
786	0.801841
787	0.801841
788	0.801841
789	0.801841
790	0.801841
791	0.801841
792	0.801841
793	0.801841
794	0.801841
795	0.801841
796	0.801841
797	0.801841
798	0.801841
799	0.801841
800	0.801841
801	0.801841
802	0.801841
803	0.801841
804	0.801841
805	0.801841
806	0.801841
807	0.801841
808	0.801841
809	0.801841
810	0.801841
811	0.801841
812	0.801841
813	0.801841
814	0.801841
815	0.801841
816	0.801841
817	0.801841
818	0.801841
819	0.801841
820	0.801841
821	0.801841
822	0.801841
823	0.801841
824	0.801841
825	0.801841
826	0.801841
827	0.801841
828	0.801841
829	0.801841
830	0.801841
831	0.801841
832	0.801841
833	0.801841
834	0.801841
835	0.801841
836	0.801841
837	0.801841
838	0.801841
839	0.801841
840	0.801841
841	0.801841
842	0.801841
843	0.801841
844	0.801841
845	0.801841
846	0.801841
847	0.801841
848	0.801841
849	0.801841
850	0.801841
851	0.801841
852	0.801841
853	0.801841
854	0.801841
855	0.801841
856	0.801841
857	0.801841
858	0.801841
859	0.801841
860	0.801841
861	0.801841
862	0.801841
863	0.801841
864	0.801841
865	0.801841
866	0.801841
867	0.801841
868	0.801841
869	0.801841
870	0.801841
871	0.801841
872	0.801841
873	0.801841
874	0.801841
875	0.801841
876	0.801841
877	0.801841
878	0.801841
879	0.801841
880	0.801841
881	0.801841
882	0.801841
883	0.801841
884	0.801841
885	0.801841
886	0.801841
887	0.801841
888	0.801841
889	0.801841
890	0.801841
891	0.801841
892	0.801841
893	0.801841
894	0.801841
895	0.801841
896	0.801841
897	0.801841
898	0.801841
899	0.801841
900	0.801841
901	0.801841
902	0.801841
903	0.801841
904	0.801841
905	0.801841
906	0.801841
907	0.801841
908	0.801841
909	0.801841
910	0.801841
911	0.801841
912	0.801841
913	0.801841
914	0.801841
915	0.801841
916	0.801841
917	0.801841
918	0.801841
919	0.801841
920	0.801841
921	0.801841
922	0.801841
923	0.801841
924	0.801841
925	0.801841
926	0.801841
927	0.801841
928	0.801841
929	0.801841
930	0.801841
931	0.801841
932	0.801841
933	0.801841
934	0.801841
935	0.801841
936	0.801841
937	0.801841
938	0.801841
939	0.801841
940	0.801841
941	0.801841
942	0.801841
943	0.801841
944	0.801841
945	0.801841
946	0.801841
947	0.801841
948	0.801841
949	0.801841
950	0.801841
951	0.801841
952	0.801841
953	0.801841
954	0.801841
955	0.801841
956	0.801841
957	0.801841
958	0.801841
959	0.801841
960	0.801841
961	0.801841
962	0.801841
963	0.801841
964	0.801841
965	0.801841
966	0.801841
967	0.801841
968	0.801841
969	0.801841
970	0.801841
971	0.801841
972	0.801841
973	0.801841
974	0.801841
975	0.801841
976	0.801841
977	0.801841
978	0.801841
979	0.801841
980	0.801841
981	0.801841
982	0.801841
983	0.801841
984	0.801841
985	0.801841
986	0.801841
987	0.801841
988	0.801841
989	0.801841
990	0.801841
991	0.801841
992	0.801841
993	0.801841
994	0.801841
995	0.801841
996	0.801841
997	0.801841
998	0.801841
999	0.801841
1000	0.801841
1001	0.801841
1002	0.801841
1003	0.801841
1004	0.801841
1005	0.801841
1006	0.801841
1007	0.801841
1008	0.801841
1009	0.801841
1010	0.801841
1011	0.801841
1012	0.801841
1013	0.801841
1014	0.801841
1015	0.801841
1016	0.801841
1017	0.801841
1018	0.801841
1019	0.801841
1020	0.801841
1021	0.801841
1022	0.801841
1023	0.801841
1024	0.801841
1025	0.801841
1026	0.801841
1027	0.801841
1028	0.801841
1029	0.801841
1030	0.801841
1031	0.801841
1032	0.801841
1033	0.801841
1034	0.801841
1035	0.801841
1036	0.801841
1037	0.801841
1038	0.801841
1039	0.801841
1040	0.801841
1041	0.801841
1042	0.801841
1043	0.801841
1044	0.801841
1045	0.801841
1046	0.801841
1047	0.801841
1048	0.801841
1049	0.801841
1050	0.801841
1051	0.801841
1052	0.802092
1053	0.802092
1054	0.802092
1055	0.802092
1056	0.802092
1057	0.802092
1058	0.802092
1059	0.802092
1060	0.802092
1061	0.802092
1062	0.802092
1063	0.802092
1064	0.802092
1065	0.802092
1066	0.802092
1067	0.802092
1068	0.802092
1069	0.802092
1070	0.802092
1071	0.802092
1072	0.802092
1073	0.806904
1074	0.806904
1075	0.806904
1076	0.806904
1077	0.806904
1078	0.806904
1079	0.806904
1080	0.806904
1081	0.806904
1082	0.806904
1083	0.806904
1084	0.806904
1085	0.806904
1086	0.806904
1087	0.806904
1088	0.806904
1089	0.806904
1090	0.806904
1091	0.806904
1092	0.806904
1093	0.806904
1094	0.806904
1095	0.806904
1096	0.806904
1097	0.806904
1098	0.806904
1099	0.806904
1100	0.806904
1101	0.806904
1102	0.806904
1103	0.806904
1104	0.806904
1105	0.806904
1106	0.806904
1107	0.806904
1108	0.806904
1109	0.806904
1110	0.806904
1111	0.806904
1112	0.806904
1113	0.806904
1114	0.806904
1115	0.806904
1116	0.806904
1117	0.806904
1118	0.806904
1119	0.806904
1120	0.806904
1121	0.806904
1122	0.806904
1123	0.806904
1124	0.806904
1125	0.806904
1126	0.806904
1127	0.806904
1128	0.806904
1129	0.806904
1130	0.806904
1131	0.806904
1132	0.806904
1133	0.806904
1134	0.806904
1135	0.806904
1136	0.806904
1137	0.806904
1138	0.806904
1139	0.806904
1140	0.806904
1141	0.806904
1142	0.806904
1143	0.806904
1144	0.806904
1145	0.806904
1146	0.806904
1147	0.806904
1148	0.806904
1149	0.806904
1150	0.806904
1151	0.806904
1152	0.806904
1153	0.806904
1154	0.806904
1155	0.806904
1156	0.806904
1157	0.806904
1158	0.806904
1159	0.806904
1160	0.806904
1161	0.806904
1162	0.806904
1163	0.806904
1164	0.806904
1165	0.806904
1166	0.806904
1167	0.806904
1168	0.806904
1169	0.806904
1170	0.806904
1171	0.806904
1172	0.806904
1173	0.806904
1174	0.806904
1175	0.806904
1176	0.806904
1177	0.806904
1178	0.806904
1179	0.806904
1180	0.806904
1181	0.806904
1182	0.806904
1183	0.806904
1184	0.806904
1185	0.806904
1186	0.806904
1187	0.806904
1188	0.806904
1189	0.806904
1190	0.806904
1191	0.806904
1192	0.806904
1193	0.806904
1194	0.807573
1195	0.807573
1196	0.807573
1197	0.807573
1198	0.80947
1199	0.80947
1200	0.80947
1201	0.80947
1202	0.80947
1203	0.80947
1204	0.80947
1205	0.80947
1206	0.80947
1207	0.80947
1208	0.80947
1209	0.80947
1210	0.80947
1211	0.80947
1212	0.80947
1213	0.80947
1214	0.80947
1215	0.80947
1216	0.80947
1217	0.80947
1218	0.80947
1219	0.80947
1220	0.80947
1221	0.80947
1222	0.80947
1223	0.80947
1224	0.80947
1225	0.80947
1226	0.80947
1227	0.80947
1228	0.80947
1229	0.80947
1230	0.80947
1231	0.80947
1232	0.80947
1233	0.80947
1234	0.80947
1235	0.80947
1236	0.80947
1237	0.80947
1238	0.80947
1239	0.80947
1240	0.80947
1241	0.80947
1242	0.80947
1243	0.80947
1244	0.810167
1245	0.810167
1246	0.810167
1247	0.810167
1248	0.810167
1249	0.810167
1250	0.810167
1251	0.810167
1252	0.810167
1253	0.810167
1254	0.810167
1255	0.810167
1256	0.810167
1257	0.810167
1258	0.810167
1259	0.810167
1260	0.810167
1261	0.810167
1262	0.810167
1263	0.810167
1264	0.810167
1265	0.812008
1266	0.812008
1267	0.812008
1268	0.812008
1269	0.812008
1270	0.812008
1271	0.812008
1272	0.812008
1273	0.812008
1274	0.812008
1275	0.812008
1276	0.812008
1277	0.812008
1278	0.812008
1279	0.812008
1280	0.812008
1281	0.812008
1282	0.812008
1283	0.812008
1284	0.812008
1285	0.812008
1286	0.812008
1287	0.812008
1288	0.812008
1289	0.812008
1290	0.812008
1291	0.812008
1292	0.812008
1293	0.812008
1294	0.812008
1295	0.812008
1296	0.812008
1297	0.812008
1298	0.812008
1299	0.812008
1300	0.812008
1301	0.812008
1302	0.841939
1303	0.841939
1304	0.841939
1305	0.841939
1306	0.841939
1307	0.842176
1308	0.842176
1309	0.842176
1310	0.842176
1311	0.842176
1312	0.842176
1313	0.842176
1314	0.842176
1315	0.842176
1316	0.846541
1317	0.846541
1318	0.846541
1319	0.846541
1320	0.846541
1321	0.846541
1322	0.846541
1323	0.846541
1324	0.846541
1325	0.846541
1326	0.846541
1327	0.846541
1328	0.846541
1329	0.846541
1330	0.846541
1331	0.846541
1332	0.846541
1333	0.846541
1334	0.846541
1335	0.846541
1336	0.846541
1337	0.846541
1338	0.846541
1339	0.846541
1340	0.846541
1341	0.846541
1342	0.846541
1343	0.846541
1344	0.846541
1345	0.846541
1346	0.846541
1347	0.846541
1348	0.846541
1349	0.846541
1350	0.846541
1351	0.846541
1352	0.846541
1353	0.846541
1354	0.846541
1355	0.846541
1356	0.846541
1357	0.846541
1358	0.846541
1359	0.846541
1360	0.846541
1361	0.846541
1362	0.846541
1363	0.846541
1364	0.846541
1365	0.846541
1366	0.846541
1367	0.846541
1368	0.846541
1369	0.846541
1370	0.846541
1371	0.846541
1372	0.846541
1373	0.846541
1374	0.846541
1375	0.846541
1376	0.846541
1377	0.846541
1378	0.846541
1379	0.846541
1380	0.846541
1381	0.846541
1382	0.846541
1383	0.846541
1384	0.846541
1385	0.846541
1386	0.846541
1387	0.846541
1388	0.846541
1389	0.846541
1390	0.846541
1391	0.846541
1392	0.846541
1393	0.846541
1394	0.846541
1395	0.846541
1396	0.846541
1397	0.846541
1398	0.846541
1399	0.846541
1400	0.846541
1401	0.846541
1402	0.846541
1403	0.846541
1404	0.846541
1405	0.846541
1406	0.846541
1407	0.846541
1408	0.846541
1409	0.846541
1410	0.846541
1411	0.846541
1412	0.846541
1413	0.846541
1414	0.846541
1415	0.846541
1416	0.846541
1417	0.846541
1418	0.846541
1419	0.846541
1420	0.846541
1421	0.846541
1422	0.846541
1423	0.846541
1424	0.846541
1425	0.846541
1426	0.846541
1427	0.846541
1428	0.846541
1429	0.846541
1430	0.846541
1431	0.846541
1432	0.846541
1433	0.846541
1434	0.846541
1435	0.846541
1436	0.846541
1437	0.846541
1438	0.846541
1439	0.846541
1440	0.846541
1441	0.846541
1442	0.846541
1443	0.846541
1444	0.846541
1445	0.846541
1446	0.846541
1447	0.846541
1448	0.846541
1449	0.846541
1450	0.846541
1451	0.846541
1452	0.846541
1453	0.846597
1454	0.846597
1455	0.846597
1456	0.846597
1457	0.846597
1458	0.846597
1459	0.847727
1460	0.847727
1461	0.847727
1462	0.847727
1463	0.847727
1464	0.847727
1465	0.847727
1466	0.847727
1467	0.847727
1468	0.847727
1469	0.847727
1470	0.847727
1471	0.84795
1472	0.84795
1473	0.84795
1474	0.84795
1475	0.84795
1476	0.84795
1477	0.84795
1478	0.851604
1479	0.851604
1480	0.851604
1481	0.851604
1482	0.851604
1483	0.854993
1484	0.854993
1485	0.854993
1486	0.854993
1487	0.854993
1488	0.854993
1489	0.856416
1490	0.856416
1491	0.856416
1492	0.857838
1493	0.857838
1494	0.857838
1495	0.857838
1496	0.857838
1497	0.857838
1498	0.858075
1499	0.858075
1500	0.858075
1501	0.858075
1502	0.858075
1503	0.858075
1504	0.858075
1505	0.858075
1506	0.858075
1507	0.858075
1508	0.858075
1509	0.858075
1510	0.858075
1511	0.858075
1512	0.858075
1513	0.858075
1514	0.858075
1515	0.858075
1516	0.858075
1517	0.858075
1518	0.858075
1519	0.858075
1520	0.858075
1521	0.858075
1522	0.858075
1523	0.858075
1524	0.858075
1525	0.858075
1526	0.858075
1527	0.858075
1528	0.858075
1529	0.858075
1530	0.858075
1531	0.858075
1532	0.858075
1533	0.858075
1534	0.858075
1535	0.858075
1536	0.858075
1537	0.858075
1538	0.858075
1539	0.858075
1540	0.858298
1541	0.858298
1542	0.858298
1543	0.858298
1544	0.858298
1545	0.858298
1546	0.858298
1547	0.858298
1548	0.86053
1549	0.86053
1550	0.86053
1551	0.86053
1552	0.86053
1553	0.86053
1554	0.871883
1555	0.871883
1556	0.871883
1557	0.871883
1558	0.873305
1559	0.873305
1560	0.876151
1561	0.876151
1562	0.876151
1563	0.876625
1564	0.878996
1565	0.878996
1566	0.878996
1567	0.878996
1568	0.878996
1569	0.878996
1570	0.878996
1571	0.878996
1572	0.878996
1573	0.878996
1574	0.878996
1575	0.878996
1576	0.894644
1577	0.899861
1578	0.899861
1579	0.899861
1580	0.899861
1581	0.899861
1582	0.90477
1583	0.90477
1584	0.90477
1585	0.90477
1586	0.90477
1587	0.90477
1588	0.90477
1589	0.90477
1590	0.90477
1591	0.90477
1592	0.90477
1593	0.90477
1594	0.90477
1595	0.90477
1596	0.90477
1597	0.90477
1598	0.90477
1599	0.90477
1600	0.90477
1601	0.90477
1602	0.90477
1603	0.90477
1604	0.90477
1605	0.90477
1606	0.90477
1607	0.90477
1608	0.90477
1609	0.90477
1610	0.90477
1611	0.90477
1612	0.90477
1613	0.90477
1614	0.90477
1615	0.90477
1616	0.90477
1617	0.90477
1618	0.90477
1619	0.90477
1620	0.90477
1621	0.90477
1622	0.90477
1623	0.90477
1624	0.90477
1625	0.90477
1626	0.90477
1627	0.90477
1628	0.90477
1629	0.90477
1630	0.90477
1631	0.910683
1632	0.910683
1633	0.910683
1634	0.910683
1635	0.910683
1636	0.910683
1637	0.910683
1638	0.910683
1639	0.910683
1640	0.910683
1641	0.910683
1642	0.910683
1643	0.910683
1644	0.910683
1645	0.910683
1646	0.910683
1647	0.910683
1648	0.910683
1649	0.910683
1650	0.910683
1651	0.910683
1652	0.910683
1653	0.910683
1654	0.910683
1655	0.910683
1656	0.910683
1657	0.910683
1658	0.910683
1659	0.910683
1660	0.910683
1661	0.910683
1662	0.910683
1663	0.910683
1664	0.910683
1665	0.910683
1666	0.910683
1667	0.910683
1668	0.910683
1669	0.910683
1670	0.910683
1671	0.910683
1672	0.910683
1673	0.910683
1674	0.910683
1675	0.910683
1676	0.910683
1677	0.910683
1678	0.910683
1679	0.910683
1680	0.910683
1681	0.910683
1682	0.910683
1683	0.910683
1684	0.910683
1685	0.910683
1686	0.910683
1687	0.910683
1688	0.910683
1689	0.910683
1690	0.910683
1691	0.910683
1692	0.910683
1693	0.910683
1694	0.910683
1695	0.910683
1696	0.910683
1697	0.910683
1698	0.910683
1699	0.910683
1700	0.910683
1701	0.910683
1702	0.910683
1703	0.910683
1704	0.910683
1705	0.910683
1706	0.910683
1707	0.910683
1708	0.910683
1709	0.910683
1710	0.910683
1711	0.910683
1712	0.910683
1713	0.910683
1714	0.910683
1715	0.910683
1716	0.910683
1717	0.910683
1718	0.910683
1719	0.910683
1720	0.910683
1721	0.910683
1722	0.910683
1723	0.910683
1724	0.910683
1725	0.910683
1726	0.91304
1727	0.91304
1728	0.91304
1729	0.91304
1730	0.91304
1731	0.915718
1732	0.915718
1733	0.915718
1734	0.915718
1735	0.915718
1736	0.915718
1737	0.915718
1738	0.915718
1739	0.915718
1740	0.915718
1741	0.915718
1742	0.915718
1743	0.915718
1744	0.915718
1745	0.915718
1746	0.915718
1747	0.915718
1748	0.915718
1749	0.915718
1750	0.915718
1751	0.915718
1752	0.915718
1753	0.915718
1754	0.915718
1755	0.915718
1756	0.915718
1757	0.915718
1758	0.915718
1759	0.915718
1760	0.915718
1761	0.915718
1762	0.915718
1763	0.915718
1764	0.915718
1765	0.915718
1766	0.915718
1767	0.915718
1768	0.915718
1769	0.915718
1770	0.915718
1771	0.915718
1772	0.915718
1773	0.915718
1774	0.915718
1775	0.915718
1776	0.915718
1777	0.915718
1778	0.915718
1779	0.915718
1780	0.915718
1781	0.915718
1782	0.915718
1783	0.915718
1784	0.915718
1785	0.915718
1786	0.915718
1787	0.915718
1788	0.915718
1789	0.915718
1790	0.915718
1791	0.915718
1792	0.915718
1793	0.915718
1794	0.915718
1795	0.915718
1796	0.915718
1797	0.915718
1798	0.915718
1799	0.915718
1800	0.915718
1801	0.915718
1802	0.915718
1803	0.915718
1804	0.915718
1805	0.915718
1806	0.915718
1807	0.915718
1808	0.915718
1809	0.915718
1810	0.915718
1811	0.915718
1812	0.915718
1813	0.915718
1814	0.915718
1815	0.915718
1816	0.915718
1817	0.915718
1818	0.915718
1819	0.915718
1820	0.915718
1821	0.915718
1822	0.915718
1823	0.915718
1824	0.915718
1825	0.915718
1826	0.915718
1827	0.915718
1828	0.915718
1829	0.915718
1830	0.915718
1831	0.915718
1832	0.915718
1833	0.915718
1834	0.915718
1835	0.915718
1836	0.915718
1837	0.915718
1838	0.915718
1839	0.915718
1840	0.915718
1841	0.915718
1842	0.915718
1843	0.915718
1844	0.915718
1845	0.915718
1846	0.915718
1847	0.915718
1848	0.915718
1849	0.915718
1850	0.915718
1851	0.915718
1852	0.915718
1853	0.915718
1854	0.915718
1855	0.915718
1856	0.915718
1857	0.915718
1858	0.915718
1859	0.915718
1860	0.915718
1861	0.915718
1862	0.915718
1863	0.915718
1864	0.915718
1865	0.915718
1866	0.915718
1867	0.915718
1868	0.915718
1869	0.915718
1870	0.915718
1871	0.915718
1872	0.915718
1873	0.915718
1874	0.915718
1875	0.915718
1876	0.915718
1877	0.915718
1878	0.915718
1879	0.915718
1880	0.915718
1881	0.915718
1882	0.915718
1883	0.915718
1884	0.915718
1885	0.915718
1886	0.915718
1887	0.915718
1888	0.915718
1889	0.915718
1890	0.915718
1891	0.915718
1892	0.915718
1893	0.915718
1894	0.915718
1895	0.915718
1896	0.915718
1897	0.915718
1898	0.915718
1899	0.915718
1900	0.915718
1901	0.915718
1902	0.915718
1903	0.915718
1904	0.915718
1905	0.915718
1906	0.915718
1907	0.915718
1908	0.915718
1909	0.915718
1910	0.915718
1911	0.915718
1912	0.915718
1913	0.915718
1914	0.915718
1915	0.915718
1916	0.915718
1917	0.915718
1918	0.915718
1919	0.915718
1920	0.915718
1921	0.915718
1922	0.915718
1923	0.915718
1924	0.915718
1925	0.915718
1926	0.915718
1927	0.915718
1928	0.915718
1929	0.915718
1930	0.915718
1931	0.915718
1932	0.915718
1933	0.915718
1934	0.915718
1935	0.915718
1936	0.915718
1937	0.915718
1938	0.915718
1939	0.915718
1940	0.915718
1941	0.915718
1942	0.915718
1943	0.915718
1944	0.915718
1945	0.915718
1946	0.915718
1947	0.915718
1948	0.915718
1949	0.915718
1950	0.915718
1951	0.915718
1952	0.915718
1953	0.915718
1954	0.915718
1955	0.915718
1956	0.915718
1957	0.915718
1958	0.915718
1959	0.915718
1960	0.915718
1961	0.915718
1962	0.915718
1963	0.915718
1964	0.915718
1965	0.915718
1966	0.915718
1967	0.915718
1968	0.915718
1969	0.915718
1970	0.915718
1971	0.915718
1972	0.915718
1973	0.915718
1974	0.915718
1975	0.915718
1976	0.915718
1977	0.915718
1978	0.915718
1979	0.915718
1980	0.915718
1981	0.915718
1982	0.915718
1983	0.915718
1984	0.915718
1985	0.915718
1986	0.915718
1987	0.915718
1988	0.915718
1989	0.915718
1990	0.915718
1991	0.915718
1992	0.915718
1993	0.915718
1994	0.915718
1995	0.915718
1996	0.915718
1997	0.915718
1998	0.915718
1999	0.915718
2000	0.915718
2001	0.915718
2002	0.915718
2003	0.915718
2004	0.915718
2005	0.915718
2006	0.915718
2007	0.915718
2008	0.915718
2009	0.915718
2010	0.915718
2011	0.915718
2012	0.915718
2013	0.915718
2014	0.915718
2015	0.915718
2016	0.915718
2017	0.915718
2018	0.915718
2019	0.915718
2020	0.915718
2021	0.915718
2022	0.915718
2023	0.915718
2024	0.915718
2025	0.915718
2026	0.915718
2027	0.915718
2028	0.915718
2029	0.915718
2030	0.915718
2031	0.915718
2032	0.915718
2033	0.915718
2034	0.915718
2035	0.915718
2036	0.915718
2037	0.915718
2038	0.915718
2039	0.915718
2040	0.915718
2041	0.915718
2042	0.915718
2043	0.915718
2044	0.915718
2045	0.915718
2046	0.915718
2047	0.915718
2048	0.915718
2049	0.915718
2050	0.915718
2051	0.915718
2052	0.915718
2053	0.915718
2054	0.915718
2055	0.915718
2056	0.915718
2057	0.915718
2058	0.915718
2059	0.915718
2060	0.915718
2061	0.915718
2062	0.915718
2063	0.915718
2064	0.915718
2065	0.915718
2066	0.915718
2067	0.915718
2068	0.915718
2069	0.915718
2070	0.915718
2071	0.915718
2072	0.915718
2073	0.915718
2074	0.915718
2075	0.915718
2076	0.915718
2077	0.915718
2078	0.915718
2079	0.915718
2080	0.915718
2081	0.915718
2082	0.915718
2083	0.915718
2084	0.915718
2085	0.915718
2086	0.915718
2087	0.915718
2088	0.915718
2089	0.915718
2090	0.915718
2091	0.915718
2092	0.915718
2093	0.915718
2094	0.915718
2095	0.915718
2096	0.915718
2097	0.915718
2098	0.915718
2099	0.915718
2100	0.915718
2101	0.915718
2102	0.915718
2103	0.915718
2104	0.915718
2105	0.915718
2106	0.915718
2107	0.915718
2108	0.915718
2109	0.915718
2110	0.915718
2111	0.915718
2112	0.915718
2113	0.915718
2114	0.915718
2115	0.915718
2116	0.915718
2117	0.915718
2118	0.915718
2119	0.915718
2120	0.915718
2121	0.915718
2122	0.915718
2123	0.915718
2124	0.915718
2125	0.915718
2126	0.915718
2127	0.915718
2128	0.915718
2129	0.915718
2130	0.915718
2131	0.915718
2132	0.915718
2133	0.915718
2134	0.915718
2135	0.915718
2136	0.915718
2137	0.915718
2138	0.915718
2139	0.915718
2140	0.915718
2141	0.915718
2142	0.915718
2143	0.915718
2144	0.915718
2145	0.915718
2146	0.915718
2147	0.915718
2148	0.915718
2149	0.915718
2150	0.915718
2151	0.915718
2152	0.915718
2153	0.915718
2154	0.915718
2155	0.915718
2156	0.915718
2157	0.915718
2158	0.915718
2159	0.915718
2160	0.915718
2161	0.915718
2162	0.915718
2163	0.915718
2164	0.915718
2165	0.915718
2166	0.915718
2167	0.915718
2168	0.915718
2169	0.915718
2170	0.915718
2171	0.915718
2172	0.915718
2173	0.915718
2174	0.915718
2175	0.915718
2176	0.915718
2177	0.915718
2178	0.915718
2179	0.915718
2180	0.915718
2181	0.915718
2182	0.915718
2183	0.915718
2184	0.915718
2185	0.915718
2186	0.915718
2187	0.915718
2188	0.915718
2189	0.915718
2190	0.915718
2191	0.915718
2192	0.915718
2193	0.915718
2194	0.915718
2195	0.915718
2196	0.915718
2197	0.915718
2198	0.915718
2199	0.915718
2200	0.915718
2201	0.915718
2202	0.915718
2203	0.915718
2204	0.915718
2205	0.915718
2206	0.915718
2207	0.915718
2208	0.915718
2209	0.915718
2210	0.915718
2211	0.915718
2212	0.915718
2213	0.915718
2214	0.915718
2215	0.915718
2216	0.915718
2217	0.915718
2218	0.915718
2219	0.915718
2220	0.915718
2221	0.915718
2222	0.915718
2223	0.915718
2224	0.915718
2225	0.915718
2226	0.915718
2227	0.915718
2228	0.915718
2229	0.915718
2230	0.915718
2231	0.915718
2232	0.915718
2233	0.915718
2234	0.915718
2235	0.915718
2236	0.915718
2237	0.915718
2238	0.915718
2239	0.915718
2240	0.915718
2241	0.915718
2242	0.915718
2243	0.915718
2244	0.915718
2245	0.915718
2246	0.915718
2247	0.917057
2248	0.917057
2249	0.917057
2250	0.917057
2251	0.917057
2252	0.917057
2253	0.917057
2254	0.917057
2255	0.917057
2256	0.917057
2257	0.917057
2258	0.917057
2259	0.917057
2260	0.917057
2261	0.917057
2262	0.936918
2263	0.936918
2264	0.936918
2265	0.936918
2266	0.936918
2267	0.936918
2268	0.936918
2269	0.936918
2270	0.936918
2271	0.936918
2272	0.936918
2273	0.936918
2274	0.936918
2275	0.936918
2276	0.936918
2277	0.936918
2278	0.936918
2279	0.936918
2280	0.936918
2281	0.936918
2282	0.936918
2283	0.936918
2284	0.936918
2285	0.936918
2286	0.936918
2287	0.936918
2288	0.936918
2289	0.936918
2290	0.936918
2291	0.936918
2292	0.936918
2293	0.936918
2294	0.936918
2295	0.936918
2296	0.936918
2297	0.936918
2298	0.936918
2299	0.936918
2300	0.936918
2301	0.936918
2302	0.936918
2303	0.936918
2304	0.936918
2305	0.936918
2306	0.936918
2307	0.936918
2308	0.936918
2309	0.936918
2310	0.936918
2311	0.936918
2312	0.936918
2313	0.936918
2314	0.936918
2315	0.936918
2316	0.936918
2317	0.936918
2318	0.936918
2319	0.936918
2320	0.936918
2321	0.936918
2322	0.936918
2323	0.936918
2324	0.936918
2325	0.936918
2326	0.936918
2327	0.936918
2328	0.936918
2329	0.936918
2330	0.936918
2331	0.936918
2332	0.936918
2333	0.936918
2334	0.936918
2335	0.936918
2336	0.936918
2337	0.936918
2338	0.936918
2339	0.936918
2340	0.936918
2341	0.936918
2342	0.936918
2343	0.936918
2344	0.936918
2345	0.936918
2346	0.936918
2347	0.936918
2348	0.936918
2349	0.936918
2350	0.936918
2351	0.936918
2352	0.936918
2353	0.936918
2354	0.936918
2355	0.936918
2356	0.936918
2357	0.936918
2358	0.936918
2359	0.936918
2360	0.936918
2361	0.936918
2362	0.936918
2363	0.936918
2364	0.936918
2365	0.936918
2366	0.936918
2367	0.936918
2368	0.936918
2369	0.936918
2370	0.936918
2371	0.936918
2372	0.936918
2373	0.936918
2374	0.936918
2375	0.936918
2376	0.936918
2377	0.936918
2378	0.936918
2379	0.936918
2380	0.936918
2381	0.936918
2382	0.936918
2383	0.936918
2384	0.936918
2385	0.936918
2386	0.936918
2387	0.936918
2388	0.936918
2389	0.936918
2390	0.936918
2391	0.936918
2392	0.936918
2393	0.936918
2394	0.936918
2395	0.936918
2396	0.936918
2397	0.936918
2398	0.936918
2399	0.936918
2400	0.936918
2401	0.936918
2402	0.936918
2403	0.936918
2404	0.936918
2405	0.936918
2406	0.936918
2407	0.936918
2408	0.936918
2409	0.936918
2410	0.936918
2411	0.936918
2412	0.936918
2413	0.936918
2414	0.936918
2415	0.936918
2416	0.936918
2417	0.936918
2418	0.936918
2419	0.936918
2420	0.936918
2421	0.936918
2422	0.936918
2423	0.936918
2424	0.936918
2425	0.936918
2426	0.936918
2427	0.936918
2428	0.936918
2429	0.936918
2430	0.936918
2431	0.936918
2432	0.936918
2433	0.936918
2434	0.936918
2435	0.936918
2436	0.936918
2437	0.936918
2438	0.936918
2439	0.936918
2440	0.936918
2441	0.936918
2442	0.936918
2443	0.936918
2444	0.936918
2445	0.936918
2446	0.936918
2447	0.936918
2448	0.936918
2449	0.936918
2450	0.936918
2451	0.936918
2452	0.936918
2453	0.936918
2454	0.936918
2455	0.936918
2456	0.936918
2457	0.936918
2458	0.936918
2459	0.936918
2460	0.936918
2461	0.936918
2462	0.936918
2463	0.936918
2464	0.936918
2465	0.936918
2466	0.936918
2467	0.936918
2468	0.936918
2469	0.936918
2470	0.936918
2471	0.936918
2472	0.936918
2473	0.936918
2474	0.936918
2475	0.936918
2476	0.936918
2477	0.936918
2478	0.936918
2479	0.936918
2480	0.936918
2481	0.936918
2482	0.936918
2483	0.936918
2484	0.936918
2485	0.936918
2486	0.936918
2487	0.936918
2488	0.936918
2489	0.936918
2490	0.936918
2491	0.936918
2492	0.936918
2493	0.936918
2494	0.936918
2495	0.936918
2496	0.936918
2497	0.936918
2498	0.936918
2499	0.936918
2500	0.936918
2501	0.936918
2502	0.936918
2503	0.936918
2504	0.936918
2505	0.936918
2506	0.936918
2507	0.936918
2508	0.936918
2509	0.936918
2510	0.936918
2511	0.936918
2512	0.936918
2513	0.936918
2514	0.936918
2515	0.936918
2516	0.936918
2517	0.936918
2518	0.936918
2519	0.936918
2520	0.936918
2521	0.936918
2522	0.936918
2523	0.936918
2524	0.936918
2525	0.936918
2526	0.936918
2527	0.936918
2528	0.936918
2529	0.936918
2530	0.936918
2531	0.936918
2532	0.936918
2533	0.936918
2534	0.936918
2535	0.936918
2536	0.936918
2537	0.936918
2538	0.936918
2539	0.936918
2540	0.936918
2541	0.936918
2542	0.936918
2543	0.936918
2544	0.936918
2545	0.936918
2546	0.936918
2547	0.936918
2548	0.936918
2549	0.936918
2550	0.936918
2551	0.936918
2552	0.936918
2553	0.936918
2554	0.936918
2555	0.936918
2556	0.936918
2557	0.936918
2558	0.936918
2559	0.936918
2560	0.936918
2561	0.936918
2562	0.936918
2563	0.936918
2564	0.936918
2565	0.936918
2566	0.936918
2567	0.936918
2568	0.936918
2569	0.936918
2570	0.936918
2571	0.936918
2572	0.936918
2573	0.936918
2574	0.936918
2575	0.936918
2576	0.936918
2577	0.936918
2578	0.936918
2579	0.936918
2580	0.936918
2581	0.936918
2582	0.936918
2583	0.936918
2584	0.936918
2585	0.936918
2586	0.936918
2587	0.936918
2588	0.936918
2589	0.936918
2590	0.936918
2591	0.936918
2592	0.936918
2593	0.936918
2594	0.936918
2595	0.936918
2596	0.936918
2597	0.936918
2598	0.936918
2599	0.936918
2600	0.936918
2601	0.936918
2602	0.936918
2603	0.936918
2604	0.936918
2605	0.936918
2606	0.936918
2607	0.936918
2608	0.936918
2609	0.936918
2610	0.936918
2611	0.936918
2612	0.936918
2613	0.936918
2614	0.936918
2615	0.936918
2616	0.936918
2617	0.936918
2618	0.936918
2619	0.936918
2620	0.936918
2621	0.936918
2622	0.936918
2623	0.936918
2624	0.936918
2625	0.936918
2626	0.936918
2627	0.936918
2628	0.936918
2629	0.936918
2630	0.936918
2631	0.936918
2632	0.936918
2633	0.936918
2634	0.936918
2635	0.936918
2636	0.936918
2637	0.936918
2638	0.936918
2639	0.936918
2640	0.936918
2641	0.936918
2642	0.936918
2643	0.936918
2644	0.936918
2645	0.936918
2646	0.936918
2647	0.936918
2648	0.936918
2649	0.936918
2650	0.936918
2651	0.936918
2652	0.936918
2653	0.936918
2654	0.936918
2655	0.936918
2656	0.936918
2657	0.936918
2658	0.936918
2659	0.936918
2660	0.936918
2661	0.936918
2662	0.936918
2663	0.936918
2664	0.936918
2665	0.936918
2666	0.936918
2667	0.936918
2668	0.936918
2669	0.936918
2670	0.936918
2671	0.936918
2672	0.936918
2673	0.936918
2674	0.936918
2675	0.936918
2676	0.936918
2677	0.936918
2678	0.936918
2679	0.936918
2680	0.936918
2681	0.936918
2682	0.936918
2683	0.936918
2684	0.936918
2685	0.936918
2686	0.936918
2687	0.936918
2688	0.936918
2689	0.936918
2690	0.936918
2691	0.936918
2692	0.936918
2693	0.936918
2694	0.936918
2695	0.936918
2696	0.936918
2697	0.936918
2698	0.936918
2699	0.936918
2700	0.936918
2701	0.936918
2702	0.936918
2703	0.936918
2704	0.936918
2705	0.936918
2706	0.936918
2707	0.936918
2708	0.936918
2709	0.936918
2710	0.936918
2711	0.936918
2712	0.936918
2713	0.936918
2714	0.936918
2715	0.936918
2716	0.936918
2717	0.936918
2718	0.936918
2719	0.936918
2720	0.936918
2721	0.936918
2722	0.936918
2723	0.936918
2724	0.936918
2725	0.936918
2726	0.936918
2727	0.936918
2728	0.936918
2729	0.936918
2730	0.936918
2731	0.936918
2732	0.936918
2733	0.936918
2734	0.936918
2735	0.936918
2736	0.936918
2737	0.936918
2738	0.936918
2739	0.939303
2740	0.939303
2741	0.939303
2742	0.939303
2743	0.939303
2744	0.939303
2745	0.939303
2746	0.939303
2747	0.939303
2748	0.939303
2749	0.939303
2750	0.939303
2751	0.939303
2752	0.939303
2753	0.939303
2754	0.939303
2755	0.939303
2756	0.939303
2757	0.939303
2758	0.939303
2759	0.939303
2760	0.939303
2761	0.939303
2762	0.939303
2763	0.939303
2764	0.939303
2765	0.939303
2766	0.939303
2767	0.939303
2768	0.939303
2769	0.939303
2770	0.939303
2771	0.939303
2772	0.939303
2773	0.939303
2774	0.939303
2775	0.939303
2776	0.939303
2777	0.939303
2778	0.939303
2779	0.939303
2780	0.939303
2781	0.939303
2782	0.939303
2783	0.939303
2784	0.939303
2785	0.939303
2786	0.939303
2787	0.939303
2788	0.939303
2789	0.939303
2790	0.939303
2791	0.939303
2792	0.939303
2793	0.939303
2794	0.939303
2795	0.939303
2796	0.939303
2797	0.939303
2798	0.939303
2799	0.939303
2800	0.939303
2801	0.939303
2802	0.939303
2803	0.939303
2804	0.939303
2805	0.939303
2806	0.939303
2807	0.939303
2808	0.939303
2809	0.939303
2810	0.939303
2811	0.939303
2812	0.939303
2813	0.939303
2814	0.939303
2815	0.939303
2816	0.939303
2817	0.939303
2818	0.939303
2819	0.939303
2820	0.939303
2821	0.939303
2822	0.939303
2823	0.939303
2824	0.939303
2825	0.939303
2826	0.939303
2827	0.939303
2828	0.939303
2829	0.939303
2830	0.939303
2831	0.939303
2832	0.939303
2833	0.939303
2834	0.939303
2835	0.939303
2836	0.939303
2837	0.939303
2838	0.939303
2839	0.939303
2840	0.939303
2841	0.939303
2842	0.939303
2843	0.939303
2844	0.939303
2845	0.939303
2846	0.939303
2847	0.939303
2848	0.939303
2849	0.939303
2850	0.939303
2851	0.939303
2852	0.939303
2853	0.939303
2854	0.939303
2855	0.939303
2856	0.939303
2857	0.939303
2858	0.939303
2859	0.939303
2860	0.939303
2861	0.939303
2862	0.939303
2863	0.939303
2864	0.939303
2865	0.939303
2866	0.939303
2867	0.939303
2868	0.939303
2869	0.939303
2870	0.939303
2871	0.939303
2872	0.939303
2873	0.939303
2874	0.939303
2875	0.939303
2876	0.939303
2877	0.939303
2878	0.939303
2879	0.939303
2880	0.939303
2881	0.939303
2882	0.939303
2883	0.939303
2884	0.939303
2885	0.939303
2886	0.939303
2887	0.939303
2888	0.939303
2889	0.939303
2890	0.939303
2891	0.939303
2892	0.939303
2893	0.939303
2894	0.939303
2895	0.939303
2896	0.939303
2897	0.939303
2898	0.939303
2899	0.939303
2900	0.939303
2901	0.939303
2902	0.939303
2903	0.939303
2904	0.939303
2905	0.939303
2906	0.939303
2907	0.939303
2908	0.939303
2909	0.939303
2910	0.939303
2911	0.939303
2912	0.939303
2913	0.939303
2914	0.939303
2915	0.939303
2916	0.939303
2917	0.939303
2918	0.939303
2919	0.939303
2920	0.939303
2921	0.939303
2922	0.939303
2923	0.939303
2924	0.939303
2925	0.939303
2926	0.939303
2927	0.939303
2928	0.939303
2929	0.939303
2930	0.939303
2931	0.939303
2932	0.939303
2933	0.939303
2934	0.939303
2935	0.939303
2936	0.939303
2937	0.939303
2938	0.939303
2939	0.939303
2940	0.939303
2941	0.939303
2942	0.939303
2943	0.939303
2944	0.939303
2945	0.939303
2946	0.939303
2947	0.939303
2948	0.939303
2949	0.939303
2950	0.939303
2951	0.939303
2952	0.939303
2953	0.939303
2954	0.939303
2955	0.939303
2956	0.939303
2957	0.939303
2958	0.939303
2959	0.939303
2960	0.939303
2961	0.939303
2962	0.939303
2963	0.939303
2964	0.939303
2965	0.939303
2966	0.939303
2967	0.939303
2968	0.939303
2969	0.939303
2970	0.939303
2971	0.939303
2972	0.939303
2973	0.939303
2974	0.939303
2975	0.939303
2976	0.939303
2977	0.939303
2978	0.939303
2979	0.939303
2980	0.939303
2981	0.939303
2982	0.939303
2983	0.939303
2984	0.939303
2985	0.939303
2986	0.939303
2987	0.939303
2988	0.939303
2989	0.939303
2990	0.939303
2991	0.939303
2992	0.939303
2993	0.939303
2994	0.939303
2995	0.939303
2996	0.939303
2997	0.939303
2998	0.939303
2999	0.939303
3000	0.939303
3001	0.939303
3002	0.939303
3003	0.939303
3004	0.939303
3005	0.939303
3006	0.939303
3007	0.939303
3008	0.939303
3009	0.939303
3010	0.939303
3011	0.939303
3012	0.939303
3013	0.939303
3014	0.939303
3015	0.939303
3016	0.939303
3017	0.939303
3018	0.939303
3019	0.939303
3020	0.939303
3021	0.939303
3022	0.939303
3023	0.939303
3024	0.939303
3025	0.939303
3026	0.939303
3027	0.939303
3028	0.939303
3029	0.939303
3030	0.939303
3031	0.939303
3032	0.939303
3033	0.939303
3034	0.939303
3035	0.939303
3036	0.939303
3037	0.939303
3038	0.939303
3039	0.939303
3040	0.939303
3041	0.939303
3042	0.939303
3043	0.939303
3044	0.939303
3045	0.939303
3046	0.939303
3047	0.939303
3048	0.939303
3049	0.939303
3050	0.939303
3051	0.939303
3052	0.939303
3053	0.939303
3054	0.939303
3055	0.939303
3056	0.939303
3057	0.939303
3058	0.939303
3059	0.939303
3060	0.939303
3061	0.939303
3062	0.939303
3063	0.939303
3064	0.939303
3065	0.939303
3066	0.939303
3067	0.939303
3068	0.939303
3069	0.939303
3070	0.939303
3071	0.939303
3072	0.939303
3073	0.939303
3074	0.939303
3075	0.939303
3076	0.939303
3077	0.939303
3078	0.939303
3079	0.939303
3080	0.939303
3081	0.939303
3082	0.939303
3083	0.939303
3084	0.939303
3085	0.939303
3086	0.939303
3087	0.939303
3088	0.939303
3089	0.939303
3090	0.939303
3091	0.939303
3092	0.939303
3093	0.939303
3094	0.939303
3095	0.939303
3096	0.939303
3097	0.939303
3098	0.939303
3099	0.939303
3100	0.939303
3101	0.939303
3102	0.939303
3103	0.939303
3104	0.939303
3105	0.939303
3106	0.939303
3107	0.939303
3108	0.939303
3109	0.939303
3110	0.939303
3111	0.939303
3112	0.939303
3113	0.939303
3114	0.939303
3115	0.939303
3116	0.939303
3117	0.939303
3118	0.939303
3119	0.939303
3120	0.939303
3121	0.939303
3122	0.939303
3123	0.939303
3124	0.939303
3125	0.939303
3126	0.939303
3127	0.939303
3128	0.939303
3129	0.939303
3130	0.939303
3131	0.939303
3132	0.958494
3133	0.958494
3134	0.958494
3135	0.958494
3136	0.958494
3137	0.958494
3138	0.958494
3139	0.958494
3140	0.958494
3141	0.958494
3142	0.958494
3143	0.958494
3144	0.958494
3145	0.958494
3146	0.958494
3147	0.958494
3148	0.958494
3149	0.958494
3150	0.958494
3151	0.958494
3152	0.958494
3153	0.958494
3154	0.958494
3155	0.958494
3156	0.958494
3157	0.958494
3158	0.958494
3159	0.958494
3160	0.958494
3161	0.958494
3162	0.958494
3163	0.958494
3164	0.958494
3165	0.958494
3166	0.958494
3167	0.958494
3168	0.958494
3169	0.958494
3170	0.958494
3171	0.958494
3172	0.958494
3173	0.958494
3174	0.958494
3175	0.958494
3176	0.958494
3177	0.958494
3178	0.958494
3179	0.958494
3180	0.958494
3181	0.958494
3182	0.958494
3183	0.958494
3184	0.958494
3185	0.958494
3186	0.958494
3187	0.958494
3188	0.958494
3189	0.958494
3190	0.958494
3191	0.958494
3192	0.958494
3193	0.958494
3194	0.958494
3195	0.958494
3196	0.958494
3197	0.958494
3198	0.958494
3199	0.958494
3200	0.958494
3201	0.958494
3202	0.958494
3203	0.958494
3204	0.958494
3205	0.958494
3206	0.958494
3207	0.958494
3208	0.958494
3209	0.958494
3210	0.958494
3211	0.958494
3212	0.958494
3213	0.958494
3214	0.958494
3215	0.958494
3216	0.958494
3217	0.958494
3218	0.958494
3219	0.958494
3220	0.958494
3221	0.958494
3222	0.958494
3223	0.958494
3224	0.958494
3225	0.958494
3226	0.958494
3227	0.958494
3228	0.958494
3229	0.958494
3230	0.958494
3231	0.958494
3232	0.958494
3233	0.958494
3234	0.958494
3235	0.958494
3236	0.958494
3237	0.958494
3238	0.958494
3239	0.958494
3240	0.958494
3241	0.958494
3242	0.958494
3243	0.958494
3244	0.958494
3245	0.958494
3246	0.958494
3247	0.958494
3248	0.958494
3249	0.958494
3250	0.958494
3251	0.958494
3252	0.958494
3253	0.958494
3254	0.958494
3255	0.958494
3256	0.958494
3257	0.958494
3258	0.958494
3259	0.958494
3260	0.958494
3261	0.958494
3262	0.958494
3263	0.958494
3264	0.958494
3265	0.958494
3266	0.958494
3267	0.958494
3268	0.958494
3269	0.958494
3270	0.958494
3271	0.958494
3272	0.958494
3273	0.958494
3274	0.958494
3275	0.958494
3276	0.958494
3277	0.958494
3278	0.958494
3279	0.958494
3280	0.958494
3281	0.958494
3282	0.958494
3283	0.958494
3284	0.958494
3285	0.958494
3286	0.958494
3287	0.958494
3288	0.958494
3289	0.958494
3290	0.958494
3291	0.958494
3292	0.958494
3293	0.958494
3294	0.958494
3295	0.958494
3296	0.958494
3297	0.958494
3298	0.958494
3299	0.958494
3300	0.958494
3301	0.958494
3302	0.958494
3303	0.958494
3304	0.958494
3305	0.958494
3306	0.958494
3307	0.958494
3308	0.958494
3309	0.958494
3310	0.958494
3311	0.958494
3312	0.958494
3313	0.958494
3314	0.958494
3315	0.958494
3316	0.958494
3317	0.958494
3318	0.958494
3319	0.958494
3320	0.958494
3321	0.958494
3322	0.958494
3323	0.958494
3324	0.958494
3325	0.958494
3326	0.958494
3327	0.958494
3328	0.958494
3329	0.958494
3330	0.958494
3331	0.958494
3332	0.958494
3333	0.958494
3334	0.958494
3335	0.958494
3336	0.958494
3337	0.958494
3338	0.958494
3339	0.958494
3340	0.958494
3341	0.958494
3342	0.958494
3343	0.958494
3344	0.958494
3345	0.958494
3346	0.958494
3347	0.958494
3348	0.958494
3349	0.958494
3350	0.958494
3351	0.958494
3352	0.958494
3353	0.958494
3354	0.958494
3355	0.958494
3356	0.958494
3357	0.958494
3358	0.958494
3359	0.958494
3360	0.958494
3361	0.958494
3362	0.958494
3363	0.958494
3364	0.958494
3365	0.958494
3366	0.958494
3367	0.958494
3368	0.958494
3369	0.958494
3370	0.958494
3371	0.958494
3372	0.958494
3373	0.958494
3374	0.958494
3375	0.958494
3376	0.958494
3377	0.958494
3378	0.958494
3379	0.958494
3380	0.958494
3381	0.958494
3382	0.958494
3383	0.958494
3384	0.958494
3385	0.958494
3386	0.958494
3387	0.958494
3388	0.958494
3389	0.958494
3390	0.958494
3391	0.958494
3392	0.958494
3393	0.958494
3394	0.958494
3395	0.958494
3396	0.958494
3397	0.958494
3398	0.958717
3399	0.958717
3400	0.958717
3401	0.958717
3402	0.958717
3403	0.958717
3404	0.958717
3405	0.958717
3406	0.958717
3407	0.958717
3408	0.958717
3409	0.958717
3410	0.958717
3411	0.958717
3412	0.958717
3413	0.958717
3414	0.958717
3415	0.958717
3416	0.958717
3417	0.958717
3418	0.958717
3419	0.958717
3420	0.958717
3421	0.958717
3422	0.958717
3423	0.958717
3424	0.958717
3425	0.958717
3426	0.958717
3427	0.958717
3428	0.958717
3429	0.958717
3430	0.958717
3431	0.958717
3432	0.958717
3433	0.958717
3434	0.958717
3435	0.958717
3436	0.958717
3437	0.958717
3438	0.958717
3439	0.958717
3440	0.958717
3441	0.958717
3442	0.958717
3443	0.958717
3444	0.958717
3445	0.958717
3446	0.958717
3447	0.958717
3448	0.958717
3449	0.958717
3450	0.958717
3451	0.958717
3452	0.958717
3453	0.958717
3454	0.958717
3455	0.958717
3456	0.958717
3457	0.958717
3458	0.958717
3459	0.958717
3460	0.958717
3461	0.958717
3462	0.958717
3463	0.958717
3464	0.958717
3465	0.958717
3466	0.958717
3467	0.958717
3468	0.958717
3469	0.958717
3470	0.958717
3471	0.958717
3472	0.958717
3473	0.958717
3474	0.958717
3475	0.958717
3476	0.958717
3477	0.958717
3478	0.958717
3479	0.958717
3480	0.958717
3481	0.958717
3482	0.958717
3483	0.958717
3484	0.958717
3485	0.958717
3486	0.958717
3487	0.958717
3488	0.958717
3489	0.958717
3490	0.958717
3491	0.958717
3492	0.958717
3493	0.958717
3494	0.958717
3495	0.958717
3496	0.958717
3497	0.958717
3498	0.958717
3499	0.958717
3500	0.958717
3501	0.958717
3502	0.958717
3503	0.958717
3504	0.958717
3505	0.958717
3506	0.958717
3507	0.958717
3508	0.958717
3509	0.958717
3510	0.958717
3511	0.958717
3512	0.958717
3513	0.958717
3514	0.958717
3515	0.958717
3516	0.958717
3517	0.958717
3518	0.958717
3519	0.958717
3520	0.958717
3521	0.958717
3522	0.958717
3523	0.958717
3524	0.958717
3525	0.958717
3526	0.958717
3527	0.958717
3528	0.958717
3529	0.958717
3530	0.958717
3531	0.958717
3532	0.958717
3533	0.958717
3534	0.958717
3535	0.958717
3536	0.958717
3537	0.958717
3538	0.958717
3539	0.958717
3540	0.958717
3541	0.958717
3542	0.958717
3543	0.958717
3544	0.958717
3545	0.958717
3546	0.958717
3547	0.958717
3548	0.958717
3549	0.958717
3550	0.958717
3551	0.958717
3552	0.958717
3553	0.958717
3554	0.958717
3555	0.958717
3556	0.958717
3557	0.958717
3558	0.958717
3559	0.958717
3560	0.958717
3561	0.958717
3562	0.958717
3563	0.958717
3564	0.958717
3565	0.958717
3566	0.958717
3567	0.958717
3568	0.958717
3569	0.958717
3570	0.958717
3571	0.958717
3572	0.958717
3573	0.958717
3574	0.958717
3575	0.958717
3576	0.958717
3577	0.958717
3578	0.958717
3579	0.958717
3580	0.958717
3581	0.958717
3582	0.958717
3583	0.958717
3584	0.958717
3585	0.958717
3586	0.958717
3587	0.958717
3588	0.958717
3589	0.958717
3590	0.958717
3591	0.958717
3592	0.958717
3593	0.958717
3594	0.958717
3595	0.958717
3596	0.958717
3597	0.958717
3598	0.958717
3599	0.958717
3600	0.958717
3601	0.958717
3602	0.958717
3603	0.958717
3604	0.958717
3605	0.958717
3606	0.958717
3607	0.958717
3608	0.958717
3609	0.958717
3610	0.958717
3611	0.958717
3612	0.958717
3613	0.958717
3614	0.958717
3615	0.958717
3616	0.958717
3617	0.958717
3618	0.958717
3619	0.958717
3620	0.958717
3621	0.958717
3622	0.958717
3623	0.958717
3624	0.958717
3625	0.958717
3626	0.958717
3627	0.958717
3628	0.958717
3629	0.958717
3630	0.958717
3631	0.958717
3632	0.958717
3633	0.958717
3634	0.958717
3635	0.958717
3636	0.958717
3637	0.958717
3638	0.958717
3639	0.958717
3640	0.958717
3641	0.958717
3642	0.958717
3643	0.958717
3644	0.958717
3645	0.958717
3646	0.958717
3647	0.958717
3648	0.958717
3649	0.958717
3650	0.958717
3651	0.958717
3652	0.958717
3653	0.958717
3654	0.958717
3655	0.958717
3656	0.958717
3657	0.958717
3658	0.958717
3659	0.958717
3660	0.958717
3661	0.958717
3662	0.958717
3663	0.958717
3664	0.958717
3665	0.958717
3666	0.958717
3667	0.958717
3668	0.958717
3669	0.958717
3670	0.958717
3671	0.958717
3672	0.958717
3673	0.958717
3674	0.958717
3675	0.958717
3676	0.958717
3677	0.958717
3678	0.958717
3679	0.958717
3680	0.958717
3681	0.958717
3682	0.958717
3683	0.958717
3684	0.958717
3685	0.958717
3686	0.958717
3687	0.958717
3688	0.958717
3689	0.958717
3690	0.958717
3691	0.958717
3692	0.958717
3693	0.958717
3694	0.958717
3695	0.958717
3696	0.958717
3697	0.958717
3698	0.958717
3699	0.958717
3700	0.958717
3701	0.958717
3702	0.958717
3703	0.958717
3704	0.958717
3705	0.958717
3706	0.958717
3707	0.958717
3708	0.958717
3709	0.958717
3710	0.958717
3711	0.958717
3712	0.958717
3713	0.958717
3714	0.958717
3715	0.958717
3716	0.958717
3717	0.958717
3718	0.958717
3719	0.958717
3720	0.958717
3721	0.958717
3722	0.958717
3723	0.958717
3724	0.958717
3725	0.958717
3726	0.958717
3727	0.958717
3728	0.958717
3729	0.958717
3730	0.958717
3731	0.958717
3732	0.958717
3733	0.958717
3734	0.958717
3735	0.958717
3736	0.958717
3737	0.958717
3738	0.958717
3739	0.958717
3740	0.958717
3741	0.958717
3742	0.958717
3743	0.958717
3744	0.958717
3745	0.958717
3746	0.958717
3747	0.958717
3748	0.958717
3749	0.958717
3750	0.958717
3751	0.958717
3752	0.958717
3753	0.958717
3754	0.958717
3755	0.958717
3756	0.958717
3757	0.958717
3758	0.958717
3759	0.958717
3760	0.958717
3761	0.958717
3762	0.958717
3763	0.958717
3764	0.958717
3765	0.958717
3766	0.958717
3767	0.958717
3768	0.958717
3769	0.958717
3770	0.958717
3771	0.958717
3772	0.958717
3773	0.958717
3774	0.958717
3775	0.958717
3776	0.958717
3777	0.958717
3778	0.958717
3779	0.958717
3780	0.958717
3781	0.958717
3782	0.958717
3783	0.958717
3784	0.958717
3785	0.958717
3786	0.958717
3787	0.958717
3788	0.958717
3789	0.958717
3790	0.958717
3791	0.958717
3792	0.958717
3793	0.958717
3794	0.958717
3795	0.958717
3796	0.958717
3797	0.958717
3798	0.958717
3799	0.958717
3800	0.958717
3801	0.958717
3802	0.958717
3803	0.958717
3804	0.958717
3805	0.958717
3806	0.958717
3807	0.958717
3808	0.958717
3809	0.958717
3810	0.958717
3811	0.958717
3812	0.958717
3813	0.958717
3814	0.958717
3815	0.958717
3816	0.958717
3817	0.958717
3818	0.958717
3819	0.958717
3820	0.958717
3821	0.958717
3822	0.958717
3823	0.958717
3824	0.958717
3825	0.958717
3826	0.958717
3827	0.958717
3828	0.958717
3829	0.958717
3830	0.958717
3831	0.958717
3832	0.958717
3833	0.958717
3834	0.958717
3835	0.958717
3836	0.958717
3837	0.958717
3838	0.958717
3839	0.958717
3840	0.958717
3841	0.958717
3842	0.958717
3843	0.958717
3844	0.958717
3845	0.958717
3846	0.958717
3847	0.958717
3848	0.958717
3849	0.958717
3850	0.958717
3851	0.958717
3852	0.958717
3853	0.958717
3854	0.958717
3855	0.958717
3856	0.958717
3857	0.958717
3858	0.958717
3859	0.958717
3860	0.958717
3861	0.958717
3862	0.958717
3863	0.958717
3864	0.958717
3865	0.958717
3866	0.958717
3867	0.958717
3868	0.958717
3869	0.958717
3870	0.958717
3871	0.958717
3872	0.958717
3873	0.958717
3874	0.958717
3875	0.958717
3876	0.958717
3877	0.958717
3878	0.958717
3879	0.958717
3880	0.958717
3881	0.958717
3882	0.958717
3883	0.958717
3884	0.958717
3885	0.958717
3886	0.958717
3887	0.958717
3888	0.958717
3889	0.958717
3890	0.958717
3891	0.958717
3892	0.958717
3893	0.958717
3894	0.958717
3895	0.958717
3896	0.958717
3897	0.958717
3898	0.958717
3899	0.958717
3900	0.958717
3901	0.958717
3902	0.958717
3903	0.958717
3904	0.958717
3905	0.958717
3906	0.958717
3907	0.958717
3908	0.958717
3909	0.958717
3910	0.958717
3911	0.958717
3912	0.958717
3913	0.958717
3914	0.958717
3915	0.958717
3916	0.958717
3917	0.958717
3918	0.958717
3919	0.958717
3920	0.958717
3921	0.958717
3922	0.958717
3923	0.958717
3924	0.958717
3925	0.958717
3926	0.958717
3927	0.958717
3928	0.958717
3929	0.958717
3930	0.958717
3931	0.958717
3932	0.958717
3933	0.958717
3934	0.958717
3935	0.958717
3936	0.958717
3937	0.958717
3938	0.958717
3939	0.958717
3940	0.958717
3941	0.958717
3942	0.958717
3943	0.958717
3944	0.958717
3945	0.958717
3946	0.958717
3947	0.958717
3948	0.958717
3949	0.958717
3950	0.958717
3951	0.958717
3952	0.958717
3953	0.958717
3954	0.958717
3955	0.958717
3956	0.958717
3957	0.958717
3958	0.958717
3959	0.958717
3960	0.958717
3961	0.958717
3962	0.958717
3963	0.958717
3964	0.958717
3965	0.958717
3966	0.958717
3967	0.958717
3968	0.958717
3969	0.958717
3970	0.958717
3971	0.958717
3972	0.958717
3973	0.958717
3974	0.958717
3975	0.958717
3976	0.958717
3977	0.958717
3978	0.958717
3979	0.958717
3980	0.958717
3981	0.958717
3982	0.958717
3983	0.958717
3984	0.958717
3985	0.958717
3986	0.958717
3987	0.958717
3988	0.958717
3989	0.958717
3990	0.958717
3991	0.958717
3992	0.958717
3993	0.958717
3994	0.958717
3995	0.958717
3996	0.958717
3997	0.958717
3998	0.958717
3999	0.958717
4000	0.958717
4001	0.958717
4002	0.958717
4003	0.958717
4004	0.958717
4005	0.958717
4006	0.958717
4007	0.958717
4008	0.958717
4009	0.958717
4010	0.958717
4011	0.958717
4012	0.958717
4013	0.958717
4014	0.958717
4015	0.958717
4016	0.958717
4017	0.958717
4018	0.958717
4019	0.958717
4020	0.958717
4021	0.958717
4022	0.958717
4023	0.958717
4024	0.958717
4025	0.958717
4026	0.958717
4027	0.958717
4028	0.958717
4029	0.958717
4030	0.958717
4031	0.958717
4032	0.958717
4033	0.958717
4034	0.958717
4035	0.958717
4036	0.958717
4037	0.958717
4038	0.958717
4039	0.958717
4040	0.958717
4041	0.958717
4042	0.958717
4043	0.958717
4044	0.958717
4045	0.958717
4046	0.958717
4047	0.958717
4048	0.958717
4049	0.958717
4050	0.958717
4051	0.958717
4052	0.958717
4053	0.958717
4054	0.958717
4055	0.958717
4056	0.958717
4057	0.958717
4058	0.958717
4059	0.958717
4060	0.958717
4061	0.958717
4062	0.958717
4063	0.958717
4064	0.958717
4065	0.958717
4066	0.958717
4067	0.958717
4068	0.958717
4069	0.958717
4070	0.958717
4071	0.958717
4072	0.958717
4073	0.958717
4074	0.958717
4075	0.958717
4076	0.958717
4077	0.958717
4078	0.958717
4079	0.958717
4080	0.958717
4081	0.958717
4082	0.958717
4083	0.958717
4084	0.958717
4085	0.958717
4086	0.958717
4087	0.958717
4088	0.958717
4089	0.958717
4090	0.958717
4091	0.958717
4092	0.958717
4093	0.958717
4094	0.958717
4095	0.958717
4096	0.958717
4097	0.958717
4098	0.958717
4099	0.958717
4100	0.958717
4101	0.958717
4102	0.958717
4103	0.958717
4104	0.958717
4105	0.958717
4106	0.958717
4107	0.958717
4108	0.958717
4109	0.958717
4110	0.958717
4111	0.958717
4112	0.958717
4113	0.958717
4114	0.958717
4115	0.958717
4116	0.958717
4117	0.958717
4118	0.958717
4119	0.958717
4120	0.958717
4121	0.958717
4122	0.958717
4123	0.958717
4124	0.958717
4125	0.958717
4126	0.958717
4127	0.958717
4128	0.958717
4129	0.958717
4130	0.958717
4131	0.958717
4132	0.958717
4133	0.958717
4134	0.958717
4135	0.958717
4136	0.958717
4137	0.958717
4138	0.958717
4139	0.958717
4140	0.958717
4141	0.958717
4142	0.958717
4143	0.958717
4144	0.958717
4145	0.958717
4146	0.958717
4147	0.958717
4148	0.958717
4149	0.958717
4150	0.958717
4151	0.958717
4152	0.958717
4153	0.958717
4154	0.958717
4155	0.958717
4156	0.958717
4157	0.958717
4158	0.958717
4159	0.958717
4160	0.958717
4161	0.958717
4162	0.958717
4163	0.958717
4164	0.958717
4165	0.958717
4166	0.958717
4167	0.958717
4168	0.958717
4169	0.958717
4170	0.958717
4171	0.958717
4172	0.958717
4173	0.958717
4174	0.958717
4175	0.958717
4176	0.958717
4177	0.958717
4178	0.958717
4179	0.958717
4180	0.958717
4181	0.958717
4182	0.958717
4183	0.958717
4184	0.958717
4185	0.958717
4186	0.958717
4187	0.958717
4188	0.958717
4189	0.958717
4190	0.958717
4191	0.958717
4192	0.958717
4193	0.958717
4194	0.958717
4195	0.958717
4196	0.958717
4197	0.958717
4198	0.958717
4199	0.958717
4200	0.958717
4201	0.958717
4202	0.958717
4203	0.958717
4204	0.958717
4205	0.958717
4206	0.958717
4207	0.958717
4208	0.958717
4209	0.958717
4210	0.958717
4211	0.958717
4212	0.958717
4213	0.958717
4214	0.958717
4215	0.958717
4216	0.958717
4217	0.958717
4218	0.959386
4219	0.959386
4220	0.960502
4221	0.960502
4222	0.960502
4223	0.961395
4224	0.961395
4225	0.961395
4226	0.961395
4227	0.961395
4228	0.961395
4229	0.961395
4230	0.961395
4231	0.961395
4232	0.961395
4233	0.961395
4234	0.961395
4235	0.961395
4236	0.961395
4237	0.961395
4238	0.961395
4239	0.961395
4240	0.961395
4241	0.961395
4242	0.961395
4243	0.961395
4244	0.961395
4245	0.961395
4246	0.961395
4247	0.961395
4248	0.961395
4249	0.961395
4250	0.961395
4251	0.961395
4252	0.961395
4253	0.961395
4254	0.961395
4255	0.961395
4256	0.961395
4257	0.961395
4258	0.961395
4259	0.961395
4260	0.961395
4261	0.961395
4262	0.961395
4263	0.961395
4264	0.961395
4265	0.961395
4266	0.961395
4267	0.961395
4268	0.961395
4269	0.961395
4270	0.961395
4271	0.961395
4272	0.961395
4273	0.961395
4274	0.961395
4275	0.961395
4276	0.961395
4277	0.961395
4278	0.961395
4279	0.961395
4280	0.961395
4281	0.961395
4282	0.961395
4283	0.961395
4284	0.961395
4285	0.961395
4286	0.961395
4287	0.961395
4288	0.961395
4289	0.961395
4290	0.961395
4291	0.961395
4292	0.961395
4293	0.961395
4294	0.961395
4295	0.961395
4296	0.961395
4297	0.961395
4298	0.961395
4299	0.961395
4300	0.961395
4301	0.961395
4302	0.961395
4303	0.961395
4304	0.961395
4305	0.961395
4306	0.961395
4307	0.961395
4308	0.961395
4309	0.961395
4310	0.961395
4311	0.961395
4312	0.961395
4313	0.961395
4314	0.961395
4315	0.961395
4316	0.961395
4317	0.961395
4318	0.961395
4319	0.961395
4320	0.961395
4321	0.961395
4322	0.961395
4323	0.961395
4324	0.961395
4325	0.961395
4326	0.961395
4327	0.961395
4328	0.961395
4329	0.961395
4330	0.961395
4331	0.961395
4332	0.961395
4333	0.961395
4334	0.961395
4335	0.961395
4336	0.961395
4337	0.961395
4338	0.961395
4339	0.961395
4340	0.961395
4341	0.961395
4342	0.961395
4343	0.961395
4344	0.961395
4345	0.961395
4346	0.961395
4347	0.961395
4348	0.961395
4349	0.961395
4350	0.961395
4351	0.961395
4352	0.961395
4353	0.961395
4354	0.961395
4355	0.961395
4356	0.961395
4357	0.961395
4358	0.961395
4359	0.961395
4360	0.961395
4361	0.961395
4362	0.961395
4363	0.961395
4364	0.961395
4365	0.961395
4366	0.961395
4367	0.961395
4368	0.961395
4369	0.961395
4370	0.961395
4371	0.961395
4372	0.961395
4373	0.961395
4374	0.961395
4375	0.961395
4376	0.961395
4377	0.961395
4378	0.961395
4379	0.961395
4380	0.961395
4381	0.961395
4382	0.961395
4383	0.961395
4384	0.961395
4385	0.961395
4386	0.961395
4387	0.961395
4388	0.961395
4389	0.961395
4390	0.961395
4391	0.961395
4392	0.961395
4393	0.961395
4394	0.961395
4395	0.961395
4396	0.961395
4397	0.961395
4398	0.961395
4399	0.961395
4400	0.961395
4401	0.961395
4402	0.961395
4403	0.961395
4404	0.961395
4405	0.961395
4406	0.961395
4407	0.961395
4408	0.961395
4409	0.961395
4410	0.961395
4411	0.961395
4412	0.961395
4413	0.961395
4414	0.961395
4415	0.961395
4416	0.961395
4417	0.961395
4418	0.961395
4419	0.961395
4420	0.961395
4421	0.961395
4422	0.961395
4423	0.961395
4424	0.961395
4425	0.961395
4426	0.961395
4427	0.961395
4428	0.961395
4429	0.961395
4430	0.961395
4431	0.961395
4432	0.961395
4433	0.961395
4434	0.961395
4435	0.961395
4436	0.961395
4437	0.961395
4438	0.961395
4439	0.961395
4440	0.961395
4441	0.961395
4442	0.961395
4443	0.961395
4444	0.961395
4445	0.961395
4446	0.961395
4447	0.961395
4448	0.961395
4449	0.961395
4450	0.961395
4451	0.961395
4452	0.961395
4453	0.961395
4454	0.961395
4455	0.961395
4456	0.961395
4457	0.961395
4458	0.961395
4459	0.961395
4460	0.96251
4461	0.96251
4462	0.96251
4463	0.96251
4464	0.96251
4465	0.96251
4466	0.96251
4467	0.96251
4468	0.96251
4469	0.96251
4470	0.96251
4471	0.96251
4472	0.96251
4473	0.96251
4474	0.96251
4475	0.96251
4476	0.96251
4477	0.96251
4478	0.96251
4479	0.96251
4480	0.96251
4481	0.96251
4482	0.96251
4483	0.96251
4484	0.96251
4485	0.96251
4486	0.96251
4487	0.96251
4488	0.96251
4489	0.96251
4490	0.96251
4491	0.96251
4492	0.96251
4493	0.96251
4494	0.96251
4495	0.96251
4496	0.96251
4497	0.96251
4498	0.96251
4499	0.96251
4500	0.96251
4501	0.96251
4502	0.96251
4503	0.96251
4504	0.96251
4505	0.96251
4506	0.96251
4507	0.96251
4508	0.96251
4509	0.96251
4510	0.981255
4511	0.981255
4512	0.981255
4513	0.981255
4514	0.981255
4515	0.981255
4516	0.981255
4517	0.981255
4518	0.981255
4519	0.981255
4520	0.981255
4521	0.981255
4522	0.981255
4523	0.994644
4524	0.994644
4525	0.997545
4526	0.997545
4527	0.997545
4528	0.997545
4529	0.997545
4530	0.997545
4531	0.997545
4532	0.997545
4533	0.997545
4534	0.997545
4535	0.997545
4536	0.997545
4537	0.997545
4538	0.997545
4539	0.997545
4540	0.997545
4541	0.997545
4542	0.997545
4543	0.997545
4544	0.997545
4545	0.997545
4546	0.997545
4547	0.997545
4548	0.997545
4549	0.997545
4550	0.997545
4551	0.997545
4552	0.997545
4553	0.997545
4554	0.997545
4555	0.997545
4556	0.997545
4557	0.997545
4558	0.997545
4559	0.997545
4560	0.997545
4561	0.997545
4562	0.997545
4563	0.997545
4564	0.997545
4565	0.997545
4566	0.997545
4567	0.997545
4568	0.997545
4569	0.997545
4570	0.997545
4571	0.997545
4572	0.997545
4573	0.997545
4574	0.997545
4575	0.997545
4576	0.997545
4577	0.997545
4578	0.997545
4579	0.997545
4580	0.997545
4581	0.997545
4582	0.997545
4583	0.997545
4584	0.997545
4585	0.997545
4586	0.997545
4587	0.997545
4588	0.997545
4589	0.997545
4590	0.997545
4591	0.997545
4592	0.997545
4593	0.997545
4594	0.997545
4595	0.997545
4596	0.997545
4597	0.997545
4598	0.997545
4599	0.997545
4600	0.997545
4601	0.997545
4602	0.997545
4603	0.997545
4604	0.997545
4605	0.997545
4606	0.997545
4607	0.997545
4608	0.997545
4609	0.997545
4610	0.997545
4611	0.997545
4612	0.997545
4613	0.997545
4614	0.997545
4615	0.997545
4616	0.997545
4617	0.997545
4618	0.997545
4619	0.997545
4620	0.997545
4621	0.997545
4622	0.997545
4623	0.997545
4624	0.997545
4625	0.997545
4626	0.997545
4627	0.997545
4628	0.997545
4629	0.997545
4630	0.997545
4631	0.997545
4632	0.997545
4633	0.997545
4634	0.997545
4635	0.997545
4636	0.997545
4637	0.997545
4638	0.997545
4639	0.997545
4640	0.997545
4641	0.997545
4642	0.997545
4643	0.997545
4644	0.997545
4645	0.997545
4646	0.997545
4647	0.997545
4648	0.997545
4649	0.997545
4650	0.997545
4651	0.997545
4652	0.997545
4653	0.997545
4654	0.997545
4655	0.997545
4656	0.997545
4657	0.997545
4658	0.997545
4659	0.997545
4660	0.997545
4661	0.997545
4662	0.997545
4663	0.997545
4664	0.997545
4665	0.997545
4666	0.997545
4667	0.997545
4668	0.997545
4669	0.997545
4670	0.997545
4671	0.997545
4672	0.997545
4673	0.997545
4674	0.997545
4675	0.997545
4676	0.997545
4677	0.997545
4678	0.997545
4679	0.997545
4680	0.997545
4681	0.997545
4682	0.997545
4683	0.997545
4684	0.997545
4685	0.997545
4686	0.997545
4687	0.997545
4688	0.997545
4689	0.997545
4690	0.997545
4691	0.997545
4692	0.997545
4693	0.997545
4694	0.997545
4695	0.997545
4696	0.997545
4697	0.997545
4698	0.997545
4699	0.997545
4700	0.997545
4701	0.997545
4702	0.997545
4703	0.997545
4704	0.997545
4705	0.997545
4706	0.997545
4707	0.997545
4708	0.997545
4709	0.997545
4710	0.997545
4711	0.997545
4712	0.997545
4713	0.997545
4714	0.997545
4715	0.997545
4716	0.997545
4717	0.997545
4718	0.997545
4719	0.997545
4720	0.997545
4721	0.997545
4722	0.997545
4723	0.997545
4724	0.997545
4725	0.997545
4726	0.997545
4727	0.997545
4728	0.997545
4729	0.997545
4730	0.997545
4731	0.997545
4732	0.997545
4733	0.997545
4734	0.997545
4735	0.997545
4736	0.997545
4737	0.997545
4738	0.997545
4739	0.997545
4740	0.997545
4741	0.997545
4742	0.997545
4743	0.997545
4744	0.997545
4745	0.997545
4746	0.997545
4747	0.997545
4748	0.997545
4749	0.997545
4750	0.997545
4751	0.997545
4752	0.997545
4753	0.997545
4754	0.997545
4755	0.997545
4756	0.997545
4757	0.997545
4758	0.997545
4759	0.997545
4760	0.997545
4761	0.997545
4762	0.997545
4763	0.997545
4764	0.997545
4765	0.997545
4766	0.997545
4767	0.997545
4768	0.997545
4769	0.997545
4770	0.997545
4771	0.997545
4772	0.997545
4773	0.997545
4774	0.997545
4775	0.997545
4776	0.997545
4777	0.997545
4778	0.997545
4779	0.997545
4780	0.998884
4781	0.998884
4782	0.998884
4783	0.998884
4784	0.998884
4785	0.998884
4786	0.998884
4787	0.998884
4788	0.998884
4789	0.998884
4790	0.998884
4791	0.998884
4792	0.998884
4793	0.998884
4794	0.998884
4795	0.998884
4796	0.998884
4797	0.998884
4798	0.998884
4799	0.998884
4800	0.998884
4801	0.998884
4802	0.998884
4803	0.998884
4804	0.998884
4805	0.998884
4806	0.998884
4807	0.998884
4808	0.998884
4809	0.998884
4810	0.998884
4811	0.998884
4812	0.998884
4813	0.998884
4814	0.998884
4815	0.998884
4816	0.998884
4817	0.998884
4818	0.998884
4819	0.998884
4820	0.998884
4821	0.998884
4822	0.998884
4823	0.998884
4824	0.998884
4825	0.998884
4826	0.998884
4827	0.998884
4828	0.998884
4829	0.998884
4830	0.998884
4831	0.998884
4832	0.998884
4833	0.998884
4834	0.998884
4835	0.998884
4836	0.998884
4837	0.998884
4838	0.998884
4839	0.999107
## No. organisms: 20
## Seeds        : 1502903663, 5581
## Runtime      : 0h 37m 37s.
## Started at   : Fri Sep  4 14:58:11 2020
## Ended at     : Fri Sep  4 15:35:48 2020
