1	0.5	0.5	1	60	1
2	0.5	0.5	1	60	1
3	0.5	0.5	1	60	3
4	0.5	0.5	1	60	2
5	0.5	0.5	1	60	1
6	0.5	0.5	1	60	1
7	0.5	0.5	1	60	4
8	0.5	0.5	1	60	1
9	0.5	0.5	1	60	2
10	0.5	0.5	1	60	2
11	0.5	0.5	1	60	1
12	0.5	0.5	1	60	1
13	0.5	0.5	1	60	2
14	0.5	0.5	1	60	2
15	0.5	0.5	1	60	1
16	0.5	0.5	1	60	4
17	0.5	0.5	1	60	2
18	0.5	0.5	1	60	3
19	0.5	0.5	1	60	3
20	0.5	0.5	1	60	1
21	0.5	0.5	1	60	1
22	0.5	0.5	1	60	1
23	0.5	0.5	1	60	1
24	0.5	0.5	1	60	1
25	0.5	0.5	1	60	3
26	0.5	0.5	1	60	3
27	0.5	0.5	1	60	2
28	0.5	0.5	1	60	2
29	0.5	0.5	1	60	4
30	0.5	0.5	1	60	3
31	0.5	0.5	1	60	1
32	0.5	0.5	1	60	1
33	0.5	0.5	1	60	3
34	0.5	0.5	1	60	2
35	0.5	0.5	1	60	1
36	0.5	0.5	1	60	3
37	0.5	0.5	1	60	2
38	0.5	0.5	1	60	6
39	0.5	0.5	1	60	5
40	0.5	0.5	1	60	3
41	0.5	0.5	1	60	2
42	0.5	0.5	1	60	4
43	0.5	0.5	1	60	4
44	0.5	0.5	1	60	2
45	0.5	0.5	1	60	1
46	0.5	0.5	1	60	1
47	0.5	0.5	1	60	2
48	0.5	0.5	1	60	1
49	0.5	0.5	1	60	1
50	0.5	0.5	1	60	2
51	0.5	0.5	1	60	2
52	0.5	0.5	1	60	2
53	0.5	0.5	1	60	2
54	0.5	0.5	1	60	2
55	0.5	0.5	1	60	1
56	0.5	0.5	1	60	1
57	0.5	0.5	1	60	1
58	0.5	0.5	1	60	2
59	0.5	0.5	1	60	3
60	0.5	0.5	1	60	1
61	0.5	0.5	1	60	3
62	0.5	0.5	1	60	2
63	0.5	0.5	1	60	4
64	0.5	0.5	1	60	1
65	0.5	0.5	1	60	2
66	0.5	0.5	1	60	3
67	0.5	0.5	1	60	1
68	0.5	0.5	1	60	3
69	0.5	0.5	1	60	2
70	0.5	0.5	1	60	3
71	0.5	0.5	1	60	1
72	0.5	0.5	1	60	3
73	0.5	0.5	1	60	1
74	0.5	0.5	1	60	2
75	0.5	0.5	1	60	1
76	0.5	0.5	1	60	3
77	0.5	0.5	1	60	1
78	0.5	0.5	1	60	1
79	0.5	0.5	1	60	2
80	0.5	0.5	1	60	2
81	0.5	0.5	1	60	3
82	0.5	0.5	1	60	3
83	0.5	0.5	1	60	1
84	0.5	0.5	1	60	2
85	0.5	0.5	1	60	1
86	0.5	0.5	1	60	2
87	0.5	0.5	1	60	2
88	0.5	0.5	1	60	1
89	0.5	0.5	1	60	1
90	0.5	0.5	1	60	2
91	0.5	0.5	1	60	5
92	0.5	0.5	1	60	2
93	0.5	0.5	1	60	4
94	0.5	0.5	1	60	1
95	0.5	0.5	1	60	2
96	0.5	0.5	1	60	2
97	0.5	0.5	1	60	2
98	0.5	0.5	1	60	2
99	0.5	0.5	1	60	2
100	0.5	0.5	1	60	2
101	0.5	0.5	1	60	3
102	0.5	0.5	1	60	2
103	0.5	0.5	1	60	1
104	0.5	0.5	1	60	4
105	0.5	0.5	1	60	3
106	0.5	0.5	1	60	3
107	0.5	0.5	1	60	3
108	0.5	0.5	1	60	2
109	0.5	0.5	1	60	1
110	0.5	0.5	1	60	2
111	0.5	0.5	1	60	1
112	0.5	0.5	1	60	2
113	0.5	0.5	1	60	1
114	0.5	0.5	1	60	4
115	0.5	0.5	1	60	2
116	0.5	0.5	1	60	2
117	0.5	0.5	1	60	4
118	0.5	0.5	1	60	2
119	0.5	0.5	1	60	1
120	0.5	0.5	1	60	1
121	0.5	0.5	1	60	3
122	0.5	0.5	1	60	5
123	0.5	0.5	1	60	2
124	0.5	0.5	1	60	1
125	0.5	0.5	1	60	1
126	0.5	0.5	1	60	3
127	0.5	0.5	1	60	2
128	0.5	0.5	1	60	1
129	0.5	0.5	1	60	2
130	0.5	0.5	1	60	2
131	0.5	0.5	1	60	2
132	0.5	0.5	1	60	5
133	0.5	0.5	1	60	3
134	0.5	0.5	1	60	3
135	0.5	0.5	1	60	3
136	0.5	0.5	1	60	3
137	0.5	0.5	1	60	2
138	0.5	0.5	1	60	1
139	0.5	0.5	1	60	2
140	0.5	0.5	1	60	2
141	0.5	0.5	1	60	2
142	0.5	0.5	1	60	1
143	0.5	0.5	1	60	1
144	0.5	0.5	1	60	2
145	0.5	0.5	1	60	3
146	0.5	0.5	1	60	2
147	0.5	0.5	1	60	2
148	0.5	0.5	1	60	3
149	0.5	0.5	1	60	3
150	0.5	0.5	1	60	2
151	0.5	0.5	1	60	3
152	0.5	0.5	1	60	4
153	0.5	0.5	1	60	1
154	0.5	0.5	1	60	5
155	0.5	0.5	1	60	2
156	0.5	0.5	1	60	1
157	0.5	0.5	1	60	1
158	0.5	0.5	1	60	2
159	0.5	0.5	1	60	2
160	0.5	0.5	1	60	2
161	0.5	0.5	1	60	3
162	0.5	0.5	1	60	2
163	0.5	0.5	1	60	3
164	0.5	0.5	1	60	1
165	0.5	0.5	1	60	2
166	0.5	0.5	1	60	3
167	0.5	0.5	1	60	1
168	0.5	0.5	1	60	4
169	0.5	0.5	1	60	1
170	0.5	0.5	1	60	3
171	0.5	0.5	1	60	2
172	0.5	0.5	1	60	1
173	0.5	0.5	1	60	4
174	0.5	0.5	1	60	2
175	0.5	0.5	1	60	2
176	0.5	0.5	1	60	3
177	0.5	0.5	1	60	3
178	0.5	0.5	1	60	1
179	0.5	0.5	1	60	1
180	0.5	0.5	1	60	2
181	0.5	0.5	1	60	2
182	0.5	0.5	1	60	1
183	0.5	0.5	1	60	4
184	0.5	0.5	1	60	2
185	0.5	0.5	1	60	1
186	0.5	0.5	1	60	1
187	0.5	0.5	1	60	3
188	0.5	0.5	1	60	4
189	0.5	0.5	1	60	1
190	0.5	0.5	1	60	1
191	0.5	0.5	1	60	2
192	0.5	0.5	1	60	2
193	0.5	0.5	1	60	4
194	0.5	0.5	1	60	2
195	0.5	0.5	1	60	1
196	0.5	0.5	1	60	1
197	0.5	0.5	1	60	1
198	0.5	0.5	1	60	3
199	0.5	0.5	1	60	2
200	0.5	0.5	1	60	1
201	0.5	0.5	1	60	2
202	0.5	0.5	1	60	1
203	0.5	0.5	1	60	4
204	0.5	0.5	1	60	2
205	0.5	0.5	1	60	1
206	0.5	0.5	1	60	3
207	0.5	0.5	1	60	2
208	0.5	0.5	1	60	2
209	0.5	0.5	1	60	4
210	0.5	0.5	1	60	4
211	0.5	0.5	1	60	1
212	0.5	0.5	1	60	2
213	0.5	0.5	1	60	2
214	0.5	0.5	1	60	2
215	0.5	0.5	1	60	1
216	0.5	0.5	1	60	1
217	0.5	0.5	1	60	4
218	0.5	0.5	1	60	2
219	0.5	0.5	1	60	3
220	0.5	0.5	1	60	1
221	0.5	0.5	1	60	2
222	0.5	0.5	1	60	2
223	0.5	0.5	1	60	2
224	0.5	0.5	1	60	2
225	0.5	0.5	1	60	1
226	0.5	0.5	1	60	1
227	0.5	0.5	1	60	1
228	0.5	0.5	1	60	2
229	0.5	0.5	1	60	3
230	0.5	0.5	1	60	1
231	0.5	0.5	1	60	2
232	0.5	0.5	1	60	1
233	0.5	0.5	1	60	1
234	0.5	0.5	1	60	3
235	0.5	0.5	1	60	1
236	0.5	0.5	1	60	1
237	0.5	0.5	1	60	2
238	0.5	0.5	1	60	1
239	0.5	0.5	1	60	1
240	0.5	0.5	1	60	2
241	0.5	0.5	1	60	5
242	0.5	0.5	1	60	2
243	0.5	0.5	1	60	3
244	0.5	0.5	1	60	4
245	0.5	0.5	1	60	3
246	0.5	0.5	1	60	3
247	0.5	0.5	1	60	1
248	0.5	0.5	1	60	2
249	0.5	0.5	1	60	1
250	0.5	0.5	1	60	2
251	0.5	0.5	1	60	2
252	0.5	0.5	1	60	2
253	0.5	0.5	1	60	3
254	0.5	0.5	1	60	3
255	0.5	0.5	1	60	5
256	0.5	0.5	1	60	3
257	0.5	0.5	1	60	3
258	0.5	0.5	1	60	1
259	0.5	0.5	1	60	1
260	0.5	0.5	1	60	5
261	0.5	0.5	1	60	2
262	0.5	0.5	1	60	2
263	0.5	0.5	1	60	3
264	0.5	0.5	1	60	1
265	0.5	0.5	1	60	3
266	0.5	0.5	1	60	3
267	0.5	0.5	1	60	3
268	0.5	0.5	1	60	1
269	0.5	0.5	1	60	1
270	0.5	0.5	1	60	5
271	0.5	0.5	1	60	1
272	0.5	0.5	1	60	1
273	0.5	0.5	1	60	1
274	0.5	0.5	1	60	3
275	0.5	0.5	1	60	1
276	0.5	0.5	1	60	1
277	0.5	0.5	1	60	3
278	0.5	0.5	1	60	1
279	0.5	0.5	1	60	1
280	0.5	0.5	1	60	2
281	0.5	0.5	1	60	2
282	0.5	0.5	1	60	2
283	0.5	0.5	1	60	5
284	0.5	0.5	1	60	2
285	0.5	0.5	1	60	3
286	0.5	0.5	1	60	2
287	0.5	0.5	1	60	2
288	0.5	0.5	1	60	1
289	0.5	0.5	1	60	5
290	0.5	0.5	1	60	3
291	0.5	0.5	1	60	1
292	0.5	0.5	1	60	4
293	0.5	0.5	1	60	2
294	0.5	0.5	1	60	1
295	0.5	0.5	1	60	3
296	0.5	0.5	1	60	3
297	0.5	0.5	1	60	1
298	0.5	0.5	1	60	3
299	0.5	0.5	1	60	1
300	0.5	0.5	1	60	2
301	0.5	0.5	1	60	4
302	0.5	0.5	1	60	2
303	0.5	0.5	1	60	2
304	0.5	0.5	1	60	2
305	0.5	0.5	1	60	2
306	0.5	0.5	1	60	1
307	0.5	0.5	1	60	4
308	0.5	0.5	1	60	4
309	0.5	0.5	1	60	1
310	0.5	0.5	1	60	2
311	0.5	0.5	1	60	2
312	0.5	0.5	1	60	1
313	0.5	0.5	1	60	2
314	0.5	0.5	1	60	2
315	0.5	0.5	1	60	4
316	0.5	0.5	1	60	4
317	0.5	0.5	1	60	7
318	0.5	0.5	1	60	1
319	0.5625	0.5625	1	60	1
320	0.5625	0.5625	1	60	3
321	0.5	0.5625	1	60	3
322	0.5625	0.5625	1	60	2
323	0.5625	0.5625	1	60	2
324	0.5625	0.5625	1	60	4
325	0.5625	0.5625	1	60	3
326	0.5625	0.5625	1	60	3
327	0.5625	0.5625	1	60	1
328	0.5625	0.5625	1	60	2
329	0.5625	0.5625	1	60	1
330	0.5625	0.5625	1	60	2
331	0.6875	0.6875	1	60	2
332	0.6875	0.6875	1	60	1
333	0.6875	0.6875	1	60	2
334	0.6875	0.6875	1	60	2
335	0.6875	0.6875	1	60	2
336	0.6875	0.6875	1	60	1
337	0.6875	0.6875	1	60	2
338	0.5	0.6875	1	60	2
339	0.5625	0.6875	1	60	3
340	0.6875	0.6875	1	60	1
341	0.6875	0.6875	1	60	3
342	0.5625	0.6875	1	60	3
343	0.625	0.6875	1	60	2
344	0.6875	0.6875	1	60	1
345	0.5	0.6875	1	60	3
346	0.6875	0.6875	1	60	2
347	0.6875	0.6875	1	60	2
348	0.6875	0.6875	1	60	1
349	0.6875	0.6875	1	60	2
350	0.6875	0.6875	1	60	1
351	0.6875	0.6875	1	60	3
352	0.6875	0.6875	1	60	3
353	0.6875	0.6875	1	60	1
354	0.625	0.6875	1	60	3
355	0.6875	0.6875	1	60	1
356	0.6875	0.6875	1	60	2
357	0.6875	0.6875	1	60	2
358	0.6875	0.6875	1	60	3
359	0.6875	0.6875	1	60	2
360	0.6875	0.6875	1	60	2
361	0.6875	0.6875	1	60	3
362	0.6875	0.6875	1	60	1
363	0.6875	0.6875	1	60	2
364	0.6875	0.6875	1	60	1
365	0.6875	0.6875	1	60	4
366	0.5625	0.6875	1	60	1
367	0.625	0.6875	1	60	2
368	0.6875	0.6875	1	60	3
369	0.6875	0.6875	1	60	2
370	0.5	0.6875	1	60	3
371	0.6875	0.6875	1	60	2
372	0.5625	0.6875	1	60	4
373	0.6875	0.6875	1	60	1
374	0.625	0.6875	1	60	1
375	0.6875	0.6875	1	60	2
376	0.5625	0.6875	1	60	3
377	0.6875	0.6875	1	60	3
378	0.6875	0.6875	1	60	1
379	0.6875	0.6875	1	60	3
380	0.6875	0.6875	1	60	2
381	0.6875	0.6875	1	60	1
382	0.6875	0.6875	1	60	2
383	0.6875	0.6875	1	60	5
384	0.6875	0.6875	1	60	3
385	0.5625	0.6875	1	60	5
386	0.6875	0.6875	1	60	3
387	0.6875	0.6875	1	60	1
388	0.6875	0.6875	1	60	2
389	0.6875	0.6875	1	60	3
390	0.6875	0.6875	1	60	2
391	0.5	0.6875	1	60	4
392	0.6875	0.6875	1	60	1
393	0.6875	0.6875	1	60	1
394	0.6875	0.6875	1	60	3
395	0.6875	0.6875	1	60	2
396	0.5625	0.6875	1	60	2
397	0.6875	0.6875	1	60	1
398	0.6875	0.6875	1	60	1
399	0.6875	0.6875	1	60	2
400	0.5625	0.6875	1	60	1
401	0.6875	0.6875	1	60	1
402	0.6875	0.6875	1	60	2
403	0.6875	0.6875	1	60	3
404	0.6875	0.6875	1	60	2
405	0.5	0.6875	1	60	2
406	0.6875	0.6875	1	60	2
407	0.6875	0.6875	1	60	2
408	0.5625	0.6875	1	60	5
409	0.6875	0.6875	1	60	3
410	0.625	0.6875	1	60	1
411	0.6875	0.6875	1	60	1
412	0.6875	0.6875	1	60	1
413	0.6875	0.6875	1	60	1
414	0.5	0.6875	1	60	3
415	0.6875	0.6875	1	60	1
416	0.6875	0.6875	1	60	6
417	0.6875	0.6875	1	60	4
418	0.6875	0.6875	1	60	1
419	0.6875	0.6875	1	60	3
420	0.6875	0.6875	1	60	1
421	0.5	0.6875	1	60	2
422	0.6875	0.6875	1	60	3
423	0.6875	0.6875	1	60	4
424	0.6875	0.6875	1	60	1
425	0.6875	0.6875	1	60	2
426	0.6875	0.6875	1	60	2
427	0.6875	0.6875	1	60	1
428	0.6875	0.6875	1	60	4
429	0.6875	0.6875	1	60	2
430	0.6875	0.6875	1	60	1
431	0.625	0.6875	1	60	1
432	0.6875	0.6875	1	60	1
433	0.6875	0.6875	1	60	4
434	0.5625	0.6875	1	60	4
435	0.6875	0.6875	1	60	1
436	0.5	0.6875	1	60	4
437	0.6875	0.6875	1	60	2
438	0.6875	0.6875	1	60	2
439	0.6875	0.6875	1	60	1
440	0.5625	0.6875	1	60	5
441	0.6875	0.6875	1	60	2
442	0.6875	0.6875	1	60	1
443	0.6875	0.6875	1	60	1
444	0.6875	0.6875	1	60	3
445	0.6875	0.6875	1	60	3
446	0.6875	0.6875	1	60	3
447	0.6875	0.6875	1	60	1
448	0.6875	0.6875	1	60	2
449	0.6875	0.6875	1	60	2
450	0.6875	0.6875	1	60	1
451	0.6875	0.6875	1	60	2
452	0.6875	0.6875	1	60	5
453	0.6875	0.6875	1	60	2
454	0.6875	0.6875	1	60	1
455	0.6875	0.6875	1	60	1
456	0.5625	0.6875	1	60	2
457	0.6875	0.6875	1	60	3
458	0.625	0.6875	1	60	3
459	0.625	0.6875	1	60	2
460	0.6875	0.6875	1	60	3
461	0.6875	0.6875	1	60	2
462	0.625	0.6875	1	60	2
463	0.5625	0.6875	1	60	3
464	0.6875	0.6875	1	60	2
465	0.625	0.6875	1	60	1
466	0.6875	0.6875	1	60	1
467	0.6875	0.6875	1	60	1
468	0.6875	0.6875	1	60	2
469	0.6875	0.6875	1	60	1
470	0.6875	0.6875	1	60	4
471	0.6875	0.6875	1	60	3
472	0.6875	0.6875	1	60	3
473	0.6875	0.6875	1	60	1
474	0.6875	0.6875	1	60	4
475	0.6875	0.6875	1	60	1
476	0.5	0.6875	1	60	4
477	0.6875	0.6875	1	60	2
478	0.6875	0.6875	1	60	1
479	0.625	0.6875	1	60	3
480	0.6875	0.6875	1	60	3
481	0.625	0.6875	1	60	3
482	0.6875	0.6875	1	60	2
483	0.4375	0.6875	1	60	4
484	0.6875	0.6875	1	60	1
485	0.6875	0.6875	1	60	1
486	0.6875	0.6875	1	60	4
487	0.6875	0.6875	1	60	1
488	0.5625	0.6875	1	60	3
489	0.6875	0.6875	1	60	4
490	0.625	0.6875	1	60	3
491	0.6875	0.6875	1	60	1
492	0.6875	0.6875	1	60	1
493	0.6875	0.6875	1	60	1
494	0.6875	0.6875	1	60	1
495	0.6875	0.6875	1	60	1
496	0.5625	0.6875	1	60	2
497	0.6875	0.6875	1	60	2
498	0.6875	0.6875	1	60	4
499	0.6875	0.6875	1	60	1
500	0.6875	0.6875	1	60	3
501	0.6875	0.6875	1	60	2
502	0.6875	0.6875	1	60	1
503	0.6875	0.6875	1	60	6
504	0.5	0.6875	1	60	2
505	0.6875	0.6875	1	60	1
506	0.6875	0.6875	1	60	2
507	0.6875	0.6875	1	60	2
508	0.6875	0.6875	1	60	3
509	0.6875	0.6875	1	60	2
510	0.6875	0.6875	1	60	3
511	0.6875	0.6875	1	60	5
512	0.6875	0.6875	1	60	1
513	0.5625	0.6875	1	60	2
514	0.6875	0.6875	1	60	4
515	0.6875	0.6875	1	60	5
516	0.6875	0.6875	1	60	1
517	0.6875	0.6875	1	60	1
518	0.625	0.6875	1	60	1
519	0.6875	0.6875	1	60	4
520	0.75	0.75	1	60	3
521	0.75	0.75	1	60	1
522	0.75	0.75	1	60	3
523	0.75	0.75	1	60	2
524	0.75	0.75	1	60	2
525	0.75	0.75	1	60	3
526	0.75	0.75	1	60	5
527	0.75	0.75	1	60	3
528	0.625	0.75	1	60	3
529	0.5625	0.75	1	60	3
530	0.75	0.75	1	60	2
531	0.5	0.75	1	60	6
532	0.5	0.75	1	60	1
533	0.75	0.75	1	60	4
534	0.625	0.75	1	60	3
535	0.5	0.75	1	60	4
536	0.5625	0.75	1	60	4
537	0.75	0.75	1	60	2
538	0.75	0.75	1	60	1
539	0.75	0.75	1	60	2
540	0.75	0.75	1	60	1
541	0.75	0.75	1	60	1
542	0.75	0.75	1	60	8
543	0.6875	0.75	1	60	3
544	0.75	0.75	1	60	5
545	0.75	0.75	1	60	5
546	0.75	0.75	1	60	2
547	0.75	0.75	1	60	1
548	0.75	0.75	1	60	2
549	0.625	0.75	1	60	5
550	0.75	0.75	1	60	3
551	0.75	0.75	1	60	2
552	0.75	0.75	1	60	1
553	0.625	0.75	1	60	3
554	0.75	0.75	1	60	5
555	0.75	0.75	1	60	1
556	0.75	0.75	1	60	1
557	0.75	0.75	1	60	1
558	0.75	0.75	1	60	2
559	0.75	0.75	1	60	3
560	0.625	0.75	1	60	2
561	0.75	0.75	1	60	3
562	0.5625	0.75	1	60	2
563	0.75	0.75	1	60	2
564	0.625	0.75	1	60	2
565	0.75	0.75	1	60	1
566	0.75	0.75	1	60	1
567	0.75	0.75	1	60	3
568	0.75	0.75	1	60	3
569	0.5	0.75	1	60	2
570	0.75	0.75	1	60	1
571	0.75	0.75	1	60	1
572	0.625	0.75	1	60	4
573	0.75	0.75	1	60	1
574	0.625	0.75	1	60	1
575	0.75	0.75	1	60	1
576	0.75	0.75	1	60	2
577	0.75	0.75	1	60	1
578	0.75	0.75	1	60	1
579	0.5	0.75	1	60	1
580	0.75	0.75	1	60	3
581	0.5625	0.75	1	60	2
582	0.5	0.75	1	60	5
583	0.75	0.75	1	60	1
584	0.5	0.75	1	60	2
585	0.75	0.75	1	60	1
586	0.5	0.75	1	60	2
587	0.75	0.75	1	60	3
588	0.75	0.75	1	60	2
589	0.6875	0.75	1	60	4
590	0.75	0.75	1	60	1
591	0.75	0.75	1	60	2
592	0.75	0.75	1	60	1
593	0.75	0.75	1	60	2
594	0.75	0.75	1	60	1
595	0.75	0.75	1	60	3
596	0.75	0.75	1	60	3
597	0.625	0.75	1	60	3
598	0.5	0.75	1	60	3
599	0.5	0.75	1	60	2
600	0.5	0.75	1	60	3
601	0.75	0.75	1	60	1
602	0.5	0.75	1	60	3
603	0.625	0.75	1	60	3
604	0.75	0.75	1	60	1
605	0.75	0.75	1	60	1
606	0.75	0.75	1	60	2
607	0.75	0.75	1	60	4
608	0.625	0.75	1	60	1
609	0.625	0.75	1	60	2
610	0.75	0.75	1	60	1
611	0.75	0.75	1	60	1
612	0.5	0.75	1	60	1
613	0.75	0.75	1	60	1
614	0.75	0.75	1	60	2
615	0.75	0.75	1	60	3
616	0.75	0.75	1	60	1
617	0.75	0.75	1	60	2
618	0.75	0.75	1	60	3
619	0.75	0.75	1	60	2
620	0.4375	0.75	1	60	1
621	0.75	0.75	1	60	1
622	0.75	0.75	1	60	5
623	0.75	0.75	1	60	3
624	0.75	0.75	1	60	1
625	0.75	0.75	1	60	1
626	0.75	0.75	1	60	1
627	0.75	0.75	1	60	3
628	0.75	0.75	1	60	3
629	0.75	0.75	1	60	2
630	0.5	0.75	1	60	2
631	0.625	0.75	1	60	2
632	0.75	0.75	1	60	1
633	0.75	0.75	1	60	2
634	0.75	0.75	1	60	1
635	0.75	0.75	1	60	2
636	0.75	0.75	1	60	2
637	0.625	0.75	1	60	3
638	0.75	0.75	1	60	2
639	0.75	0.75	1	60	3
640	0.75	0.75	1	60	1
641	0.5	0.75	1	60	2
642	0.75	0.75	1	60	2
643	0.75	0.75	1	60	1
644	0.75	0.75	1	60	1
645	0.75	0.75	1	60	1
646	0.75	0.75	1	60	2
647	0.75	0.75	1	60	2
648	0.75	0.75	1	60	2
649	0.75	0.75	1	60	2
650	0.75	0.75	1	60	1
651	0.75	0.75	1	60	1
652	0.75	0.75	1	60	1
653	0.75	0.75	1	60	1
654	0.625	0.75	1	60	2
655	0.75	0.75	1	60	4
656	0.75	0.75	1	60	2
657	0.625	0.75	1	60	5
658	0.75	0.75	1	60	1
659	0.75	0.75	1	60	1
660	0.75	0.75	1	60	3
661	0.75	0.75	1	60	2
662	0.75	0.75	1	60	3
663	0.6875	0.75	1	60	1
664	0.75	0.75	1	60	1
665	0.75	0.75	1	60	2
666	0.5	0.75	1	60	3
667	0.75	0.75	1	60	1
668	0.625	0.75	1	60	2
669	0.75	0.75	1	60	1
670	0.75	0.75	1	60	5
671	0.75	0.75	1	60	1
672	0.75	0.75	1	60	2
673	0.5	0.75	1	60	3
674	0.75	0.75	1	60	4
675	0.75	0.75	1	60	1
676	0.75	0.75	1	60	1
677	0.5	0.75	1	60	1
678	0.5	0.75	1	60	3
679	0.75	0.75	1	60	1
680	0.625	0.75	1	60	4
681	0.75	0.75	1	60	1
682	0.75	0.75	1	60	3
683	0.75	0.75	1	60	4
684	0.75	0.75	1	60	2
685	0.75	0.75	1	60	2
686	0.625	0.75	1	60	4
687	0.6875	0.75	1	60	2
688	0.75	0.75	1	60	2
689	0.75	0.75	1	60	1
690	0.75	0.75	1	60	2
691	0.75	0.75	1	60	3
692	0.75	0.75	1	60	2
693	0.75	0.75	1	60	3
694	0.5	0.75	1	60	1
695	0.75	0.75	1	60	1
696	0.75	0.75	1	60	1
697	0.75	0.75	1	60	2
698	0.5	0.75	1	60	2
699	0.75	0.75	1	60	1
700	0.75	0.75	1	60	2
701	0.75	0.75	1	60	2
702	0.75	0.75	1	60	4
703	0.5	0.75	1	60	4
704	0.5625	0.75	1	60	3
705	0.75	0.75	1	60	1
706	0.75	0.75	1	60	2
707	0.75	0.75	1	60	4
708	0.5625	0.75	1	60	1
709	0.625	0.75	1	60	3
710	0.75	0.75	1	60	3
711	0.75	0.75	1	60	1
712	0.6875	0.75	1	60	3
713	0.75	0.75	1	60	2
714	0.75	0.75	1	60	2
715	0.75	0.75	1	60	3
716	0.5	0.75	1	60	3
717	0.75	0.75	1	60	2
718	0.625	0.75	1	60	4
719	0.75	0.75	1	60	1
720	0.75	0.75	1	60	1
721	0.5	0.75	1	60	4
722	0.75	0.75	1	60	1
723	0.75	0.75	1	60	2
724	0.75	0.75	1	60	1
725	0.6875	0.75	1	60	3
726	0.5	0.75	1	60	7
727	0.5625	0.75	1	60	7
728	0.75	0.75	1	60	4
729	0.75	0.75	1	60	2
730	0.75	0.75	1	60	2
731	0.75	0.75	1	60	3
732	0.75	0.75	1	60	1
733	0.75	0.75	1	60	2
734	0.75	0.75	1	60	3
735	0.75	0.75	1	60	1
736	0.75	0.75	1	60	2
737	0.5	0.75	1	60	2
738	0.75	0.75	1	60	1
739	0.6875	0.75	1	60	1
740	0.75	0.75	1	60	1
741	0.75	0.75	1	60	3
742	0.75	0.75	1	60	1
743	0.75	0.75	1	60	1
744	0.75	0.75	1	60	2
745	0.75	0.75	1	60	3
746	0.75	0.75	1	60	3
747	0.75	0.75	1	60	2
748	0.625	0.75	1	60	2
749	0.75	0.75	1	60	3
750	0.5625	0.75	1	60	2
751	0.75	0.75	1	60	2
752	0.5	0.75	1	60	3
753	0.5	0.75	1	60	3
754	0.75	0.75	1	60	2
755	0.625	0.75	1	60	3
756	0.75	0.75	1	60	1
757	0.75	0.75	1	60	1
758	0.5	0.75	1	60	1
759	0.75	0.75	1	60	3
760	0.5	0.75	1	60	2
761	0.75	0.75	1	60	1
762	0.75	0.75	1	60	1
763	0.75	0.75	1	60	2
764	0.625	0.75	1	60	5
765	0.75	0.75	1	60	5
766	0.75	0.75	1	60	2
767	0.75	0.75	1	60	3
768	0.6875	0.75	1	60	4
769	0.75	0.75	1	60	3
770	0.75	0.75	1	60	2
771	0.75	0.75	1	60	2
772	0.75	0.75	1	60	2
773	0.75	0.75	1	60	2
774	0.75	0.75	1	60	1
775	0.75	0.75	1	60	2
776	0.5	0.75	1	60	1
777	0.75	0.75	1	60	1
778	0.5625	0.75	1	60	2
779	0.75	0.75	1	60	1
780	0.5	0.75	1	60	2
781	0.5	0.75	1	60	2
782	0.75	0.75	1	60	2
783	0.75	0.75	1	60	2
784	0.75	0.75	1	60	3
785	0.5625	0.75	1	60	1
786	0.75	0.75	1	60	2
787	0.625	0.75	1	60	2
788	0.75	0.75	1	60	1
789	0.75	0.75	1	60	4
790	0.75	0.75	1	60	4
791	0.75	0.75	1	60	2
792	0.5	0.75	1	60	4
793	0.75	0.75	1	60	1
794	0.75	0.75	1	60	4
795	0.75	0.75	1	60	1
796	0.5	0.75	1	60	4
797	0.75	0.75	1	60	1
798	0.75	0.75	1	60	1
799	0.75	0.75	1	60	1
800	0.75	0.75	1	60	1
801	0.75	0.75	1	60	2
802	0.75	0.75	1	60	1
803	0.75	0.75	1	60	3
804	0.75	0.75	1	60	2
805	0.75	0.75	1	60	1
806	0.75	0.75	1	60	1
807	0.625	0.75	1	60	1
808	0.5	0.75	1	60	2
809	0.75	0.75	1	60	3
810	0.75	0.75	1	60	1
811	0.75	0.75	1	60	2
812	0.625	0.75	1	60	4
813	0.5	0.75	1	60	2
814	0.75	0.75	1	60	2
815	0.75	0.75	1	60	1
816	0.5	0.75	1	60	4
817	0.625	0.75	1	60	5
818	0.75	0.75	1	60	1
819	0.75	0.75	1	60	1
820	0.75	0.75	1	60	2
821	0.75	0.75	1	60	1
822	0.75	0.75	1	60	2
823	0.75	0.75	1	60	1
824	0.75	0.75	1	60	4
825	0.75	0.75	1	60	3
826	0.75	0.75	1	60	4
827	0.75	0.75	1	60	1
828	0.75	0.75	1	60	1
829	0.75	0.75	1	60	3
830	0.75	0.75	1	60	2
831	0.75	0.75	1	60	1
832	0.25	0.75	1	60	2
833	0.5	0.75	1	60	3
834	0.75	0.75	1	60	1
835	0.75	0.75	1	60	1
836	0.75	0.75	1	60	2
837	0.75	0.75	1	60	2
838	0.75	0.75	1	60	3
839	0.75	0.75	1	60	2
840	0.75	0.75	1	60	1
841	0.75	0.75	1	60	2
842	0.75	0.75	1	60	2
843	0.75	0.75	1	60	2
844	0.5	0.75	1	60	6
845	0.75	0.75	1	60	2
846	0.5625	0.75	1	60	7
847	0.625	0.75	1	60	2
848	0.75	0.75	1	60	2
849	0.75	0.75	1	60	2
850	0.75	0.75	1	60	1
851	0.75	0.75	1	60	1
852	0.75	0.75	1	60	1
853	0.75	0.75	1	60	1
854	0.625	0.75	1	60	1
855	0.75	0.75	1	60	2
856	0.75	0.75	1	60	3
857	0.75	0.75	1	60	2
858	0.75	0.75	1	60	3
859	0.75	0.75	1	60	1
860	0.75	0.75	1	60	2
861	0.75	0.75	1	60	1
862	0.75	0.75	1	60	2
863	0.75	0.75	1	60	2
864	0.75	0.75	1	60	3
865	0.6875	0.75	1	60	2
866	0.75	0.75	1	60	1
867	0.75	0.75	1	60	2
868	0.625	0.75	1	60	2
869	0.75	0.75	1	60	1
870	0.75	0.75	1	60	4
871	0.75	0.75	1	60	1
872	0.75	0.75	1	60	1
873	0.5	0.75	1	60	3
874	0.75	0.75	1	60	1
875	0.6875	0.75	1	60	2
876	0.75	0.75	1	60	1
877	0.625	0.75	1	60	2
878	0.75	0.75	1	60	1
879	0.75	0.75	1	60	1
880	0.75	0.75	1	60	2
881	0.625	0.75	1	60	3
882	0.5	0.75	1	60	3
883	0.5	0.75	1	60	5
884	0.75	0.75	1	60	1
885	0.75	0.75	1	60	3
886	0.75	0.75	1	60	1
887	0.75	0.75	1	60	1
888	0.75	0.75	1	60	1
889	0.75	0.75	1	60	1
890	0.75	0.75	1	60	2
891	0.75	0.75	1	60	1
892	0.75	0.75	1	60	1
893	0.75	0.75	1	60	1
894	0.625	0.75	1	60	2
895	0.75	0.75	1	60	1
896	0.75	0.75	1	60	1
897	0.75	0.75	1	60	1
898	0.75	0.75	1	60	2
899	0.75	0.75	1	60	2
900	0.75	0.75	1	60	2
901	0.5	0.75	1	60	1
902	0.625	0.75	1	60	2
903	0.75	0.75	1	60	1
904	0.75	0.75	1	60	3
905	0.75	0.75	1	60	3
906	0.625	0.75	1	60	1
907	0.75	0.75	1	60	2
908	0.75	0.75	1	60	3
909	0.75	0.75	1	60	2
910	0.75	0.75	1	60	2
911	0.75	0.75	1	60	2
912	0.75	0.75	1	60	1
913	0.625	0.75	1	60	1
914	0.5	0.75	1	60	6
915	0.625	0.75	1	60	6
916	0.75	0.75	1	60	1
917	0.75	0.75	1	60	1
918	0.75	0.75	1	60	2
919	0.75	0.75	1	60	1
920	0.75	0.75	1	60	4
921	0.75	0.75	1	60	2
922	0.75	0.75	1	60	1
923	0.75	0.75	1	60	1
924	0.75	0.75	1	60	3
925	0.75	0.75	1	60	3
926	0.75	0.75	1	60	2
927	0.75	0.75	1	60	2
928	0.625	0.75	1	60	1
929	0.75	0.75	1	60	3
930	0.75	0.75	1	60	2
931	0.75	0.75	1	60	2
932	0.75	0.75	1	60	3
933	0.75	0.75	1	60	3
934	0.75	0.75	1	60	3
935	0.75	0.75	1	60	3
936	0.75	0.75	1	60	1
937	0.75	0.75	1	60	1
938	0.75	0.75	1	60	2
939	0.75	0.75	1	60	1
940	0.75	0.75	1	60	1
941	0.625	0.75	1	60	6
942	0.75	0.75	1	60	3
943	0.75	0.75	1	60	2
944	0.75	0.75	1	60	1
945	0.5	0.75	1	60	2
946	0.625	0.75	1	60	1
947	0.75	0.75	1	60	3
948	0.75	0.75	1	60	1
949	0.75	0.75	1	60	3
950	0.5	0.75	1	60	2
951	0.75	0.75	1	60	2
952	0.75	0.75	1	60	4
953	0.75	0.75	1	60	1
954	0.5	0.75	1	60	4
955	0.75	0.75	1	60	1
956	0.5625	0.75	1	60	2
957	0.75	0.75	1	60	1
958	0.625	0.75	1	60	3
959	0.625	0.75	1	60	3
960	0.75	0.75	1	60	3
961	0.625	0.75	1	60	5
962	0.75	0.75	1	60	1
963	0.75	0.75	1	60	1
964	0.5	0.75	1	60	5
965	0.75	0.75	1	60	2
966	0.75	0.75	1	60	3
967	0.75	0.75	1	60	4
968	0.625	0.75	1	60	2
969	0.625	0.75	1	60	3
970	0.75	0.75	1	60	3
971	0.75	0.75	1	60	2
972	0.625	0.75	1	60	3
973	0.75	0.75	1	60	2
974	0.75	0.75	1	60	1
975	0.75	0.75	1	60	2
976	0.75	0.75	1	60	4
977	0.5	0.75	1	60	3
978	0.75	0.75	1	60	3
979	0.75	0.75	1	60	1
980	0.75	0.75	1	60	3
981	0.75	0.75	1	60	1
982	0.75	0.75	1	60	1
983	0.75	0.75	1	60	1
984	0.75	0.75	1	60	1
985	0.75	0.75	1	60	2
986	0.625	0.75	1	60	1
987	0.625	0.75	1	60	2
988	0.75	0.75	1	60	4
989	0.5	0.75	1	60	4
990	0.75	0.75	1	60	1
991	0.75	0.75	1	60	2
992	0.75	0.75	1	60	1
993	0.75	0.75	1	60	2
994	0.75	0.75	1	60	2
995	0.625	0.75	1	60	3
996	0.75	0.75	1	60	3
997	0.75	0.75	1	60	1
998	0.625	0.75	1	60	2
999	0.5	0.75	1	60	2
1000	0.75	0.75	1	60	2
1001	0.75	0.75	1	60	3
1002	0.75	0.75	1	60	2
1003	0.75	0.75	1	60	1
1004	0.75	0.75	1	60	3
1005	0.75	0.75	1	60	4
1006	0.75	0.75	1	60	1
1007	0.75	0.75	1	60	1
1008	0.5	0.75	1	60	3
1009	0.75	0.75	1	60	2
1010	0.75	0.75	1	60	1
1011	0.75	0.75	1	60	4
1012	0.5	0.75	1	60	5
1013	0.75	0.75	1	60	1
1014	0.75	0.75	1	60	2
1015	0.75	0.75	1	60	1
1016	0.75	0.75	1	60	2
1017	0.75	0.75	1	60	1
1018	0.75	0.75	1	60	2
1019	0.75	0.75	1	60	3
1020	0.75	0.75	1	60	1
1021	0.5	0.75	1	60	4
1022	0.75	0.75	1	60	2
1023	0.625	0.75	1	60	2
1024	0.75	0.75	1	60	1
1025	0.75	0.75	1	60	1
1026	0.75	0.75	1	60	3
1027	0.75	0.75	1	60	4
1028	0.75	0.75	1	60	4
1029	0.75	0.75	1	60	2
1030	0.75	0.75	1	60	1
1031	0.75	0.75	1	60	1
1032	0.75	0.75	1	60	2
1033	0.75	0.75	1	60	3
1034	0.75	0.75	1	60	5
1035	0.75	0.75	1	60	1
1036	0.75	0.75	1	60	3
1037	0.75	0.75	1	60	1
1038	0.5	0.75	1	60	2
1039	0.75	0.75	1	60	1
1040	0.625	0.75	1	60	3
1041	0.5	0.75	1	60	6
1042	0.75	0.75	1	60	3
1043	0.75	0.75	1	60	1
1044	0.75	0.75	1	60	2
1045	0.5	0.75	1	60	4
1046	0.75	0.75	1	60	2
1047	0.75	0.75	1	60	5
1048	0.75	0.75	1	60	2
1049	0.75	0.75	1	60	1
1050	0.75	0.75	1	60	2
1051	0.75	0.75	1	60	2
1052	0.75	0.75	1	60	2
1053	0.625	0.75	1	60	4
1054	0.75	0.75	1	60	2
1055	0.75	0.75	1	60	4
1056	0.75	0.75	1	60	4
1057	0.75	0.75	1	60	2
1058	0.5	0.75	1	60	4
1059	0.75	0.75	1	60	4
1060	0.5	0.75	1	60	3
1061	0.625	0.75	1	60	2
1062	0.75	0.75	1	60	1
1063	0.75	0.75	1	60	2
1064	0.75	0.75	1	60	1
1065	0.75	0.75	1	60	3
1066	0.75	0.75	1	60	3
1067	0.625	0.75	1	60	6
1068	0.625	0.75	1	60	6
1069	0.5	0.75	1	60	4
1070	0.5	0.75	1	60	4
1071	0.75	0.75	1	60	2
1072	0.75	0.75	1	60	1
1073	0.75	0.75	1	60	3
1074	0.625	0.75	1	60	3
1075	0.75	0.75	1	60	4
1076	0.75	0.75	1	60	2
1077	0.75	0.75	1	60	1
1078	0.75	0.75	1	60	2
1079	0.625	0.75	1	60	2
1080	0.75	0.75	1	60	3
1081	0.75	0.75	1	60	1
1082	0.625	0.75	1	60	4
1083	0.75	0.75	1	60	5
1084	0.75	0.75	1	60	4
1085	0.5	0.75	1	60	2
1086	0.5	0.75	1	60	1
1087	0.75	0.75	1	60	1
1088	0.5	0.75	1	60	4
1089	0.75	0.75	1	60	1
1090	0.75	0.75	1	60	1
1091	0.75	0.75	1	60	1
1092	0.75	0.75	1	60	1
1093	0.5	0.75	1	60	4
1094	0.75	0.75	1	60	2
1095	0.625	0.75	1	60	3
1096	0.5	0.75	1	60	3
1097	0.75	0.75	1	60	3
1098	0.75	0.75	1	60	2
1099	0.75	0.75	1	60	3
1100	0.75	0.75	1	60	2
1101	0.75	0.75	1	60	1
1102	0.75	0.75	1	60	1
1103	0.75	0.75	1	60	1
1104	0.75	0.75	1	60	2
1105	0.75	0.75	1	60	3
1106	0.75	0.75	1	60	2
1107	0.75	0.75	1	60	2
1108	0.75	0.75	1	60	2
1109	0.5	0.75	1	60	3
1110	0.25	0.75	1	60	1
1111	0.5	0.75	1	60	5
1112	0.75	0.75	1	60	1
1113	0.75	0.75	1	60	4
1114	0.75	0.75	1	60	2
1115	0.625	0.75	1	60	5
1116	0.625	0.75	1	60	3
1117	0.625	0.75	1	60	3
1118	0.75	0.75	1	60	2
1119	0.75	0.75	1	60	2
1120	0.75	0.75	1	60	1
1121	0.75	0.75	1	60	1
1122	0.75	0.75	1	60	1
1123	0.75	0.75	1	60	1
1124	0.75	0.75	1	60	4
1125	0.75	0.75	1	60	2
1126	0.75	0.75	1	60	2
1127	0.75	0.75	1	60	1
1128	0.75	0.75	1	60	3
1129	0.75	0.75	1	60	2
1130	0.75	0.75	1	60	1
1131	0.75	0.75	1	60	1
1132	0.75	0.75	1	60	2
1133	0.75	0.75	1	60	1
1134	0.75	0.75	1	60	3
1135	0.75	0.75	1	60	1
1136	0.5	0.75	1	60	3
1137	0.75	0.75	1	60	2
1138	0.75	0.75	1	60	3
1139	0.5	0.75	1	60	2
1140	0.75	0.75	1	60	3
1141	0.75	0.75	1	60	1
1142	0.75	0.75	1	60	2
1143	0.75	0.75	1	60	1
1144	0.75	0.75	1	60	1
1145	0.75	0.75	1	60	1
1146	0.75	0.75	1	60	2
1147	0.75	0.75	1	60	2
1148	0.75	0.75	1	60	1
1149	0.75	0.75	1	60	4
1150	0.5625	0.75	1	60	4
1151	0.75	0.75	1	60	3
1152	0.75	0.75	1	60	2
1153	0.625	0.75	1	60	2
1154	0.5625	0.75	1	60	3
1155	0.75	0.75	1	60	1
1156	0.75	0.75	1	60	3
1157	0.625	0.75	1	60	3
1158	0.6875	0.75	1	60	2
1159	0.5	0.75	1	60	4
1160	0.75	0.75	1	60	3
1161	0.75	0.75	1	60	3
1162	0.75	0.75	1	60	2
1163	0.75	0.75	1	60	1
1164	0.75	0.75	1	60	1
1165	0.75	0.75	1	60	1
1166	0.75	0.75	1	60	2
1167	0.75	0.75	1	60	3
1168	0.75	0.75	1	60	1
1169	0.75	0.75	1	60	2
1170	0.625	0.75	1	60	5
1171	0.6875	0.75	1	60	3
1172	0.75	0.75	1	60	1
1173	0.75	0.75	1	60	1
1174	0.75	0.75	1	60	4
1175	0.75	0.75	1	60	2
1176	0.75	0.75	1	60	1
1177	0.5625	0.75	1	60	4
1178	0.75	0.75	1	60	1
1179	0.625	0.75	1	60	2
1180	0.75	0.75	1	60	4
1181	0.75	0.75	1	60	3
1182	0.4375	0.75	1	60	4
1183	0.75	0.75	1	60	3
1184	0.625	0.75	1	60	3
1185	0.75	0.75	1	60	4
1186	0.75	0.75	1	60	1
1187	0.75	0.75	1	60	3
1188	0.625	0.75	1	60	3
1189	0.75	0.75	1	60	1
1190	0.5	0.75	1	60	1
1191	0.75	0.75	1	60	3
1192	0.5	0.75	1	60	3
1193	0.75	0.75	1	60	1
1194	0.75	0.75	1	60	3
1195	0.75	0.75	1	60	4
1196	0.75	0.75	1	60	1
1197	0.75	0.75	1	60	2
1198	0.75	0.75	1	60	2
1199	0.625	0.75	1	60	2
1200	0.5	0.75	1	60	3
1201	0.75	0.75	1	60	4
1202	0.75	0.75	1	60	2
1203	0.75	0.75	1	60	2
1204	0.75	0.75	1	60	2
1205	0.75	0.75	1	60	4
1206	0.5625	0.75	1	60	4
1207	0.75	0.75	1	60	1
1208	0.75	0.75	1	60	3
1209	0.75	0.75	1	60	3
1210	0.75	0.75	1	60	2
1211	0.75	0.75	1	60	5
1212	0.75	0.75	1	60	2
1213	0.75	0.75	1	60	1
1214	0.75	0.75	1	60	2
1215	0.625	0.75	1	60	4
1216	0.5	0.75	1	60	2
1217	0.625	0.75	1	60	2
1218	0.625	0.75	1	60	2
1219	0.625	0.75	1	60	4
1220	0.75	0.75	1	60	1
1221	0.75	0.75	1	60	1
1222	0.75	0.75	1	60	3
1223	0.75	0.75	1	60	3
1224	0.5	0.75	1	60	3
1225	0.75	0.75	1	60	2
1226	0.75	0.75	1	60	1
1227	0.75	0.75	1	60	4
1228	0.75	0.75	1	60	3
1229	0.75	0.75	1	60	3
1230	0.75	0.75	1	60	2
1231	0.75	0.75	1	60	2
1232	0.75	0.75	1	60	1
1233	0.75	0.75	1	60	1
1234	0.75	0.75	1	60	2
1235	0.75	0.75	1	60	4
1236	0.75	0.75	1	60	1
1237	0.75	0.75	1	60	3
1238	0.75	0.75	1	60	1
1239	0.75	0.75	1	60	1
1240	0.75	0.75	1	60	1
1241	0.625	0.75	1	60	4
1242	0.75	0.75	1	60	2
1243	0.5625	0.75	1	60	3
1244	0.75	0.75	1	60	1
1245	0.625	0.75	1	60	2
1246	0.75	0.75	1	60	2
1247	0.625	0.75	1	60	3
1248	0.75	0.75	1	60	1
1249	0.625	0.75	1	60	1
1250	0.75	0.75	1	60	2
1251	0.75	0.75	1	60	2
1252	0.6875	0.75	1	60	1
1253	0.75	0.75	1	60	1
1254	0.75	0.75	1	60	1
1255	0.75	0.75	1	60	3
1256	0.625	0.75	1	60	3
1257	0.75	0.75	1	60	2
1258	0.5625	0.75	1	60	3
1259	0.75	0.75	1	60	1
1260	0.5625	0.75	1	60	5
1261	0.75	0.75	1	60	1
1262	0.625	0.75	1	60	2
1263	0.75	0.75	1	60	4
1264	0.75	0.75	1	60	2
1265	0.75	0.75	1	60	1
1266	0.75	0.75	1	60	1
1267	0.6875	0.75	1	60	2
1268	0.75	0.75	1	60	1
1269	0.75	0.75	1	60	2
1270	0.625	0.75	1	60	2
1271	0.75	0.75	1	60	1
1272	0.75	0.75	1	60	3
1273	0.75	0.75	1	60	2
1274	0.75	0.75	1	60	1
1275	0.75	0.75	1	60	2
1276	0.75	0.75	1	60	1
1277	0.75	0.75	1	60	1
1278	0.625	0.75	1	60	4
1279	0.625	0.75	1	60	6
1280	0.625	0.75	1	60	2
1281	0.75	0.75	1	60	1
1282	0.75	0.75	1	60	4
1283	0.75	0.75	1	60	1
1284	0.75	0.75	1	60	3
1285	0.625	0.75	1	60	2
1286	0.75	0.75	1	60	3
1287	0.75	0.75	1	60	2
1288	0.75	0.75	1	60	2
1289	0.5625	0.75	1	60	3
1290	0.75	0.75	1	60	1
1291	0.75	0.75	1	60	2
1292	0.625	0.75	1	60	2
1293	0.5625	0.75	1	60	3
1294	0.75	0.75	1	60	3
1295	0.75	0.75	1	60	2
1296	0.75	0.75	1	60	4
1297	0.75	0.75	1	60	1
1298	0.75	0.75	1	60	3
1299	0.75	0.75	1	60	2
1300	0.75	0.75	1	60	1
1301	0.625	0.75	1	60	4
1302	0.75	0.75	1	60	1
1303	0.75	0.75	1	60	1
1304	0.75	0.75	1	60	2
1305	0.75	0.75	1	60	2
1306	0.75	0.75	1	60	4
1307	0.75	0.75	1	60	1
1308	0.625	0.75	1	60	2
1309	0.75	0.75	1	60	4
1310	0.75	0.75	1	60	1
1311	0.5625	0.75	1	60	2
1312	0.75	0.75	1	60	1
1313	0.75	0.75	1	60	2
1314	0.75	0.75	1	60	1
1315	0.75	0.75	1	60	2
1316	0.75	0.75	1	60	1
1317	0.625	0.75	1	60	4
1318	0.75	0.75	1	60	3
1319	0.75	0.75	1	60	1
1320	0.75	0.75	1	60	1
1321	0.75	0.75	1	60	1
1322	0.75	0.75	1	60	1
1323	0.625	0.75	1	60	2
1324	0.5625	0.75	1	60	5
1325	0.75	0.75	1	60	2
1326	0.75	0.75	1	60	1
1327	0.75	0.75	1	60	2
1328	0.75	0.75	1	60	1
1329	0.625	0.75	1	60	5
1330	0.75	0.75	1	60	2
1331	0.75	0.75	1	60	1
1332	0.75	0.75	1	60	1
1333	0.75	0.75	1	60	2
1334	0.75	0.75	1	60	3
1335	0.625	0.75	1	60	3
1336	0.75	0.75	1	60	2
1337	0.625	0.75	1	60	3
1338	0.625	0.75	1	60	3
1339	0.75	0.75	1	60	2
1340	0.625	0.75	1	60	2
1341	0.75	0.75	1	60	3
1342	0.75	0.75	1	60	3
1343	0.5625	0.75	1	60	2
1344	0.75	0.75	1	60	3
1345	0.75	0.75	1	60	4
1346	0.75	0.75	1	60	1
1347	0.75	0.75	1	60	3
1348	0.75	0.75	1	60	1
1349	0.75	0.75	1	60	2
1350	0.75	0.75	1	60	4
1351	0.75	0.75	1	60	3
1352	0.75	0.75	1	60	1
1353	0.625	0.75	1	60	4
1354	0.625	0.75	1	60	3
1355	0.75	0.75	1	60	2
1356	0.75	0.75	1	60	2
1357	0.75	0.75	1	60	4
1358	0.75	0.75	1	60	1
1359	0.6875	0.75	1	60	3
1360	0.75	0.75	1	60	1
1361	0.75	0.75	1	60	3
1362	0.75	0.75	1	60	3
1363	0.75	0.75	1	60	1
1364	0.5	0.75	1	60	3
1365	0.625	0.75	1	60	3
1366	0.75	0.75	1	60	1
1367	0.75	0.75	1	60	2
1368	0.5	0.75	1	60	2
1369	0.75	0.75	1	60	4
1370	0.75	0.75	1	60	3
1371	0.5	0.75	1	60	5
1372	0.75	0.75	1	60	2
1373	0.75	0.75	1	60	1
1374	0.75	0.75	1	60	1
1375	0.75	0.75	1	60	1
1376	0.75	0.75	1	60	2
1377	0.75	0.75	1	60	2
1378	0.5	0.75	1	60	3
1379	0.75	0.75	1	60	1
1380	0.75	0.75	1	60	1
1381	0.75	0.75	1	60	2
1382	0.5	0.75	1	60	5
1383	0.75	0.75	1	60	2
1384	0.75	0.75	1	60	3
1385	0.5	0.75	1	60	2
1386	0.75	0.75	1	60	2
1387	0.75	0.75	1	60	1
1388	0.625	0.75	1	60	1
1389	0.5625	0.75	1	60	2
1390	0.75	0.75	1	60	1
1391	0.625	0.75	1	60	4
1392	0.75	0.75	1	60	1
1393	0.75	0.75	1	60	1
1394	0.5	0.75	1	60	3
1395	0.75	0.75	1	60	3
1396	0.75	0.75	1	60	2
1397	0.75	0.75	1	60	2
1398	0.625	0.75	1	60	5
1399	0.75	0.75	1	60	1
1400	0.625	0.75	1	60	3
1401	0.625	0.75	1	60	2
1402	0.75	0.75	1	60	1
1403	0.75	0.75	1	60	3
1404	0.75	0.75	1	60	2
1405	0.75	0.75	1	60	1
1406	0.625	0.75	1	60	2
1407	0.75	0.75	1	60	2
1408	0.75	0.75	1	60	4
1409	0.75	0.75	1	60	1
1410	0.75	0.75	1	60	1
1411	0.75	0.75	1	60	1
1412	0.75	0.75	1	60	3
1413	0.75	0.75	1	60	4
1414	0.6875	0.75	1	60	4
1415	0.75	0.75	1	60	1
1416	0.75	0.75	1	60	1
1417	0.75	0.75	1	60	2
1418	0.625	0.75	1	60	2
1419	0.625	0.75	1	60	3
1420	0.75	0.75	1	60	1
1421	0.75	0.75	1	60	4
1422	0.75	0.75	1	60	4
1423	0.625	0.75	1	60	3
1424	0.5	0.75	1	60	4
1425	0.75	0.75	1	60	2
1426	0.75	0.75	1	60	1
1427	0.75	0.75	1	60	2
1428	0.75	0.75	1	60	2
1429	0.75	0.75	1	60	2
1430	0.5625	0.75	1	60	1
1431	0.6875	0.75	1	60	2
1432	0.5	0.75	1	60	3
1433	0.75	0.75	1	60	3
1434	0.625	0.75	1	60	2
1435	0.75	0.75	1	60	3
1436	0.75	0.75	1	60	6
1437	0.75	0.75	1	60	1
1438	0.75	0.75	1	60	3
1439	0.75	0.75	1	60	2
1440	0.75	0.75	1	60	1
1441	0.5625	0.75	1	60	2
1442	0.75	0.75	1	60	2
1443	0.75	0.75	1	60	1
1444	0.75	0.75	1	60	1
1445	0.75	0.75	1	60	8
1446	0.625	0.75	1	60	4
1447	0.75	0.75	1	60	1
1448	0.625	0.75	1	60	1
1449	0.75	0.75	1	60	2
1450	0.75	0.75	1	60	5
1451	0.75	0.75	1	60	2
1452	0.75	0.75	1	60	1
1453	0.75	0.75	1	60	1
1454	0.75	0.75	1	60	2
1455	0.75	0.75	1	60	1
1456	0.75	0.75	1	60	1
1457	0.75	0.75	1	60	1
1458	0.75	0.75	1	60	3
1459	0.75	0.75	1	60	2
1460	0.625	0.75	1	60	3
1461	0.75	0.75	1	60	1
1462	0.75	0.75	1	60	2
1463	0.75	0.75	1	60	2
1464	0.75	0.75	1	60	2
1465	0.75	0.75	1	60	4
1466	0.75	0.75	1	60	1
1467	0.75	0.75	1	60	3
1468	0.75	0.75	1	60	3
1469	0.75	0.75	1	60	1
1470	0.75	0.75	1	60	1
1471	0.75	0.75	1	60	1
1472	0.6875	0.75	1	60	3
1473	0.6875	0.75	1	60	3
1474	0.75	0.75	1	60	1
1475	0.75	0.75	1	60	1
1476	0.75	0.75	1	60	5
1477	0.75	0.75	1	60	2
1478	0.75	0.75	1	60	1
1479	0.75	0.75	1	60	1
1480	0.75	0.75	1	60	2
1481	0.75	0.75	1	60	3
1482	0.75	0.75	1	60	1
1483	0.75	0.75	1	60	2
1484	0.75	0.75	1	60	1
1485	0.75	0.75	1	60	5
1486	0.75	0.75	1	60	2
1487	0.75	0.75	1	60	1
1488	0.75	0.75	1	60	2
1489	0.75	0.75	1	60	2
1490	0.75	0.75	1	60	3
1491	0.5	0.75	1	60	6
1492	0.6875	0.75	1	60	1
1493	0.75	0.75	1	60	3
1494	0.75	0.75	1	60	2
1495	0.75	0.75	1	60	1
1496	0.75	0.75	1	60	1
1497	0.75	0.75	1	60	2
1498	0.75	0.75	1	60	1
1499	0.625	0.75	1	60	1
1500	0.625	0.75	1	60	2
1501	0.75	0.75	1	60	3
1502	0.75	0.75	1	60	3
1503	0.75	0.75	1	60	3
1504	0.75	0.75	1	60	1
1505	0.75	0.75	1	60	2
1506	0.75	0.75	1	60	2
1507	0.75	0.75	1	60	2
1508	0.75	0.75	1	60	1
1509	0.75	0.75	1	60	2
1510	0.75	0.75	1	60	6
1511	0.75	0.75	1	60	2
1512	0.75	0.75	1	60	2
1513	0.75	0.75	1	60	1
1514	0.75	0.75	1	60	1
1515	0.75	0.75	1	60	4
1516	0.5	0.75	1	60	2
1517	0.75	0.75	1	60	1
1518	0.75	0.75	1	60	1
1519	0.75	0.75	1	60	2
1520	0.75	0.75	1	60	2
1521	0.75	0.75	1	60	3
1522	0.75	0.75	1	60	1
1523	0.5	0.75	1	60	3
1524	0.75	0.75	1	60	1
1525	0.75	0.75	1	60	1
1526	0.75	0.75	1	60	3
1527	0.75	0.75	1	60	3
1528	0.75	0.75	1	60	3
1529	0.75	0.75	1	60	2
1530	0.5	0.75	1	60	4
1531	0.75	0.75	1	60	1
1532	0.75	0.75	1	60	3
1533	0.75	0.75	1	60	4
1534	0.75	0.75	1	60	3
1535	0.5	0.75	1	60	3
1536	0.625	0.75	1	60	2
1537	0.75	0.75	1	60	2
1538	0.5	0.75	1	60	2
1539	0.75	0.75	1	60	3
1540	0.75	0.75	1	60	1
1541	0.6875	0.75	1	60	1
1542	0.75	0.75	1	60	1
1543	0.75	0.75	1	60	1
1544	0.75	0.75	1	60	3
1545	0.5	0.75	1	60	3
1546	0.75	0.75	1	60	1
1547	0.75	0.75	1	60	1
1548	0.75	0.75	1	60	2
1549	0.75	0.75	1	60	3
1550	0.625	0.75	1	60	2
1551	0.75	0.75	1	60	2
1552	0.625	0.75	1	60	4
1553	0.75	0.75	1	60	2
1554	0.625	0.75	1	60	2
1555	0.75	0.75	1	60	1
1556	0.75	0.75	1	60	1
1557	0.75	0.75	1	60	3
1558	0.75	0.75	1	60	4
1559	0.75	0.75	1	60	1
1560	0.75	0.75	1	60	2
1561	0.75	0.75	1	60	2
1562	0.75	0.75	1	60	1
1563	0.75	0.75	1	60	2
1564	0.75	0.75	1	60	2
1565	0.75	0.75	1	60	1
1566	0.75	0.75	1	60	1
1567	0.75	0.75	1	60	2
1568	0.75	0.75	1	60	4
1569	0.75	0.75	1	60	2
1570	0.75	0.75	1	60	2
1571	0.75	0.75	1	60	2
1572	0.75	0.75	1	60	3
1573	0.75	0.75	1	60	1
1574	0.75	0.75	1	60	1
1575	0.75	0.75	1	60	2
1576	0.625	0.75	1	60	4
1577	0.6875	0.75	1	60	1
1578	0.625	0.75	1	60	2
1579	0.75	0.75	1	60	2
1580	0.75	0.75	1	60	1
1581	0.75	0.75	1	60	1
1582	0.5	0.75	1	60	4
1583	0.6875	0.75	1	60	1
1584	0.75	0.75	1	60	4
1585	0.625	0.75	1	60	2
1586	0.75	0.75	1	60	2
1587	0.75	0.75	1	60	1
1588	0.5625	0.75	1	60	2
1589	0.75	0.75	1	60	3
1590	0.75	0.75	1	60	1
1591	0.75	0.75	1	60	3
1592	0.75	0.75	1	60	2
1593	0.75	0.75	1	60	3
1594	0.5625	0.75	1	60	4
1595	0.75	0.75	1	60	5
1596	0.75	0.75	1	60	2
1597	0.75	0.75	1	60	3
1598	0.75	0.75	1	60	1
1599	0.75	0.75	1	60	1
1600	0.6875	0.75	1	60	2
1601	0.5	0.75	1	60	2
1602	0.75	0.75	1	60	1
1603	0.5	0.75	1	60	4
1604	0.75	0.75	1	60	2
1605	0.75	0.75	1	60	3
1606	0.75	0.75	1	60	1
1607	0.6875	0.75	1	60	1
1608	0.625	0.75	1	60	3
1609	0.75	0.75	1	60	3
1610	0.5625	0.75	1	60	2
1611	0.75	0.75	1	60	1
1612	0.75	0.75	1	60	1
1613	0.6875	0.75	1	60	3
1614	0.75	0.75	1	60	3
1615	0.75	0.75	1	60	1
1616	0.625	0.75	1	60	3
1617	0.625	0.75	1	60	3
1618	0.75	0.75	1	60	1
1619	0.75	0.75	1	60	1
1620	0.75	0.75	1	60	1
1621	0.75	0.75	1	60	1
1622	0.75	0.75	1	60	3
1623	0.75	0.75	1	60	1
1624	0.75	0.75	1	60	3
1625	0.75	0.75	1	60	2
1626	0.75	0.75	1	60	1
1627	0.75	0.75	1	60	2
1628	0.5	0.75	1	60	3
1629	0.625	0.75	1	60	1
1630	0.75	0.75	1	60	2
1631	0.75	0.75	1	60	2
1632	0.625	0.75	1	60	4
1633	0.5	0.75	1	60	2
1634	0.625	0.75	1	60	3
1635	0.75	0.75	1	60	2
1636	0.75	0.75	1	60	2
1637	0.75	0.75	1	60	4
1638	0.75	0.75	1	60	2
1639	0.6875	0.75	1	60	3
1640	0.5	0.75	1	60	2
1641	0.75	0.75	1	60	3
1642	0.75	0.75	1	60	4
1643	0.625	0.75	1	60	1
1644	0.75	0.75	1	60	2
1645	0.5	0.75	1	60	2
1646	0.75	0.75	1	60	3
1647	0.75	0.75	1	60	2
1648	0.625	0.75	1	60	2
1649	0.75	0.75	1	60	1
1650	0.75	0.75	1	60	1
1651	0.75	0.75	1	60	1
1652	0.75	0.75	1	60	2
1653	0.75	0.75	1	60	1
1654	0.75	0.75	1	60	2
1655	0.75	0.75	1	60	1
1656	0.75	0.75	1	60	3
1657	0.75	0.75	1	60	2
1658	0.6875	0.75	1	60	5
1659	0.75	0.75	1	60	2
1660	0.75	0.75	1	60	3
1661	0.75	0.75	1	60	1
1662	0.75	0.75	1	60	6
1663	0.5	0.75	1	60	2
1664	0.75	0.75	1	60	4
1665	0.75	0.75	1	60	2
1666	0.75	0.75	1	60	4
1667	0.625	0.75	1	60	1
1668	0.75	0.75	1	60	2
1669	0.75	0.75	1	60	2
1670	0.75	0.75	1	60	3
1671	0.75	0.75	1	60	1
1672	0.625	0.75	1	60	4
1673	0.75	0.75	1	60	3
1674	0.5	0.75	1	60	6
1675	0.75	0.75	1	60	2
1676	0.75	0.75	1	60	2
1677	0.75	0.75	1	60	2
1678	0.75	0.75	1	60	3
1679	0.75	0.75	1	60	3
1680	0.75	0.75	1	60	1
1681	0.75	0.75	1	60	1
1682	0.75	0.75	1	60	1
1683	0.75	0.75	1	60	1
1684	0.5	0.75	1	60	6
1685	0.75	0.75	1	60	1
1686	0.5	0.75	1	60	4
1687	0.75	0.75	1	60	2
1688	0.75	0.75	1	60	1
1689	0.75	0.75	1	60	1
1690	0.75	0.75	1	60	1
1691	0.75	0.75	1	60	3
1692	0.75	0.75	1	60	1
1693	0.75	0.75	1	60	2
1694	0.75	0.75	1	60	2
1695	0.75	0.75	1	60	2
1696	0.75	0.75	1	60	1
1697	0.75	0.75	1	60	1
1698	0.75	0.75	1	60	4
1699	0.75	0.75	1	60	1
1700	0.75	0.75	1	60	2
1701	0.75	0.75	1	60	1
1702	0.75	0.75	1	60	1
1703	0.75	0.75	1	60	4
1704	0.75	0.75	1	60	1
1705	0.5	0.75	1	60	4
1706	0.75	0.75	1	60	5
1707	0.75	0.75	1	60	1
1708	0.75	0.75	1	60	1
1709	0.75	0.75	1	60	2
1710	0.75	0.75	1	60	2
1711	0.75	0.75	1	60	1
1712	0.75	0.75	1	60	2
1713	0.75	0.75	1	60	2
1714	0.75	0.75	1	60	1
1715	0.75	0.75	1	60	4
1716	0.5	0.75	1	60	4
1717	0.6875	0.75	1	60	1
1718	0.75	0.75	1	60	4
1719	0.625	0.75	1	60	2
1720	0.75	0.75	1	60	1
1721	0.75	0.75	1	60	1
1722	0.75	0.75	1	60	1
1723	0.75	0.75	1	60	4
1724	0.5625	0.75	1	60	4
1725	0.625	0.75	1	60	3
1726	0.75	0.75	1	60	2
1727	0.75	0.75	1	60	2
1728	0.75	0.75	1	60	2
1729	0.625	0.75	1	60	2
1730	0.75	0.75	1	60	2
1731	0.75	0.75	1	60	2
1732	0.75	0.75	1	60	1
1733	0.75	0.75	1	60	2
1734	0.75	0.75	1	60	1
1735	0.75	0.75	1	60	4
1736	0.625	0.75	1	60	2
1737	0.75	0.75	1	60	2
1738	0.75	0.75	1	60	1
1739	0.75	0.75	1	60	1
1740	0.75	0.75	1	60	1
1741	0.6875	0.75	1	60	5
1742	0.75	0.75	1	60	2
1743	0.75	0.75	1	60	2
1744	0.75	0.75	1	60	1
1745	0.75	0.75	1	60	1
1746	0.625	0.75	1	60	4
1747	0.75	0.75	1	60	3
1748	0.75	0.75	1	60	2
1749	0.75	0.75	1	60	2
1750	0.75	0.75	1	60	1
1751	0.75	0.75	1	60	1
1752	0.6875	0.75	1	60	6
1753	0.625	0.75	1	60	3
1754	0.75	0.75	1	60	1
1755	0.75	0.75	1	60	3
1756	0.75	0.75	1	60	1
1757	0.75	0.75	1	60	1
1758	0.625	0.75	1	60	5
1759	0.6875	0.75	1	60	1
1760	0.75	0.75	1	60	4
1761	0.75	0.75	1	60	2
1762	0.75	0.75	1	60	1
1763	0.75	0.75	1	60	1
1764	0.75	0.75	1	60	1
1765	0.75	0.75	1	60	1
1766	0.75	0.75	1	60	1
1767	0.625	0.75	1	60	2
1768	0.5	0.75	1	60	4
1769	0.75	0.75	1	60	7
1770	0.625	0.75	1	60	2
1771	0.75	0.75	1	60	1
1772	0.75	0.75	1	60	2
1773	0.75	0.75	1	60	3
1774	0.75	0.75	1	60	3
1775	0.75	0.75	1	60	3
1776	0.75	0.75	1	60	3
1777	0.75	0.75	1	60	3
1778	0.75	0.75	1	60	3
1779	0.625	0.75	1	60	7
1780	0.5	0.75	1	60	4
1781	0.75	0.75	1	60	2
1782	0.75	0.75	1	60	1
1783	0.75	0.75	1	60	2
1784	0.75	0.75	1	60	1
1785	0.6875	0.75	1	60	1
1786	0.5	0.75	1	60	4
1787	0.75	0.75	1	60	1
1788	0.75	0.75	1	60	1
1789	0.75	0.75	1	60	1
1790	0.75	0.75	1	60	1
1791	0.6875	0.75	1	60	1
1792	0.8125	0.8125	1	60	4
1793	0.8125	0.8125	1	60	1
1794	0.8125	0.8125	1	60	1
1795	0.8125	0.8125	1	60	3
1796	0.8125	0.8125	1	60	2
1797	0.6875	0.8125	1	60	1
1798	0.8125	0.8125	1	60	6
1799	0.8125	0.8125	1	60	2
1800	0.625	0.8125	1	60	4
1801	0.75	0.8125	1	60	1
1802	0.8125	0.8125	1	60	3
1803	0.8125	0.8125	1	60	2
1804	0.8125	0.8125	1	60	3
1805	0.8125	0.8125	1	60	4
1806	0.8125	0.8125	1	60	1
1807	0.8125	0.8125	1	60	2
1808	0.8125	0.8125	1	60	2
1809	0.5	0.8125	1	60	4
1810	0.8125	0.8125	1	60	2
1811	0.5625	0.8125	1	60	3
1812	0.8125	0.8125	1	60	1
1813	0.8125	0.8125	1	60	3
1814	0.8125	0.8125	1	60	1
1815	0.8125	0.8125	1	60	1
1816	0.5	0.8125	1	60	2
1817	0.75	0.8125	1	60	3
1818	0.75	0.8125	1	60	1
1819	0.8125	0.8125	1	60	2
1820	0.8125	0.8125	1	60	1
1821	0.8125	0.8125	1	60	2
1822	0.8125	0.8125	1	60	2
1823	0.6875	0.8125	1	60	2
1824	0.6875	0.8125	1	60	2
1825	0.8125	0.8125	1	60	3
1826	0.8125	0.8125	1	60	2
1827	0.75	0.8125	1	60	4
1828	0.6875	0.8125	1	60	2
1829	0.8125	0.8125	1	60	8
1830	0.8125	0.8125	1	60	2
1831	0.8125	0.8125	1	60	1
1832	0.8125	0.8125	1	60	3
1833	0.625	0.8125	1	60	3
1834	0.5625	0.8125	1	60	2
1835	0.8125	0.8125	1	60	1
1836	0.75	0.8125	1	60	2
1837	0.8125	0.8125	1	60	1
1838	0.8125	0.8125	1	60	1
1839	0.8125	0.8125	1	60	1
1840	0.8125	0.8125	1	60	4
1841	0.8125	0.8125	1	60	1
1842	0.6875	0.8125	1	60	2
1843	0.8125	0.8125	1	60	1
1844	0.8125	0.8125	1	60	1
1845	0.8125	0.8125	1	60	3
1846	0.6875	0.8125	1	60	3
1847	0.8125	0.8125	1	60	1
1848	0.8125	0.8125	1	60	1
1849	0.8125	0.8125	1	60	1
1850	0.8125	0.8125	1	60	2
1851	0.6875	0.8125	1	60	1
1852	0.75	0.8125	1	60	3
1853	0.8125	0.8125	1	60	3
1854	0.75	0.8125	1	60	2
1855	0.5625	0.8125	1	60	3
1856	0.6875	0.8125	1	60	2
1857	0.8125	0.8125	1	60	2
1858	0.8125	0.8125	1	60	1
1859	0.8125	0.8125	1	60	3
1860	0.75	0.8125	1	60	3
1861	0.8125	0.8125	1	60	1
1862	0.8125	0.8125	1	60	3
1863	0.8125	0.8125	1	60	1
1864	0.8125	0.8125	1	60	1
1865	0.6875	0.8125	1	60	3
1866	0.8125	0.8125	1	60	2
1867	0.8125	0.8125	1	60	1
1868	0.8125	0.8125	1	60	3
1869	0.8125	0.8125	1	60	3
1870	0.8125	0.8125	1	60	2
1871	0.8125	0.8125	1	60	2
1872	0.8125	0.8125	1	60	2
1873	0.625	0.8125	1	60	3
1874	0.8125	0.8125	1	60	2
1875	0.625	0.8125	1	60	4
1876	0.8125	0.8125	1	60	2
1877	0.8125	0.8125	1	60	1
1878	0.8125	0.8125	1	60	4
1879	0.8125	0.8125	1	60	1
1880	0.8125	0.8125	1	60	1
1881	0.6875	0.8125	1	60	3
1882	0.8125	0.8125	1	60	3
1883	0.5625	0.8125	1	60	4
1884	0.8125	0.8125	1	60	2
1885	0.375	0.8125	1	60	2
1886	0.8125	0.8125	1	60	1
1887	0.8125	0.8125	1	60	2
1888	0.5625	0.8125	1	60	2
1889	0.8125	0.8125	1	60	2
1890	0.8125	0.8125	1	60	2
1891	0.8125	0.8125	1	60	1
1892	0.8125	0.8125	1	60	2
1893	0.8125	0.8125	1	60	2
1894	0.6875	0.8125	1	60	1
1895	0.75	0.8125	1	60	2
1896	0.6875	0.8125	1	60	3
1897	0.6875	0.8125	1	60	5
1898	0.8125	0.8125	1	60	2
1899	0.6875	0.8125	1	60	3
1900	0.5	0.8125	1	60	3
1901	0.6875	0.8125	1	60	3
1902	0.6875	0.8125	1	60	2
1903	0.8125	0.8125	1	60	3
1904	0.8125	0.8125	1	60	4
1905	0.8125	0.8125	1	60	2
1906	0.8125	0.8125	1	60	1
1907	0.625	0.8125	1	60	4
1908	0.8125	0.8125	1	60	3
1909	0.8125	0.8125	1	60	3
1910	0.8125	0.8125	1	60	4
1911	0.8125	0.8125	1	60	1
1912	0.6875	0.8125	1	60	4
1913	0.8125	0.8125	1	60	1
1914	0.8125	0.8125	1	60	1
1915	0.5	0.8125	1	60	2
1916	0.8125	0.8125	1	60	1
1917	0.6875	0.8125	1	60	4
1918	0.6875	0.8125	1	60	1
1919	0.8125	0.8125	1	60	2
1920	0.625	0.8125	1	60	5
1921	0.8125	0.8125	1	60	2
1922	0.8125	0.8125	1	60	3
1923	0.8125	0.8125	1	60	1
1924	0.8125	0.8125	1	60	1
1925	0.8125	0.8125	1	60	2
1926	0.8125	0.8125	1	60	3
1927	0.8125	0.8125	1	60	4
1928	0.625	0.8125	1	60	1
1929	0.8125	0.8125	1	60	1
1930	0.8125	0.8125	1	60	3
1931	0.8125	0.8125	1	60	2
1932	0.8125	0.8125	1	60	3
1933	0.8125	0.8125	1	60	1
1934	0.8125	0.8125	1	60	3
1935	0.8125	0.8125	1	60	4
1936	0.8125	0.8125	1	60	1
1937	0.8125	0.8125	1	60	1
1938	0.75	0.8125	1	60	2
1939	0.8125	0.8125	1	60	3
1940	0.8125	0.8125	1	60	1
1941	0.8125	0.8125	1	60	4
1942	0.8125	0.8125	1	60	2
1943	0.8125	0.8125	1	60	1
1944	0.8125	0.8125	1	60	1
1945	0.8125	0.8125	1	60	1
1946	0.8125	0.8125	1	60	2
1947	0.8125	0.8125	1	60	3
1948	0.8125	0.8125	1	60	2
1949	0.8125	0.8125	1	60	2
1950	0.8125	0.8125	1	60	2
1951	0.5	0.8125	1	60	3
1952	0.8125	0.8125	1	60	3
1953	0.8125	0.8125	1	60	5
1954	0.8125	0.8125	1	60	4
1955	0.8125	0.8125	1	60	1
1956	0.8125	0.8125	1	60	1
1957	0.3125	0.8125	1	60	2
1958	0.5625	0.8125	1	60	3
1959	0.6875	0.8125	1	60	2
1960	0.6875	0.8125	1	60	2
1961	0.8125	0.8125	1	60	5
1962	0.8125	0.8125	1	60	2
1963	0.8125	0.8125	1	60	4
1964	0.8125	0.8125	1	60	2
1965	0.8125	0.8125	1	60	4
1966	0.8125	0.8125	1	60	2
1967	0.8125	0.8125	1	60	5
1968	0.8125	0.8125	1	60	3
1969	0.8125	0.8125	1	60	3
1970	0.8125	0.8125	1	60	1
1971	0.625	0.8125	1	60	3
1972	0.8125	0.8125	1	60	2
1973	0.8125	0.8125	1	60	3
1974	0.8125	0.8125	1	60	5
1975	0.75	0.8125	1	60	2
1976	0.8125	0.8125	1	60	1
1977	0.8125	0.8125	1	60	2
1978	0.5625	0.8125	1	60	2
1979	0.8125	0.8125	1	60	2
1980	0.5625	0.8125	1	60	4
1981	0.5	0.8125	1	60	4
1982	0.8125	0.8125	1	60	2
1983	0.6875	0.8125	1	60	2
1984	0.625	0.8125	1	60	1
1985	0.8125	0.8125	1	60	3
1986	0.8125	0.8125	1	60	1
1987	0.5625	0.8125	1	60	1
1988	0.8125	0.8125	1	60	3
1989	0.8125	0.8125	1	60	2
1990	0.8125	0.8125	1	60	2
1991	0.8125	0.8125	1	60	1
1992	0.8125	0.8125	1	60	1
1993	0.8125	0.8125	1	60	1
1994	0.625	0.8125	1	60	5
1995	0.8125	0.8125	1	60	2
1996	0.8125	0.8125	1	60	3
1997	0.8125	0.8125	1	60	2
1998	0.8125	0.8125	1	60	2
1999	0.6875	0.8125	1	60	4
2000	0.8125	0.8125	1	60	2
2001	0.8125	0.8125	1	60	3
2002	0.5625	0.8125	1	60	6
2003	0.8125	0.8125	1	60	1
2004	0.8125	0.8125	1	60	2
2005	0.75	0.8125	1	60	1
2006	0.8125	0.8125	1	60	3
2007	0.8125	0.8125	1	60	1
2008	0.8125	0.8125	1	60	4
2009	0.75	0.8125	1	60	2
2010	0.6875	0.8125	1	60	2
2011	0.8125	0.8125	1	60	3
2012	0.8125	0.8125	1	60	3
2013	0.8125	0.8125	1	60	1
2014	0.8125	0.8125	1	60	2
2015	0.5625	0.8125	1	60	3
2016	0.8125	0.8125	1	60	3
2017	0.8125	0.8125	1	60	1
2018	0.8125	0.8125	1	60	1
2019	0.8125	0.8125	1	60	1
2020	0.8125	0.8125	1	60	1
2021	0.8125	0.8125	1	60	2
2022	0.8125	0.8125	1	60	1
2023	0.8125	0.8125	1	60	2
2024	0.75	0.8125	1	60	3
2025	0.8125	0.8125	1	60	2
2026	0.8125	0.8125	1	60	2
2027	0.5	0.8125	1	60	4
2028	0.8125	0.8125	1	60	2
2029	0.8125	0.8125	1	60	3
2030	0.8125	0.8125	1	60	2
2031	0.375	0.8125	1	60	2
2032	0.8125	0.8125	1	60	1
2033	0.8125	0.8125	1	60	1
2034	0.8125	0.8125	1	60	1
2035	0.8125	0.8125	1	60	4
2036	0.8125	0.8125	1	60	1
2037	0.8125	0.8125	1	60	2
2038	0.8125	0.8125	1	60	4
2039	0.625	0.8125	1	60	1
2040	0.8125	0.8125	1	60	3
2041	0.8125	0.8125	1	60	1
2042	0.8125	0.8125	1	60	4
2043	0.8125	0.8125	1	60	1
2044	0.8125	0.8125	1	60	2
2045	0.8125	0.8125	1	60	2
2046	0.8125	0.8125	1	60	2
2047	0.8125	0.8125	1	60	1
2048	0.8125	0.8125	1	60	2
2049	0.8125	0.8125	1	60	1
2050	0.8125	0.8125	1	60	1
2051	0.8125	0.8125	1	60	4
2052	0.8125	0.8125	1	60	3
2053	0.8125	0.8125	1	60	1
2054	0.8125	0.8125	1	60	2
2055	0.8125	0.8125	1	60	2
2056	0.8125	0.8125	1	60	6
2057	0.8125	0.8125	1	60	1
2058	0.6875	0.8125	1	60	2
2059	0.75	0.8125	1	60	1
2060	0.8125	0.8125	1	60	2
2061	0.8125	0.8125	1	60	1
2062	0.8125	0.8125	1	60	3
2063	0.8125	0.8125	1	60	2
2064	0.8125	0.8125	1	60	1
2065	0.6875	0.8125	1	60	3
2066	0.8125	0.8125	1	60	7
2067	0.8125	0.8125	1	60	1
2068	0.8125	0.8125	1	60	2
2069	0.8125	0.8125	1	60	5
2070	0.8125	0.8125	1	60	1
2071	0.5	0.8125	1	60	3
2072	0.8125	0.8125	1	60	1
2073	0.8125	0.8125	1	60	2
2074	0.8125	0.8125	1	60	3
2075	0.8125	0.8125	1	60	7
2076	0.625	0.8125	1	60	3
2077	0.8125	0.8125	1	60	1
2078	0.8125	0.8125	1	60	1
2079	0.6875	0.8125	1	60	3
2080	0.8125	0.8125	1	60	1
2081	0.8125	0.8125	1	60	1
2082	0.8125	0.8125	1	60	1
2083	0.5	0.8125	1	60	2
2084	0.8125	0.8125	1	60	2
2085	0.8125	0.8125	1	60	2
2086	0.8125	0.8125	1	60	1
2087	0.8125	0.8125	1	60	1
2088	0.8125	0.8125	1	60	3
2089	0.8125	0.8125	1	60	3
2090	0.8125	0.8125	1	60	2
2091	0.8125	0.8125	1	60	4
2092	0.875	0.875	1	60	3
2093	0.875	0.875	1	60	3
2094	0.75	0.875	1	60	1
2095	0.6875	0.875	1	60	2
2096	0.875	0.875	1	60	1
2097	0.875	0.875	1	60	1
2098	0.875	0.875	1	60	3
2099	0.875	0.875	1	60	1
2100	0.875	0.875	1	60	2
2101	0.6875	0.875	1	60	4
2102	0.875	0.875	1	60	3
2103	0.875	0.875	1	60	2
2104	0.75	0.875	1	60	2
2105	0.875	0.875	1	60	3
2106	0.875	0.875	1	60	2
2107	0.5	0.875	1	60	1
2108	0.875	0.875	1	60	1
2109	0.875	0.875	1	60	2
2110	0.875	0.875	1	60	5
2111	0.625	0.875	1	60	4
2112	0.625	0.875	1	60	4
2113	0.875	0.875	1	60	4
2114	0.875	0.875	1	60	2
2115	0.75	0.875	1	60	3
2116	0.875	0.875	1	60	4
2117	0.875	0.875	1	60	2
2118	0.875	0.875	1	60	2
2119	0.75	0.875	1	60	6
2120	0.875	0.875	1	60	2
2121	0.875	0.875	1	60	1
2122	0.875	0.875	1	60	4
2123	0.875	0.875	1	60	1
2124	0.5	0.875	1	60	3
2125	0.875	0.875	1	60	1
2126	0.875	0.875	1	60	1
2127	0.875	0.875	1	60	1
2128	0.875	0.875	1	60	1
2129	0.875	0.875	1	60	2
2130	0.875	0.875	1	60	2
2131	0.875	0.875	1	60	1
2132	0.875	0.875	1	60	3
2133	0.625	0.875	1	60	2
2134	0.875	0.875	1	60	3
2135	0.875	0.875	1	60	2
2136	0.625	0.875	1	60	2
2137	0.875	0.875	1	60	3
2138	0.875	0.875	1	60	1
2139	0.875	0.875	1	60	1
2140	0.875	0.875	1	60	2
2141	0.875	0.875	1	60	3
2142	0.75	0.875	1	60	2
2143	0.875	0.875	1	60	3
2144	0.875	0.875	1	60	2
2145	0.875	0.875	1	60	6
2146	0.875	0.875	1	60	1
2147	0.875	0.875	1	60	4
2148	0.875	0.875	1	60	2
2149	0.875	0.875	1	60	2
2150	0.875	0.875	1	60	3
2151	0.875	0.875	1	60	5
2152	0.75	0.875	1	60	4
2153	0.875	0.875	1	60	2
2154	0.875	0.875	1	60	2
2155	0.875	0.875	1	60	7
2156	0.875	0.875	1	60	1
2157	0.875	0.875	1	60	2
2158	0.875	0.875	1	60	4
2159	0.875	0.875	1	60	4
2160	0.875	0.875	1	60	3
2161	0.6875	0.875	1	60	4
2162	0.75	0.875	1	60	4
2163	0.75	0.875	1	60	3
2164	0.875	0.875	1	60	4
2165	0.875	0.875	1	60	1
2166	0.875	0.875	1	60	1
2167	0.875	0.875	1	60	2
2168	0.875	0.875	1	60	1
2169	0.75	0.875	1	60	7
2170	0.875	0.875	1	60	1
2171	0.875	0.875	1	60	1
2172	0.75	0.875	1	60	2
2173	0.875	0.875	1	60	1
2174	0.875	0.875	1	60	1
2175	0.875	0.875	1	60	6
2176	0.875	0.875	1	60	2
2177	0.875	0.875	1	60	2
2178	0.875	0.875	1	60	2
2179	0.875	0.875	1	60	1
2180	0.875	0.875	1	60	1
2181	0.875	0.875	1	60	1
2182	0.875	0.875	1	60	3
2183	0.875	0.875	1	60	2
2184	0.875	0.875	1	60	2
2185	0.875	0.875	1	60	2
2186	0.875	0.875	1	60	2
2187	0.875	0.875	1	60	1
2188	0.875	0.875	1	60	1
2189	0.6875	0.875	1	60	2
2190	0.625	0.875	1	60	2
2191	0.75	0.875	1	60	2
2192	0.875	0.875	1	60	4
2193	0.875	0.875	1	60	1
2194	0.75	0.875	1	60	3
2195	0.6875	0.875	1	60	2
2196	0.625	0.875	1	60	5
2197	0.6875	0.875	1	60	1
2198	0.875	0.875	1	60	3
2199	0.875	0.875	1	60	2
2200	0.875	0.875	1	60	1
2201	0.875	0.875	1	60	1
2202	0.875	0.875	1	60	3
2203	0.875	0.875	1	60	2
2204	0.75	0.875	1	60	6
2205	0.875	0.875	1	60	6
2206	0.875	0.875	1	60	1
2207	0.875	0.875	1	60	3
2208	0.875	0.875	1	60	3
2209	0.875	0.875	1	60	2
2210	0.875	0.875	1	60	1
2211	0.625	0.875	1	60	2
2212	0.875	0.875	1	60	2
2213	0.75	0.875	1	60	5
2214	0.875	0.875	1	60	3
2215	0.875	0.875	1	60	2
2216	0.875	0.875	1	60	1
2217	0.875	0.875	1	60	1
2218	0.875	0.875	1	60	2
2219	0.875	0.875	1	60	3
2220	0.875	0.875	1	60	2
2221	0.875	0.875	1	60	1
2222	0.625	0.875	1	60	3
2223	0.875	0.875	1	60	3
2224	0.875	0.875	1	60	2
2225	0.875	0.875	1	60	4
2226	0.875	0.875	1	60	2
2227	0.75	0.875	1	60	3
2228	0.625	0.875	1	60	4
2229	0.875	0.875	1	60	1
2230	0.875	0.875	1	60	2
2231	0.875	0.875	1	60	2
2232	0.875	0.875	1	60	1
2233	0.625	0.875	1	60	6
2234	0.8125	0.875	1	60	3
2235	0.875	0.875	1	60	3
2236	0.875	0.875	1	60	1
2237	0.875	0.875	1	60	1
2238	0.8125	0.875	1	60	1
2239	0.875	0.875	1	60	1
2240	0.8125	0.875	1	60	1
2241	0.875	0.875	1	60	2
2242	0.875	0.875	1	60	2
2243	0.875	0.875	1	60	1
2244	0.875	0.875	1	60	4
2245	0.875	0.875	1	60	3
2246	0.875	0.875	1	60	1
2247	0.75	0.875	1	60	2
2248	0.875	0.875	1	60	2
2249	0.875	0.875	1	60	1
2250	0.875	0.875	1	60	2
2251	0.875	0.875	1	60	1
2252	0.875	0.875	1	60	3
2253	0.875	0.875	1	60	2
2254	0.875	0.875	1	60	3
2255	0.875	0.875	1	60	1
2256	0.875	0.875	1	60	1
2257	0.875	0.875	1	60	3
2258	0.75	0.875	1	60	3
2259	0.875	0.875	1	60	1
2260	0.875	0.875	1	60	2
2261	0.75	0.875	1	60	3
2262	0.875	0.875	1	60	7
2263	0.875	0.875	1	60	1
2264	0.875	0.875	1	60	1
2265	0.875	0.875	1	60	1
2266	0.875	0.875	1	60	3
2267	0.875	0.875	1	60	4
2268	0.75	0.875	1	60	3
2269	0.875	0.875	1	60	4
2270	0.5	0.875	1	60	2
2271	0.875	0.875	1	60	2
2272	0.875	0.875	1	60	3
2273	0.875	0.875	1	60	2
2274	0.875	0.875	1	60	4
2275	0.875	0.875	1	60	3
2276	0.8125	0.875	1	60	1
2277	0.875	0.875	1	60	4
2278	0.875	0.875	1	60	2
2279	0.875	0.875	1	60	4
2280	0.875	0.875	1	60	1
2281	0.875	0.875	1	60	1
2282	0.8125	0.875	1	60	3
2283	0.75	0.875	1	60	5
2284	0.875	0.875	1	60	2
2285	0.875	0.875	1	60	1
2286	0.75	0.875	1	60	2
2287	0.875	0.875	1	60	2
2288	0.8125	0.875	1	60	4
2289	0.875	0.875	1	60	1
2290	0.875	0.875	1	60	3
2291	0.8125	0.875	1	60	1
2292	0.875	0.875	1	60	3
2293	0.875	0.875	1	60	2
2294	0.875	0.875	1	60	2
2295	0.625	0.875	1	60	1
2296	0.875	0.875	1	60	2
2297	0.875	0.875	1	60	2
2298	0.75	0.875	1	60	3
2299	0.875	0.875	1	60	2
2300	0.875	0.875	1	60	1
2301	0.875	0.875	1	60	4
2302	0.625	0.875	1	60	3
2303	0.875	0.875	1	60	2
2304	0.875	0.875	1	60	2
2305	0.875	0.875	1	60	1
2306	0.875	0.875	1	60	2
2307	0.875	0.875	1	60	1
2308	0.875	0.875	1	60	2
2309	0.875	0.875	1	60	2
2310	0.8125	0.875	1	60	2
2311	0.75	0.875	1	60	4
2312	0.875	0.875	1	60	1
2313	0.8125	0.875	1	60	3
2314	0.875	0.875	1	60	1
2315	0.625	0.875	1	60	4
2316	0.875	0.875	1	60	1
2317	0.875	0.875	1	60	3
2318	0.75	0.875	1	60	1
2319	0.8125	0.875	1	60	4
2320	0.875	0.875	1	60	1
2321	0.875	0.875	1	60	1
2322	0.875	0.875	1	60	1
2323	0.75	0.875	1	60	2
2324	0.875	0.875	1	60	3
2325	0.875	0.875	1	60	1
2326	0.875	0.875	1	60	2
2327	0.75	0.875	1	60	2
2328	0.75	0.875	1	60	2
2329	0.75	0.875	1	60	2
2330	0.875	0.875	1	60	2
2331	0.875	0.875	1	60	1
2332	0.875	0.875	1	60	1
2333	0.875	0.875	1	60	1
2334	0.875	0.875	1	60	1
2335	0.75	0.875	1	60	3
2336	0.875	0.875	1	60	2
2337	0.75	0.875	1	60	1
2338	0.6875	0.875	1	60	4
2339	0.875	0.875	1	60	2
2340	0.875	0.875	1	60	2
2341	0.875	0.875	1	60	5
2342	0.75	0.875	1	60	2
2343	0.875	0.875	1	60	2
2344	0.875	0.875	1	60	1
2345	0.875	0.875	1	60	3
2346	0.625	0.875	1	60	1
2347	0.875	0.875	1	60	1
2348	0.875	0.875	1	60	4
2349	0.875	0.875	1	60	2
2350	0.875	0.875	1	60	2
2351	0.875	0.875	1	60	1
2352	0.875	0.875	1	60	2
2353	0.875	0.875	1	60	4
2354	0.875	0.875	1	60	1
2355	0.875	0.875	1	60	3
2356	0.875	0.875	1	60	1
2357	0.625	0.875	1	60	5
2358	0.8125	0.875	1	60	1
2359	0.75	0.875	1	60	1
2360	0.875	0.875	1	60	4
2361	0.875	0.875	1	60	2
2362	0.625	0.875	1	60	3
2363	0.875	0.875	1	60	3
2364	0.875	0.875	1	60	3
2365	0.875	0.875	1	60	1
2366	0.875	0.875	1	60	3
2367	0.875	0.875	1	60	3
2368	0.875	0.875	1	60	1
2369	0.875	0.875	1	60	1
2370	0.875	0.875	1	60	1
2371	0.875	0.875	1	60	3
2372	0.875	0.875	1	60	3
2373	0.875	0.875	1	60	1
2374	0.875	0.875	1	60	1
2375	0.875	0.875	1	60	1
2376	0.875	0.875	1	60	1
2377	0.875	0.875	1	60	1
2378	0.875	0.875	1	60	3
2379	0.875	0.875	1	60	2
2380	0.875	0.875	1	60	1
2381	0.875	0.875	1	60	1
2382	0.875	0.875	1	60	3
2383	0.875	0.875	1	60	2
2384	0.875	0.875	1	60	3
2385	0.875	0.875	1	60	3
2386	0.75	0.875	1	60	4
2387	0.75	0.875	1	60	2
2388	0.875	0.875	1	60	1
2389	0.875	0.875	1	60	3
2390	0.75	0.875	1	60	1
2391	0.875	0.875	1	60	1
2392	0.875	0.875	1	60	3
2393	0.875	0.875	1	60	2
2394	0.625	0.875	1	60	3
2395	0.875	0.875	1	60	3
2396	0.875	0.875	1	60	1
2397	0.875	0.875	1	60	1
2398	0.875	0.875	1	60	5
2399	0.875	0.875	1	60	1
2400	0.875	0.875	1	60	3
2401	0.875	0.875	1	60	2
2402	0.875	0.875	1	60	1
2403	0.875	0.875	1	60	1
2404	0.875	0.875	1	60	1
2405	0.875	0.875	1	60	3
2406	0.875	0.875	1	60	5
2407	0.875	0.875	1	60	1
2408	0.875	0.875	1	60	2
2409	0.75	0.875	1	60	1
2410	0.625	0.875	1	60	3
2411	0.875	0.875	1	60	2
2412	0.875	0.875	1	60	1
2413	0.625	0.875	1	60	3
2414	0.875	0.875	1	60	2
2415	0.875	0.875	1	60	3
2416	0.875	0.875	1	60	2
2417	0.75	0.875	1	60	2
2418	0.875	0.875	1	60	3
2419	0.875	0.875	1	60	2
2420	0.875	0.875	1	60	2
2421	0.875	0.875	1	60	3
2422	0.75	0.875	1	60	2
2423	0.875	0.875	1	60	2
2424	0.875	0.875	1	60	3
2425	0.75	0.875	1	60	2
2426	0.875	0.875	1	60	2
2427	0.875	0.875	1	60	4
2428	0.75	0.875	1	60	1
2429	0.875	0.875	1	60	2
2430	0.875	0.875	1	60	1
2431	0.75	0.875	1	60	4
2432	0.875	0.875	1	60	3
2433	0.875	0.875	1	60	3
2434	0.875	0.875	1	60	1
2435	0.875	0.875	1	60	2
2436	0.875	0.875	1	60	1
2437	0.875	0.875	1	60	1
2438	0.75	0.875	1	60	3
2439	0.875	0.875	1	60	1
2440	0.75	0.875	1	60	1
2441	0.875	0.875	1	60	2
2442	0.75	0.875	1	60	3
2443	0.875	0.875	1	60	1
2444	0.875	0.875	1	60	2
2445	0.875	0.875	1	60	2
2446	0.875	0.875	1	60	1
2447	0.75	0.875	1	60	4
2448	0.625	0.875	1	60	6
2449	0.75	0.875	1	60	3
2450	0.875	0.875	1	60	3
2451	0.875	0.875	1	60	1
2452	0.875	0.875	1	60	1
2453	0.875	0.875	1	60	3
2454	0.875	0.875	1	60	2
2455	0.875	0.875	1	60	1
2456	1	1	1	60	1
## Seeds    : 1502475216, 96863
## Runtime  : 0h 0m 2s.
## Begins at: Sun Aug 30 11:33:36 2020
## Ends   at: Sun Aug 30 11:33:38 2020
