1	0.517197
2	0.538173
3	0.538173
4	0.548131
5	0.548131
6	0.549791
7	0.551172
8	0.610586
9	0.610586
10	0.610586
11	0.612957
12	0.613417
13	0.613612
14	0.613612
15	0.625816
16	0.630683
17	0.630683
18	0.631381
19	0.631381
20	0.631381
21	0.641199
22	0.642817
23	0.642817
24	0.642817
25	0.664533
26	0.665955
27	0.665997
28	0.665997
29	0.665997
30	0.666234
31	0.67463
32	0.675384
33	0.676527
34	0.676527
35	0.676527
36	0.676527
37	0.676527
38	0.676527
39	0.677225
40	0.677225
41	0.677225
42	0.677225
43	0.677225
44	0.677225
45	0.677225
46	0.677225
47	0.677225
48	0.677225
49	0.677225
50	0.677225
51	0.677225
52	0.677225
53	0.677225
54	0.677225
55	0.677225
56	0.677225
57	0.677225
58	0.677225
59	0.677225
60	0.677225
61	0.677671
62	0.677671
63	0.677671
64	0.677671
65	0.677671
66	0.677671
67	0.677671
68	0.677671
69	0.677671
70	0.677671
71	0.678396
72	0.678396
73	0.678396
74	0.678396
75	0.678396
76	0.678396
77	0.678396
78	0.678396
79	0.67841
80	0.67841
81	0.67841
82	0.67841
83	0.67841
84	0.67841
85	0.67841
86	0.67841
87	0.67841
88	0.67841
89	0.678856
90	0.681702
91	0.681953
92	0.681953
93	0.681953
94	0.681953
95	0.681953
96	0.681953
97	0.681953
98	0.698061
99	0.698061
100	0.698061
101	0.698061
102	0.698061
103	0.698061
104	0.698061
105	0.698061
106	0.698061
107	0.698061
108	0.698536
109	0.698536
110	0.698536
111	0.698536
112	0.698536
113	0.698536
114	0.698536
115	0.698536
116	0.698536
117	0.698536
118	0.698536
119	0.698536
120	0.698536
121	0.698536
122	0.698536
123	0.698536
124	0.698536
125	0.698536
126	0.698536
127	0.698536
128	0.698536
129	0.698536
130	0.698536
131	0.698536
132	0.698536
133	0.698536
134	0.698536
135	0.698536
136	0.698536
137	0.698536
138	0.698536
139	0.698536
140	0.698536
141	0.698536
142	0.698536
143	0.698536
144	0.698536
145	0.698982
146	0.698982
147	0.698982
148	0.698982
149	0.698982
150	0.698982
151	0.698982
152	0.698982
153	0.698982
154	0.698982
155	0.698982
156	0.698982
157	0.698982
158	0.698982
159	0.698982
160	0.698982
161	0.698982
162	0.698982
163	0.698982
164	0.698982
165	0.698982
166	0.698982
167	0.707169
168	0.707169
169	0.707587
170	0.707587
171	0.707587
172	0.707587
173	0.707587
174	0.707587
175	0.707587
176	0.707587
177	0.707587
178	0.707587
179	0.707587
180	0.707587
181	0.707587
182	0.707587
183	0.708787
184	0.708787
185	0.708787
186	0.708787
187	0.708787
188	0.718563
189	0.718563
190	0.718563
191	0.718563
192	0.718563
193	0.718563
194	0.728131
195	0.728131
196	0.728131
197	0.728131
198	0.728131
199	0.728131
200	0.728131
201	0.728131
202	0.728131
203	0.738438
204	0.738438
205	0.738438
206	0.738438
207	0.738438
208	0.738438
209	0.738438
210	0.738438
211	0.738438
212	0.738438
213	0.738438
214	0.738438
215	0.738438
216	0.738438
217	0.738438
218	0.738438
219	0.738438
220	0.738438
221	0.738438
222	0.738438
223	0.738438
224	0.738438
225	0.738438
226	0.738438
227	0.738438
228	0.738438
229	0.738438
230	0.738438
231	0.738438
232	0.738438
233	0.738438
234	0.738438
235	0.738438
236	0.738438
237	0.738438
238	0.738438
239	0.738438
240	0.738438
241	0.738438
242	0.738438
243	0.738438
244	0.738438
245	0.738438
246	0.738438
247	0.738438
248	0.738438
249	0.738438
250	0.738438
251	0.738438
252	0.738438
253	0.738438
254	0.738438
255	0.738438
256	0.738438
257	0.738438
258	0.738438
259	0.738438
260	0.738438
261	0.738438
262	0.738438
263	0.738438
264	0.738438
265	0.738438
266	0.738438
267	0.738438
268	0.738438
269	0.738438
270	0.738438
271	0.738438
272	0.738438
273	0.738438
274	0.738438
275	0.738438
276	0.738438
277	0.738438
278	0.738438
279	0.738438
280	0.738438
281	0.738438
282	0.738438
283	0.738438
284	0.738438
285	0.738438
286	0.738438
287	0.738438
288	0.738438
289	0.738438
290	0.757741
291	0.757741
292	0.757741
293	0.757741
294	0.757741
295	0.757741
296	0.757741
297	0.757741
298	0.757741
299	0.757741
300	0.757741
301	0.757741
302	0.757741
303	0.757741
304	0.757741
305	0.757741
306	0.757741
307	0.757741
308	0.757741
309	0.757741
310	0.757741
311	0.757741
312	0.757741
313	0.757741
314	0.762636
315	0.762636
316	0.762636
317	0.762636
318	0.762636
319	0.762636
320	0.762636
321	0.762636
322	0.762636
323	0.762636
324	0.762636
325	0.763361
326	0.763361
327	0.763361
328	0.763361
329	0.763361
330	0.763361
331	0.763361
332	0.763361
333	0.763361
334	0.763361
335	0.763361
336	0.763361
337	0.763361
338	0.763361
339	0.763361
340	0.763361
341	0.763361
342	0.763361
343	0.763361
344	0.763361
345	0.763361
346	0.763361
347	0.763361
348	0.763361
349	0.763361
350	0.763361
351	0.763361
352	0.763361
353	0.763361
354	0.763361
355	0.763361
356	0.765202
357	0.765202
358	0.765202
359	0.765202
360	0.765202
361	0.765202
362	0.765202
363	0.765411
364	0.765411
365	0.765411
366	0.765411
367	0.765411
368	0.765411
369	0.765411
370	0.765411
371	0.765411
372	0.765411
373	0.765411
374	0.765411
375	0.765411
376	0.765411
377	0.765411
378	0.765411
379	0.765411
380	0.765411
381	0.765411
382	0.765411
383	0.765411
384	0.765411
385	0.765411
386	0.765411
387	0.765411
388	0.765411
389	0.765411
390	0.765411
391	0.765411
392	0.765411
393	0.765411
394	0.765411
395	0.765411
396	0.765411
397	0.765411
398	0.765411
399	0.765411
400	0.765411
401	0.765411
402	0.765411
403	0.765411
404	0.765411
405	0.765411
406	0.765411
407	0.765411
408	0.765411
409	0.765411
410	0.765411
411	0.765411
412	0.765411
413	0.765411
414	0.765411
415	0.765411
416	0.765411
417	0.765411
418	0.765411
419	0.765411
420	0.767434
421	0.76887
422	0.76887
423	0.76887
424	0.774212
425	0.774212
426	0.774212
427	0.774212
428	0.774212
429	0.774212
430	0.774212
431	0.774212
432	0.774212
433	0.774212
434	0.774212
435	0.774212
436	0.774212
437	0.774212
438	0.774212
439	0.774212
440	0.774212
441	0.774212
442	0.774212
443	0.774212
444	0.774212
445	0.774212
446	0.774212
447	0.774212
448	0.774212
449	0.774212
450	0.774212
451	0.774212
452	0.774212
453	0.774212
454	0.774212
455	0.774212
456	0.774212
457	0.774212
458	0.774212
459	0.779944
460	0.779944
461	0.779944
462	0.779944
463	0.779944
464	0.779944
465	0.779944
466	0.779944
467	0.779944
468	0.779944
469	0.779944
470	0.779944
471	0.779944
472	0.779944
473	0.779944
474	0.779944
475	0.779944
476	0.779944
477	0.779944
478	0.779944
479	0.779944
480	0.779944
481	0.779944
482	0.779944
483	0.779944
484	0.779944
485	0.779944
486	0.779944
487	0.779944
488	0.779944
489	0.779944
490	0.779944
491	0.779944
492	0.779944
493	0.779944
494	0.779944
495	0.779944
496	0.779944
497	0.779944
498	0.779944
499	0.779944
500	0.779944
501	0.779944
502	0.779944
503	0.779944
504	0.779944
505	0.779944
506	0.779944
507	0.779944
508	0.779944
509	0.779944
510	0.779944
511	0.779944
512	0.779944
513	0.779944
514	0.779944
515	0.779944
516	0.779944
517	0.779944
518	0.779958
519	0.779958
520	0.779958
521	0.779958
522	0.779958
523	0.779958
524	0.779958
525	0.779958
526	0.779958
527	0.779958
528	0.779958
529	0.779958
530	0.779958
531	0.779958
532	0.779958
533	0.779958
534	0.779958
535	0.779958
536	0.779958
537	0.779958
538	0.779958
539	0.779958
540	0.779958
541	0.779958
542	0.779958
543	0.779958
544	0.789916
545	0.789916
546	0.789916
547	0.789916
548	0.789916
549	0.789916
550	0.789916
551	0.789916
552	0.789916
553	0.789916
554	0.789916
555	0.789916
556	0.789916
557	0.789916
558	0.789916
559	0.789916
560	0.789916
561	0.789916
562	0.789916
563	0.789916
564	0.789916
565	0.789916
566	0.789916
567	0.789916
568	0.789916
569	0.789916
570	0.789916
571	0.789916
572	0.789916
573	0.789916
574	0.789916
575	0.789916
576	0.789916
577	0.789916
578	0.789916
579	0.789916
580	0.789916
581	0.789916
582	0.789916
583	0.789916
584	0.789916
585	0.789916
586	0.789916
587	0.789916
588	0.790809
589	0.790809
590	0.790809
591	0.790809
592	0.790809
593	0.790809
594	0.790809
595	0.790809
596	0.790809
597	0.790809
598	0.790809
599	0.790809
600	0.790809
601	0.790809
602	0.790809
603	0.790809
604	0.790809
605	0.790809
606	0.790809
607	0.790809
608	0.790809
609	0.790809
610	0.790809
611	0.790809
612	0.790809
613	0.790809
614	0.790809
615	0.790809
616	0.790809
617	0.790809
618	0.790809
619	0.790809
620	0.790809
621	0.790809
622	0.790809
623	0.790809
624	0.790809
625	0.790809
626	0.790809
627	0.790809
628	0.790809
629	0.790809
630	0.790809
631	0.790809
632	0.790809
633	0.790809
634	0.790809
635	0.790809
636	0.790809
637	0.790809
638	0.790809
639	0.790809
640	0.790809
641	0.790809
642	0.790809
643	0.790809
644	0.790809
645	0.790809
646	0.790809
647	0.790809
648	0.790809
649	0.790809
650	0.790809
651	0.790809
652	0.790809
653	0.790809
654	0.790809
655	0.790809
656	0.790809
657	0.790809
658	0.790809
659	0.790809
660	0.790809
661	0.790809
662	0.790809
663	0.790809
664	0.790809
665	0.790809
666	0.790809
667	0.790809
668	0.790809
669	0.790809
670	0.790809
671	0.790809
672	0.790809
673	0.790809
674	0.790809
675	0.790809
676	0.790809
677	0.790809
678	0.790809
679	0.790809
680	0.790809
681	0.790809
682	0.790809
683	0.790809
684	0.790809
685	0.790809
686	0.790809
687	0.790809
688	0.790809
689	0.790809
690	0.790809
691	0.790809
692	0.790809
693	0.790809
694	0.790809
695	0.790809
696	0.790809
697	0.790809
698	0.790809
699	0.790809
700	0.790809
701	0.790809
702	0.790809
703	0.790809
704	0.790809
705	0.790809
706	0.790809
707	0.790809
708	0.790809
709	0.790809
710	0.790809
711	0.790809
712	0.790809
713	0.790809
714	0.790809
715	0.790809
716	0.790809
717	0.790809
718	0.790809
719	0.790809
720	0.790809
721	0.790809
722	0.790809
723	0.790809
724	0.790809
725	0.790809
726	0.790809
727	0.790809
728	0.790809
729	0.790809
730	0.790809
731	0.790809
732	0.790809
733	0.790809
734	0.790809
735	0.790809
736	0.790809
737	0.790809
738	0.790809
739	0.790809
740	0.790809
741	0.790809
742	0.790809
743	0.790809
744	0.790809
745	0.790809
746	0.790809
747	0.790809
748	0.790809
749	0.790809
750	0.790809
751	0.790809
752	0.790809
753	0.790809
754	0.790809
755	0.790809
756	0.790809
757	0.790809
758	0.790809
759	0.790809
760	0.790809
761	0.790809
762	0.790809
763	0.790809
764	0.790809
765	0.790809
766	0.790809
767	0.790809
768	0.790809
769	0.790809
770	0.790809
771	0.790809
772	0.790809
773	0.790809
774	0.790809
775	0.790809
776	0.790809
777	0.790809
778	0.790809
779	0.790809
780	0.790809
781	0.790809
782	0.790809
783	0.790809
784	0.790809
785	0.790809
786	0.790809
787	0.790809
788	0.790809
789	0.790809
790	0.790809
791	0.790809
792	0.790809
793	0.790809
794	0.790809
795	0.790809
796	0.790809
797	0.790809
798	0.790809
799	0.790809
800	0.790809
801	0.790809
802	0.790809
803	0.790809
804	0.790809
805	0.790809
806	0.790809
807	0.790809
808	0.790809
809	0.790809
810	0.790809
811	0.790809
812	0.790809
813	0.790809
814	0.790809
815	0.790809
816	0.790809
817	0.790809
818	0.790809
819	0.790809
820	0.790809
821	0.790809
822	0.790809
823	0.790809
824	0.790809
825	0.790809
826	0.790809
827	0.790809
828	0.790809
829	0.790809
830	0.790809
831	0.790809
832	0.790809
833	0.790809
834	0.790809
835	0.790809
836	0.790809
837	0.790809
838	0.790809
839	0.790809
840	0.790809
841	0.790809
842	0.790809
843	0.790809
844	0.790809
845	0.790809
846	0.790809
847	0.790809
848	0.790809
849	0.790809
850	0.790809
851	0.790809
852	0.790809
853	0.790809
854	0.790809
855	0.790809
856	0.790809
857	0.790809
858	0.790809
859	0.790809
860	0.790809
861	0.790809
862	0.790809
863	0.790809
864	0.790809
865	0.790809
866	0.790809
867	0.790809
868	0.790809
869	0.790809
870	0.790809
871	0.790809
872	0.790809
873	0.790809
874	0.790809
875	0.790809
876	0.790809
877	0.790809
878	0.790809
879	0.790809
880	0.790809
881	0.790809
882	0.790809
883	0.790809
884	0.790809
885	0.790809
886	0.790809
887	0.790809
888	0.790809
889	0.790809
890	0.790809
891	0.790809
892	0.790809
893	0.790809
894	0.790809
895	0.790809
896	0.790809
897	0.790809
898	0.790809
899	0.790809
900	0.790809
901	0.790809
902	0.790809
903	0.790809
904	0.790809
905	0.790809
906	0.790809
907	0.790809
908	0.790809
909	0.790809
910	0.790809
911	0.790809
912	0.790809
913	0.790809
914	0.790809
915	0.790809
916	0.790809
917	0.790809
918	0.790809
919	0.790809
920	0.790809
921	0.790809
922	0.790809
923	0.790809
924	0.790809
925	0.790809
926	0.790809
927	0.790809
928	0.790809
929	0.790809
930	0.790809
931	0.790809
932	0.790809
933	0.790809
934	0.790809
935	0.790809
936	0.790809
937	0.790809
938	0.790809
939	0.790809
940	0.790809
941	0.790809
942	0.790809
943	0.790809
944	0.790809
945	0.790809
946	0.790809
947	0.790809
948	0.790809
949	0.790809
950	0.790809
951	0.790809
952	0.790809
953	0.790809
954	0.790809
955	0.790809
956	0.790809
957	0.790809
958	0.790809
959	0.790809
960	0.790809
961	0.791032
962	0.791032
963	0.791032
964	0.791032
965	0.791032
966	0.791032
967	0.791032
968	0.791032
969	0.791032
970	0.791032
971	0.791032
972	0.791032
973	0.791032
974	0.791032
975	0.791032
976	0.791032
977	0.791032
978	0.791032
979	0.791032
980	0.791032
981	0.791032
982	0.791032
983	0.791032
984	0.791032
985	0.791032
986	0.791032
987	0.791032
988	0.791032
989	0.791032
990	0.791032
991	0.791032
992	0.791032
993	0.791032
994	0.791032
995	0.791032
996	0.791032
997	0.791032
998	0.791032
999	0.806527
1000	0.806527
1001	0.806527
1002	0.806527
1003	0.806527
1004	0.806527
1005	0.806527
1006	0.806527
1007	0.806527
1008	0.806527
1009	0.806527
1010	0.806527
1011	0.806527
1012	0.806527
1013	0.806527
1014	0.806974
1015	0.806974
1016	0.806974
1017	0.806974
1018	0.812022
1019	0.812022
1020	0.812022
1021	0.812022
1022	0.812022
1023	0.812022
1024	0.812022
1025	0.812022
1026	0.812022
1027	0.812022
1028	0.812022
1029	0.812022
1030	0.812022
1031	0.812022
1032	0.812022
1033	0.812022
1034	0.812022
1035	0.812022
1036	0.812022
1037	0.812022
1038	0.812022
1039	0.812022
1040	0.812022
1041	0.812022
1042	0.812022
1043	0.812022
1044	0.812022
1045	0.812022
1046	0.812022
1047	0.812022
1048	0.812022
1049	0.812022
1050	0.812022
1051	0.812022
1052	0.812022
1053	0.812022
1054	0.812022
1055	0.812022
1056	0.812022
1057	0.812022
1058	0.812022
1059	0.812022
1060	0.812022
1061	0.812022
1062	0.812022
1063	0.812022
1064	0.812022
1065	0.812022
1066	0.812022
1067	0.812022
1068	0.812022
1069	0.812022
1070	0.812022
1071	0.812022
1072	0.812022
1073	0.812022
1074	0.812022
1075	0.812022
1076	0.812022
1077	0.812022
1078	0.812022
1079	0.812022
1080	0.812022
1081	0.812022
1082	0.812022
1083	0.812022
1084	0.812022
1085	0.812022
1086	0.812022
1087	0.812022
1088	0.812022
1089	0.812022
1090	0.812022
1091	0.812022
1092	0.812022
1093	0.812022
1094	0.812022
1095	0.812022
1096	0.812022
1097	0.812022
1098	0.812022
1099	0.812022
1100	0.812022
1101	0.812022
1102	0.812022
1103	0.812022
1104	0.812022
1105	0.812022
1106	0.812022
1107	0.812022
1108	0.812022
1109	0.812022
1110	0.812022
1111	0.812022
1112	0.812022
1113	0.812022
1114	0.812022
1115	0.812022
1116	0.812022
1117	0.812022
1118	0.812022
1119	0.812022
1120	0.812022
1121	0.812022
1122	0.812022
1123	0.812022
1124	0.812022
1125	0.812022
1126	0.812022
1127	0.812022
1128	0.812022
1129	0.812022
1130	0.812022
1131	0.812022
1132	0.812022
1133	0.812022
1134	0.812022
1135	0.812022
1136	0.812022
1137	0.812022
1138	0.812022
1139	0.812022
1140	0.812022
1141	0.812022
1142	0.812022
1143	0.812022
1144	0.812022
1145	0.812022
1146	0.812022
1147	0.812022
1148	0.812022
1149	0.812022
1150	0.812022
1151	0.812022
1152	0.812022
1153	0.812022
1154	0.812022
1155	0.812022
1156	0.812022
1157	0.812022
1158	0.812022
1159	0.812022
1160	0.812022
1161	0.812022
1162	0.813138
1163	0.813138
1164	0.813138
1165	0.813138
1166	0.813138
1167	0.813138
1168	0.813138
1169	0.813138
1170	0.816709
1171	0.816709
1172	0.816709
1173	0.816709
1174	0.816709
1175	0.816709
1176	0.822162
1177	0.822162
1178	0.822162
1179	0.822162
1180	0.822162
1181	0.822162
1182	0.822162
1183	0.822162
1184	0.822162
1185	0.822162
1186	0.822162
1187	0.822162
1188	0.822162
1189	0.822162
1190	0.822162
1191	0.822162
1192	0.822162
1193	0.822162
1194	0.822162
1195	0.822162
1196	0.822162
1197	0.822162
1198	0.822162
1199	0.822162
1200	0.822162
1201	0.822162
1202	0.822162
1203	0.822162
1204	0.822162
1205	0.822162
1206	0.822162
1207	0.822162
1208	0.822162
1209	0.822162
1210	0.822162
1211	0.822162
1212	0.822162
1213	0.822162
1214	0.822162
1215	0.822162
1216	0.822162
1217	0.822162
1218	0.822162
1219	0.822162
1220	0.822162
1221	0.822162
1222	0.822162
1223	0.822162
1224	0.822162
1225	0.822162
1226	0.822162
1227	0.822162
1228	0.822162
1229	0.822162
1230	0.822162
1231	0.822162
1232	0.822162
1233	0.822162
1234	0.822162
1235	0.822162
1236	0.822162
1237	0.822162
1238	0.822162
1239	0.822162
1240	0.822162
1241	0.822162
1242	0.822162
1243	0.822162
1244	0.822162
1245	0.822162
1246	0.822162
1247	0.822162
1248	0.822162
1249	0.822162
1250	0.822162
1251	0.822162
1252	0.822162
1253	0.822162
1254	0.822162
1255	0.822162
1256	0.822162
1257	0.822162
1258	0.822162
1259	0.822162
1260	0.822162
1261	0.822162
1262	0.822162
1263	0.822162
1264	0.822162
1265	0.822162
1266	0.822162
1267	0.822162
1268	0.822162
1269	0.822162
1270	0.822162
1271	0.822162
1272	0.822162
1273	0.822162
1274	0.822162
1275	0.822162
1276	0.822162
1277	0.822162
1278	0.822162
1279	0.822162
1280	0.822162
1281	0.822162
1282	0.822162
1283	0.822162
1284	0.822162
1285	0.822162
1286	0.822162
1287	0.822162
1288	0.822162
1289	0.822162
1290	0.822162
1291	0.822162
1292	0.822162
1293	0.822162
1294	0.822162
1295	0.822162
1296	0.822162
1297	0.822162
1298	0.822162
1299	0.822162
1300	0.822162
1301	0.822162
1302	0.822162
1303	0.822162
1304	0.822162
1305	0.822162
1306	0.822162
1307	0.822162
1308	0.822162
1309	0.822162
1310	0.822162
1311	0.822162
1312	0.822162
1313	0.822162
1314	0.822162
1315	0.822162
1316	0.822162
1317	0.822162
1318	0.822162
1319	0.822162
1320	0.822162
1321	0.822162
1322	0.822162
1323	0.822162
1324	0.822162
1325	0.822162
1326	0.822162
1327	0.822162
1328	0.822162
1329	0.822162
1330	0.822162
1331	0.822162
1332	0.822162
1333	0.822162
1334	0.822162
1335	0.822162
1336	0.822162
1337	0.822162
1338	0.822162
1339	0.822162
1340	0.822162
1341	0.822162
1342	0.822162
1343	0.822162
1344	0.822162
1345	0.822162
1346	0.822162
1347	0.822162
1348	0.822162
1349	0.822162
1350	0.822162
1351	0.822162
1352	0.822162
1353	0.822162
1354	0.822162
1355	0.822162
1356	0.822162
1357	0.822162
1358	0.822162
1359	0.822162
1360	0.822162
1361	0.822162
1362	0.822162
1363	0.822162
1364	0.822162
1365	0.822162
1366	0.822162
1367	0.822162
1368	0.822162
1369	0.822162
1370	0.822162
1371	0.822162
1372	0.822162
1373	0.822162
1374	0.822162
1375	0.822162
1376	0.822162
1377	0.822162
1378	0.822162
1379	0.822162
1380	0.822162
1381	0.822162
1382	0.822162
1383	0.822162
1384	0.822162
1385	0.822162
1386	0.822162
1387	0.822162
1388	0.822162
1389	0.822162
1390	0.822162
1391	0.822162
1392	0.822162
1393	0.822162
1394	0.822162
1395	0.822162
1396	0.822162
1397	0.822162
1398	0.822162
1399	0.822162
1400	0.822162
1401	0.822162
1402	0.822162
1403	0.822162
1404	0.822162
1405	0.822162
1406	0.822162
1407	0.822162
1408	0.822162
1409	0.822162
1410	0.822162
1411	0.822162
1412	0.822162
1413	0.822162
1414	0.822162
1415	0.822162
1416	0.822162
1417	0.822162
1418	0.822162
1419	0.822162
1420	0.822162
1421	0.822162
1422	0.822162
1423	0.822162
1424	0.822162
1425	0.822162
1426	0.822162
1427	0.822162
1428	0.822162
1429	0.822162
1430	0.822162
1431	0.822162
1432	0.822162
1433	0.822162
1434	0.822162
1435	0.822162
1436	0.822162
1437	0.822162
1438	0.822162
1439	0.822162
1440	0.822162
1441	0.822162
1442	0.822162
1443	0.822162
1444	0.822162
1445	0.822162
1446	0.822162
1447	0.822162
1448	0.822162
1449	0.822162
1450	0.822162
1451	0.822162
1452	0.822162
1453	0.822162
1454	0.822162
1455	0.822162
1456	0.822162
1457	0.822162
1458	0.822162
1459	0.822162
1460	0.822162
1461	0.822162
1462	0.822162
1463	0.822162
1464	0.822162
1465	0.822162
1466	0.822162
1467	0.822162
1468	0.822162
1469	0.822162
1470	0.822162
1471	0.822162
1472	0.822162
1473	0.822162
1474	0.822162
1475	0.822162
1476	0.822162
1477	0.822162
1478	0.822162
1479	0.822162
1480	0.822162
1481	0.822162
1482	0.822162
1483	0.822162
1484	0.822162
1485	0.822162
1486	0.822162
1487	0.822162
1488	0.822162
1489	0.822162
1490	0.822162
1491	0.822162
1492	0.822162
1493	0.822162
1494	0.822162
1495	0.822162
1496	0.822162
1497	0.822162
1498	0.822162
1499	0.822162
1500	0.822162
1501	0.822162
1502	0.822162
1503	0.822162
1504	0.822162
1505	0.822162
1506	0.822162
1507	0.822162
1508	0.822162
1509	0.822162
1510	0.822162
1511	0.822162
1512	0.822162
1513	0.822162
1514	0.822162
1515	0.822162
1516	0.822162
1517	0.822162
1518	0.822162
1519	0.822162
1520	0.822162
1521	0.822162
1522	0.822162
1523	0.822162
1524	0.822162
1525	0.822162
1526	0.822162
1527	0.822162
1528	0.822162
1529	0.822162
1530	0.822162
1531	0.822162
1532	0.822162
1533	0.822162
1534	0.822162
1535	0.822162
1536	0.822162
1537	0.822162
1538	0.822162
1539	0.822162
1540	0.822162
1541	0.822162
1542	0.822162
1543	0.822162
1544	0.822162
1545	0.822162
1546	0.822162
1547	0.822162
1548	0.822162
1549	0.822162
1550	0.822162
1551	0.822162
1552	0.822162
1553	0.822162
1554	0.822162
1555	0.822162
1556	0.822162
1557	0.822162
1558	0.822162
1559	0.822162
1560	0.822162
1561	0.822162
1562	0.822162
1563	0.822162
1564	0.822162
1565	0.822162
1566	0.822162
1567	0.822162
1568	0.822162
1569	0.822162
1570	0.822162
1571	0.822162
1572	0.822162
1573	0.822162
1574	0.822162
1575	0.822162
1576	0.822162
1577	0.822162
1578	0.822162
1579	0.822162
1580	0.822162
1581	0.822162
1582	0.822162
1583	0.822162
1584	0.822162
1585	0.822162
1586	0.822162
1587	0.822162
1588	0.822162
1589	0.822162
1590	0.822162
1591	0.822162
1592	0.822162
1593	0.822162
1594	0.822162
1595	0.822162
1596	0.822162
1597	0.822162
1598	0.822162
1599	0.822162
1600	0.822162
1601	0.822162
1602	0.822162
1603	0.822162
1604	0.822162
1605	0.822162
1606	0.822162
1607	0.822162
1608	0.822162
1609	0.822162
1610	0.822162
1611	0.822162
1612	0.822162
1613	0.822162
1614	0.822162
1615	0.822162
1616	0.822162
1617	0.822162
1618	0.822162
1619	0.822162
1620	0.822162
1621	0.822162
1622	0.822162
1623	0.822162
1624	0.822162
1625	0.822162
1626	0.822162
1627	0.822162
1628	0.822162
1629	0.822162
1630	0.822162
1631	0.822162
1632	0.822162
1633	0.822162
1634	0.822162
1635	0.822162
1636	0.822162
1637	0.822162
1638	0.822162
1639	0.822162
1640	0.822162
1641	0.822162
1642	0.822162
1643	0.822162
1644	0.822162
1645	0.822162
1646	0.822162
1647	0.822162
1648	0.822162
1649	0.822162
1650	0.822162
1651	0.822162
1652	0.822162
1653	0.822162
1654	0.822162
1655	0.822162
1656	0.822162
1657	0.822162
1658	0.822162
1659	0.822162
1660	0.822162
1661	0.822162
1662	0.822162
1663	0.822162
1664	0.822162
1665	0.822162
1666	0.822162
1667	0.822162
1668	0.822162
1669	0.822162
1670	0.822162
1671	0.822162
1672	0.822162
1673	0.822162
1674	0.822162
1675	0.822162
1676	0.822162
1677	0.822162
1678	0.822162
1679	0.822162
1680	0.822162
1681	0.822162
1682	0.822162
1683	0.822162
1684	0.822162
1685	0.822162
1686	0.822162
1687	0.822162
1688	0.822162
1689	0.822162
1690	0.822162
1691	0.822162
1692	0.822162
1693	0.822162
1694	0.822162
1695	0.822162
1696	0.822162
1697	0.822162
1698	0.822162
1699	0.822162
1700	0.822162
1701	0.822162
1702	0.822162
1703	0.822162
1704	0.822162
1705	0.822162
1706	0.822162
1707	0.822162
1708	0.822162
1709	0.822162
1710	0.822162
1711	0.822162
1712	0.822162
1713	0.822162
1714	0.825509
1715	0.825509
1716	0.825509
1717	0.825509
1718	0.85159
1719	0.85159
1720	0.85159
1721	0.85159
1722	0.85159
1723	0.85159
1724	0.85159
1725	0.85159
1726	0.85159
1727	0.85159
1728	0.85159
1729	0.85159
1730	0.85159
1731	0.85159
1732	0.85159
1733	0.85159
1734	0.85728
1735	0.85728
1736	0.85728
1737	0.85728
1738	0.85728
1739	0.85728
1740	0.85728
1741	0.85728
1742	0.85728
1743	0.85728
1744	0.85728
1745	0.85728
1746	0.85728
1747	0.85728
1748	0.85728
1749	0.85728
1750	0.85728
1751	0.85728
1752	0.85728
1753	0.85728
1754	0.85728
1755	0.85728
1756	0.85728
1757	0.85728
1758	0.85728
1759	0.85728
1760	0.85728
1761	0.85728
1762	0.85728
1763	0.85728
1764	0.85728
1765	0.85728
1766	0.85728
1767	0.85728
1768	0.85728
1769	0.85728
1770	0.85728
1771	0.85728
1772	0.85728
1773	0.85728
1774	0.85728
1775	0.85728
1776	0.85728
1777	0.85728
1778	0.85728
1779	0.85728
1780	0.85728
1781	0.85728
1782	0.85728
1783	0.85728
1784	0.85728
1785	0.85728
1786	0.85728
1787	0.85728
1788	0.85728
1789	0.85728
1790	0.85728
1791	0.85728
1792	0.85728
1793	0.85728
1794	0.85728
1795	0.85728
1796	0.85728
1797	0.85728
1798	0.85728
1799	0.85728
1800	0.85728
1801	0.85728
1802	0.85728
1803	0.85728
1804	0.85728
1805	0.85728
1806	0.85728
1807	0.85728
1808	0.85728
1809	0.85728
1810	0.85728
1811	0.85728
1812	0.85728
1813	0.85728
1814	0.85728
1815	0.85728
1816	0.85728
1817	0.85728
1818	0.85728
1819	0.85728
1820	0.85728
1821	0.85728
1822	0.85728
1823	0.85728
1824	0.85728
1825	0.85728
1826	0.85728
1827	0.85728
1828	0.85728
1829	0.85728
1830	0.85728
1831	0.85728
1832	0.85728
1833	0.85728
1834	0.85728
1835	0.85728
1836	0.85728
1837	0.85728
1838	0.85728
1839	0.85728
1840	0.85728
1841	0.85728
1842	0.85728
1843	0.85728
1844	0.85728
1845	0.85728
1846	0.85728
1847	0.85728
1848	0.85728
1849	0.85728
1850	0.85728
1851	0.85728
1852	0.85728
1853	0.85728
1854	0.85728
1855	0.85728
1856	0.85728
1857	0.85728
1858	0.85728
1859	0.85728
1860	0.85728
1861	0.85728
1862	0.85728
1863	0.85728
1864	0.85728
1865	0.85728
1866	0.85728
1867	0.85728
1868	0.85728
1869	0.85728
1870	0.85728
1871	0.85728
1872	0.85728
1873	0.85728
1874	0.85728
1875	0.85728
1876	0.85728
1877	0.85728
1878	0.85728
1879	0.85728
1880	0.85728
1881	0.85728
1882	0.85728
1883	0.85728
1884	0.85728
1885	0.85728
1886	0.85728
1887	0.85728
1888	0.85728
1889	0.85728
1890	0.85728
1891	0.85728
1892	0.85728
1893	0.85728
1894	0.85728
1895	0.85728
1896	0.85728
1897	0.85728
1898	0.85728
1899	0.85728
1900	0.85728
1901	0.85728
1902	0.85728
1903	0.85728
1904	0.85728
1905	0.85728
1906	0.85728
1907	0.85728
1908	0.85728
1909	0.85728
1910	0.85728
1911	0.85728
1912	0.85728
1913	0.85728
1914	0.85728
1915	0.85728
1916	0.85728
1917	0.85728
1918	0.85728
1919	0.85728
1920	0.85728
1921	0.85728
1922	0.85728
1923	0.85728
1924	0.85728
1925	0.85728
1926	0.85728
1927	0.85728
1928	0.85728
1929	0.85728
1930	0.85728
1931	0.85728
1932	0.85728
1933	0.85728
1934	0.85728
1935	0.85728
1936	0.85728
1937	0.85728
1938	0.85728
1939	0.85728
1940	0.85728
1941	0.85728
1942	0.85728
1943	0.85728
1944	0.85728
1945	0.85728
1946	0.85728
1947	0.85728
1948	0.85728
1949	0.85728
1950	0.85728
1951	0.85728
1952	0.85728
1953	0.85728
1954	0.85728
1955	0.85728
1956	0.85728
1957	0.85728
1958	0.85728
1959	0.85728
1960	0.85728
1961	0.85728
1962	0.85728
1963	0.85728
1964	0.85728
1965	0.85728
1966	0.85728
1967	0.85728
1968	0.85728
1969	0.85728
1970	0.85728
1971	0.85728
1972	0.85728
1973	0.85728
1974	0.85728
1975	0.85728
1976	0.85728
1977	0.85728
1978	0.85728
1979	0.85728
1980	0.85728
1981	0.85728
1982	0.85728
1983	0.85728
1984	0.85728
1985	0.85728
1986	0.85728
1987	0.85728
1988	0.85728
1989	0.85728
1990	0.85728
1991	0.85728
1992	0.85728
1993	0.85728
1994	0.85728
1995	0.85728
1996	0.85728
1997	0.85728
1998	0.85728
1999	0.85728
2000	0.85728
2001	0.85728
2002	0.85728
2003	0.85728
2004	0.866165
2005	0.866165
2006	0.866165
2007	0.866206
2008	0.866206
2009	0.866206
2010	0.866206
2011	0.866206
2012	0.866206
2013	0.866206
2014	0.866206
2015	0.866206
2016	0.866206
2017	0.866206
2018	0.866206
2019	0.866206
2020	0.866206
2021	0.866206
2022	0.869052
2023	0.869052
2024	0.869052
2025	0.869052
2026	0.869052
2027	0.869052
2028	0.869052
2029	0.869052
2030	0.869052
2031	0.869052
2032	0.869052
2033	0.869052
2034	0.869052
2035	0.869052
2036	0.869052
2037	0.869052
2038	0.869052
2039	0.869052
2040	0.869052
2041	0.869052
2042	0.869052
2043	0.869052
2044	0.869052
2045	0.869052
2046	0.869052
2047	0.869052
2048	0.869052
2049	0.869052
2050	0.869052
2051	0.869052
2052	0.869052
2053	0.869052
2054	0.869052
2055	0.869052
2056	0.869052
2057	0.873808
2058	0.873808
2059	0.876722
2060	0.883556
2061	0.883556
2062	0.883556
2063	0.883556
2064	0.883556
2065	0.883556
2066	0.883556
2067	0.883556
2068	0.883556
2069	0.883556
2070	0.883556
2071	0.883556
2072	0.883556
2073	0.883556
2074	0.883556
2075	0.883556
2076	0.883556
2077	0.883556
2078	0.883556
2079	0.883556
2080	0.883556
2081	0.883556
2082	0.883556
2083	0.883556
2084	0.883556
2085	0.883556
2086	0.883556
2087	0.883556
2088	0.883556
2089	0.883556
2090	0.883556
2091	0.883556
2092	0.883556
2093	0.883556
2094	0.883556
2095	0.883556
2096	0.883556
2097	0.883556
2098	0.883556
2099	0.883556
2100	0.883556
2101	0.883556
2102	0.883556
2103	0.883556
2104	0.883556
2105	0.883556
2106	0.883556
2107	0.883556
2108	0.883556
2109	0.883556
2110	0.883556
2111	0.883556
2112	0.883556
2113	0.883556
2114	0.883556
2115	0.883556
2116	0.883556
2117	0.883556
2118	0.883556
2119	0.883556
2120	0.883556
2121	0.883556
2122	0.883556
2123	0.883556
2124	0.883556
2125	0.883556
2126	0.883556
2127	0.883556
2128	0.883556
2129	0.883556
2130	0.883556
2131	0.883556
2132	0.883556
2133	0.883556
2134	0.883556
2135	0.883556
2136	0.883556
2137	0.883556
2138	0.883556
2139	0.883556
2140	0.883556
2141	0.883556
2142	0.883556
2143	0.883556
2144	0.883556
2145	0.883556
2146	0.883556
2147	0.883556
2148	0.883556
2149	0.883556
2150	0.883556
2151	0.883556
2152	0.883556
2153	0.883556
2154	0.883556
2155	0.883556
2156	0.883556
2157	0.883556
2158	0.883556
2159	0.883556
2160	0.883556
2161	0.883556
2162	0.883556
2163	0.883556
2164	0.883556
2165	0.883556
2166	0.883556
2167	0.883556
2168	0.883556
2169	0.883556
2170	0.883556
2171	0.883556
2172	0.883556
2173	0.883556
2174	0.883556
2175	0.883556
2176	0.883556
2177	0.883556
2178	0.883556
2179	0.883556
2180	0.883556
2181	0.883556
2182	0.883556
2183	0.883556
2184	0.883556
2185	0.883556
2186	0.883556
2187	0.883556
2188	0.883556
2189	0.883556
2190	0.883556
2191	0.883556
2192	0.883556
2193	0.883556
2194	0.883556
2195	0.883556
2196	0.883556
2197	0.883556
2198	0.883556
2199	0.883556
2200	0.883556
2201	0.883556
2202	0.883556
2203	0.883556
2204	0.883556
2205	0.883556
2206	0.883556
2207	0.883556
2208	0.883556
2209	0.883556
2210	0.883556
2211	0.883556
2212	0.883556
2213	0.883556
2214	0.883556
2215	0.883556
2216	0.883556
2217	0.883556
2218	0.883556
2219	0.883556
2220	0.883556
2221	0.883556
2222	0.883556
2223	0.883556
2224	0.883556
2225	0.883556
2226	0.883556
2227	0.883556
2228	0.883556
2229	0.883556
2230	0.883556
2231	0.883556
2232	0.883556
2233	0.883556
2234	0.883556
2235	0.883556
2236	0.883556
2237	0.883556
2238	0.883556
2239	0.883556
2240	0.883556
2241	0.883556
2242	0.883556
2243	0.883556
2244	0.883556
2245	0.883556
2246	0.883556
2247	0.883556
2248	0.883556
2249	0.883556
2250	0.883556
2251	0.883556
2252	0.883556
2253	0.883556
2254	0.883556
2255	0.883556
2256	0.883556
2257	0.883556
2258	0.883556
2259	0.883556
2260	0.883556
2261	0.883556
2262	0.883556
2263	0.883556
2264	0.883556
2265	0.883556
2266	0.883556
2267	0.883556
2268	0.883556
2269	0.883556
2270	0.883556
2271	0.883556
2272	0.883556
2273	0.883556
2274	0.883556
2275	0.883556
2276	0.883556
2277	0.883556
2278	0.883556
2279	0.883556
2280	0.883556
2281	0.883556
2282	0.883556
2283	0.883556
2284	0.883556
2285	0.883556
2286	0.883556
2287	0.883556
2288	0.883556
2289	0.883556
2290	0.883556
2291	0.883556
2292	0.883556
2293	0.883556
2294	0.883556
2295	0.883556
2296	0.883556
2297	0.883556
2298	0.883556
2299	0.883556
2300	0.883556
2301	0.883556
2302	0.883556
2303	0.883556
2304	0.883556
2305	0.883556
2306	0.883556
2307	0.883556
2308	0.883556
2309	0.883556
2310	0.883556
2311	0.883556
2312	0.883556
2313	0.883556
2314	0.883556
2315	0.883556
2316	0.883556
2317	0.883556
2318	0.883556
2319	0.883556
2320	0.883556
2321	0.883556
2322	0.883556
2323	0.883556
2324	0.883556
2325	0.883556
2326	0.883556
2327	0.883556
2328	0.883556
2329	0.883556
2330	0.883556
2331	0.883556
2332	0.883556
2333	0.883556
2334	0.883556
2335	0.883556
2336	0.883556
2337	0.883556
2338	0.883556
2339	0.883556
2340	0.883556
2341	0.883556
2342	0.883556
2343	0.883556
2344	0.883556
2345	0.883556
2346	0.883556
2347	0.883556
2348	0.883556
2349	0.883556
2350	0.883556
2351	0.883556
2352	0.883556
2353	0.883556
2354	0.883556
2355	0.883556
2356	0.883556
2357	0.883556
2358	0.883556
2359	0.883556
2360	0.883556
2361	0.883556
2362	0.883556
2363	0.883556
2364	0.883556
2365	0.883556
2366	0.883556
2367	0.883556
2368	0.883556
2369	0.883556
2370	0.883556
2371	0.883556
2372	0.883556
2373	0.883556
2374	0.883556
2375	0.883556
2376	0.883556
2377	0.883556
2378	0.883556
2379	0.883556
2380	0.883556
2381	0.883556
2382	0.883556
2383	0.883556
2384	0.883556
2385	0.883556
2386	0.883556
2387	0.883556
2388	0.883556
2389	0.883556
2390	0.883556
2391	0.883556
2392	0.883556
2393	0.883556
2394	0.883556
2395	0.883556
2396	0.883556
2397	0.883556
2398	0.889609
2399	0.889609
2400	0.889609
2401	0.889609
2402	0.889609
2403	0.889609
2404	0.889609
2405	0.889609
2406	0.889609
2407	0.889609
2408	0.889609
2409	0.889609
2410	0.889609
2411	0.889609
2412	0.889609
2413	0.889609
2414	0.889609
2415	0.889609
2416	0.889609
2417	0.889609
2418	0.889609
2419	0.889609
2420	0.889609
2421	0.889609
2422	0.889609
2423	0.889609
2424	0.889609
2425	0.889609
2426	0.889609
2427	0.889609
2428	0.889609
2429	0.889609
2430	0.889609
2431	0.889609
2432	0.889609
2433	0.889609
2434	0.889609
2435	0.889609
2436	0.892218
2437	0.892218
2438	0.892218
2439	0.892218
2440	0.892218
2441	0.892218
2442	0.892218
2443	0.892218
2444	0.892218
2445	0.892218
2446	0.892218
2447	0.892218
2448	0.892218
2449	0.892218
2450	0.892218
2451	0.892218
2452	0.892218
2453	0.892218
2454	0.897908
2455	0.897908
2456	0.897908
2457	0.897908
2458	0.897908
2459	0.897908
2460	0.897908
2461	0.897908
2462	0.897908
2463	0.909177
2464	0.91516
2465	0.91516
2466	0.91516
2467	0.91516
2468	0.91516
2469	0.91516
2470	0.91516
2471	0.91516
2472	0.91516
2473	0.91516
2474	0.91516
2475	0.91516
2476	0.91516
2477	0.91516
2478	0.91516
2479	0.91516
2480	0.91516
2481	0.91516
2482	0.91516
2483	0.91516
2484	0.91516
2485	0.91516
2486	0.919902
2487	0.919902
2488	0.919902
2489	0.924031
2490	0.924031
2491	0.924031
2492	0.925593
2493	0.925593
2494	0.925593
2495	0.925593
2496	0.925593
2497	0.925593
2498	0.925593
2499	0.925593
2500	0.925593
2501	0.925593
2502	0.925593
2503	0.925593
2504	0.925593
2505	0.925593
2506	0.925593
2507	0.925593
2508	0.925593
2509	0.925593
2510	0.925593
2511	0.925593
2512	0.925593
2513	0.925593
2514	0.925593
2515	0.925593
2516	0.925593
2517	0.925593
2518	0.925593
2519	0.925593
2520	0.925593
2521	0.925593
2522	0.925593
2523	0.925593
2524	0.925593
2525	0.925593
2526	0.925593
2527	0.925593
2528	0.925593
2529	0.925593
2530	0.925593
2531	0.925593
2532	0.925593
2533	0.925593
2534	0.925593
2535	0.925593
2536	0.925593
2537	0.925593
2538	0.925593
2539	0.925593
2540	0.925593
2541	0.925593
2542	0.925593
2543	0.925593
2544	0.925593
2545	0.925593
2546	0.925593
2547	0.925593
2548	0.925593
2549	0.925593
2550	0.925593
2551	0.925593
2552	0.925593
2553	0.925593
2554	0.925593
2555	0.925593
2556	0.925593
2557	0.925593
2558	0.925593
2559	0.925593
2560	0.925816
2561	0.925816
2562	0.925816
2563	0.925816
2564	0.925816
2565	0.930879
2566	0.930879
2567	0.930879
2568	0.930879
2569	0.930879
2570	0.930879
2571	0.930879
2572	0.930879
2573	0.930879
2574	0.930879
2575	0.930879
2576	0.930879
2577	0.930879
2578	0.930879
2579	0.930879
2580	0.930879
2581	0.930879
2582	0.930879
2583	0.930879
2584	0.930879
2585	0.930879
2586	0.930879
2587	0.930879
2588	0.930879
2589	0.930879
2590	0.930879
2591	0.930879
2592	0.930879
2593	0.930879
2594	0.930879
2595	0.930879
2596	0.930879
2597	0.930879
2598	0.930879
2599	0.930879
2600	0.930879
2601	0.930879
2602	0.930879
2603	0.930879
2604	0.930879
2605	0.930879
2606	0.930879
2607	0.930879
2608	0.930879
2609	0.930879
2610	0.930879
2611	0.930879
2612	0.930879
2613	0.930879
2614	0.930879
2615	0.930879
2616	0.930879
2617	0.930879
2618	0.930879
2619	0.930879
2620	0.930879
2621	0.930879
2622	0.930879
2623	0.930879
2624	0.930879
2625	0.930879
2626	0.930879
2627	0.930879
2628	0.930879
2629	0.930879
2630	0.930879
2631	0.930879
2632	0.930879
2633	0.930879
2634	0.930879
2635	0.930879
2636	0.930879
2637	0.930879
2638	0.930879
2639	0.930879
2640	0.930879
2641	0.930879
2642	0.930879
2643	0.930879
2644	0.930879
2645	0.930879
2646	0.930879
2647	0.930879
2648	0.930879
2649	0.930879
2650	0.930879
2651	0.930879
2652	0.930879
2653	0.930879
2654	0.930879
2655	0.930879
2656	0.930879
2657	0.930879
2658	0.930879
2659	0.930879
2660	0.930879
2661	0.930879
2662	0.930879
2663	0.930879
2664	0.930879
2665	0.930879
2666	0.930879
2667	0.930879
2668	0.930879
2669	0.930879
2670	0.930879
2671	0.930879
2672	0.930879
2673	0.930879
2674	0.930879
2675	0.930879
2676	0.930879
2677	0.930879
2678	0.930879
2679	0.930879
2680	0.930879
2681	0.930879
2682	0.930879
2683	0.930879
2684	0.930879
2685	0.930879
2686	0.930879
2687	0.930879
2688	0.930879
2689	0.930879
2690	0.930879
2691	0.930879
2692	0.930879
2693	0.930879
2694	0.930879
2695	0.930879
2696	0.930879
2697	0.930879
2698	0.930879
2699	0.930879
2700	0.930879
2701	0.930879
2702	0.930879
2703	0.930879
2704	0.930879
2705	0.930879
2706	0.930879
2707	0.930879
2708	0.930879
2709	0.930879
2710	0.930879
2711	0.930879
2712	0.930879
2713	0.930879
2714	0.930879
2715	0.930879
2716	0.930879
2717	0.930879
2718	0.930879
2719	0.930879
2720	0.930879
2721	0.930879
2722	0.930879
2723	0.930879
2724	0.930879
2725	0.930879
2726	0.930879
2727	0.930879
2728	0.930879
2729	0.930879
2730	0.930879
2731	0.930879
2732	0.930879
2733	0.930879
2734	0.930879
2735	0.930879
2736	0.930879
2737	0.930879
2738	0.930879
2739	0.930879
2740	0.930879
2741	0.930879
2742	0.930879
2743	0.930879
2744	0.930879
2745	0.930879
2746	0.930879
2747	0.930879
2748	0.930879
2749	0.930879
2750	0.930879
2751	0.930879
2752	0.930879
2753	0.930879
2754	0.930879
2755	0.930879
2756	0.930879
2757	0.930879
2758	0.930879
2759	0.930879
2760	0.930879
2761	0.930879
2762	0.930879
2763	0.930879
2764	0.930879
2765	0.930879
2766	0.930879
2767	0.930879
2768	0.930879
2769	0.930879
2770	0.930879
2771	0.930879
2772	0.930879
2773	0.930879
2774	0.930879
2775	0.930879
2776	0.930879
2777	0.930879
2778	0.930879
2779	0.930879
2780	0.930879
2781	0.930879
2782	0.930879
2783	0.930879
2784	0.930879
2785	0.930879
2786	0.930879
2787	0.930879
2788	0.930879
2789	0.930879
2790	0.930879
2791	0.930879
2792	0.930879
2793	0.930879
2794	0.930879
2795	0.930879
2796	0.930879
2797	0.930879
2798	0.930879
2799	0.930879
2800	0.930879
2801	0.930879
2802	0.930879
2803	0.930879
2804	0.930879
2805	0.930879
2806	0.930879
2807	0.930879
2808	0.930879
2809	0.930879
2810	0.930879
2811	0.930879
2812	0.930879
2813	0.930879
2814	0.930879
2815	0.930879
2816	0.930879
2817	0.930879
2818	0.930879
2819	0.930879
2820	0.930879
2821	0.930879
2822	0.930879
2823	0.930879
2824	0.930879
2825	0.930879
2826	0.930879
2827	0.930879
2828	0.930879
2829	0.930879
2830	0.930879
2831	0.930879
2832	0.930879
2833	0.930879
2834	0.930879
2835	0.930879
2836	0.930879
2837	0.930879
2838	0.930879
2839	0.930879
2840	0.930879
2841	0.930879
2842	0.930879
2843	0.930879
2844	0.930879
2845	0.930879
2846	0.930879
2847	0.930879
2848	0.930879
2849	0.930879
2850	0.930879
2851	0.930879
2852	0.930879
2853	0.930879
2854	0.930879
2855	0.930879
2856	0.930879
2857	0.930879
2858	0.930879
2859	0.930879
2860	0.930879
2861	0.930879
2862	0.930879
2863	0.930879
2864	0.930879
2865	0.930879
2866	0.930879
2867	0.930879
2868	0.930879
2869	0.930879
2870	0.930879
2871	0.930879
2872	0.930879
2873	0.930879
2874	0.930879
2875	0.930879
2876	0.930879
2877	0.930879
2878	0.930879
2879	0.930879
2880	0.930879
2881	0.930879
2882	0.930879
2883	0.930879
2884	0.930879
2885	0.930879
2886	0.930879
2887	0.930879
2888	0.930879
2889	0.930879
2890	0.930879
2891	0.930879
2892	0.930879
2893	0.930879
2894	0.930879
2895	0.930879
2896	0.930879
2897	0.930879
2898	0.930879
2899	0.930879
2900	0.930879
2901	0.930879
2902	0.930879
2903	0.930879
2904	0.930879
2905	0.930879
2906	0.930879
2907	0.930879
2908	0.930879
2909	0.930879
2910	0.930879
2911	0.930879
2912	0.930879
2913	0.930879
2914	0.930879
2915	0.930879
2916	0.930879
2917	0.930879
2918	0.930879
2919	0.930879
2920	0.930879
2921	0.930879
2922	0.930879
2923	0.930879
2924	0.930879
2925	0.930879
2926	0.930879
2927	0.930879
2928	0.930879
2929	0.930879
2930	0.930879
2931	0.930879
2932	0.930879
2933	0.930879
2934	0.930879
2935	0.930879
2936	0.930879
2937	0.930879
2938	0.930879
2939	0.930879
2940	0.930879
2941	0.930879
2942	0.930879
2943	0.930879
2944	0.930879
2945	0.930879
2946	0.930879
2947	0.930879
2948	0.930879
2949	0.930879
2950	0.930879
2951	0.930879
2952	0.930879
2953	0.930879
2954	0.930879
2955	0.930879
2956	0.930879
2957	0.930879
2958	0.930879
2959	0.930879
2960	0.930879
2961	0.930879
2962	0.930879
2963	0.930879
2964	0.930879
2965	0.930879
2966	0.930879
2967	0.930879
2968	0.930879
2969	0.930879
2970	0.930879
2971	0.930879
2972	0.930879
2973	0.930879
2974	0.930879
2975	0.930879
2976	0.930879
2977	0.930879
2978	0.930879
2979	0.930879
2980	0.930879
2981	0.930879
2982	0.930879
2983	0.930879
2984	0.930879
2985	0.930879
2986	0.930879
2987	0.930879
2988	0.930879
2989	0.930879
2990	0.930879
2991	0.930879
2992	0.930879
2993	0.930879
2994	0.930879
2995	0.930879
2996	0.930879
2997	0.930879
2998	0.930879
2999	0.930879
3000	0.930879
3001	0.930879
3002	0.930879
3003	0.930879
3004	0.930879
3005	0.930879
3006	0.930879
3007	0.930879
3008	0.930879
3009	0.930879
3010	0.930879
3011	0.930879
3012	0.930879
3013	0.930879
3014	0.930879
3015	0.930879
3016	0.930879
3017	0.930879
3018	0.930879
3019	0.930879
3020	0.933556
3021	0.933556
3022	0.933556
3023	0.933556
3024	0.933556
3025	0.933556
3026	0.933556
3027	0.933556
3028	0.933556
3029	0.933556
3030	0.933556
3031	0.933556
3032	0.933556
3033	0.933556
3034	0.933556
3035	0.933556
3036	0.933556
3037	0.933556
3038	0.933556
3039	0.933556
3040	0.933556
3041	0.933556
3042	0.933556
3043	0.933556
3044	0.933556
3045	0.933556
3046	0.933556
3047	0.933556
3048	0.933556
3049	0.933556
3050	0.933556
3051	0.933556
3052	0.933556
3053	0.933556
3054	0.933556
3055	0.933556
3056	0.933556
3057	0.933556
3058	0.933556
3059	0.933556
3060	0.933556
3061	0.933556
3062	0.933556
3063	0.933556
3064	0.933556
3065	0.933556
3066	0.933556
3067	0.933556
3068	0.933556
3069	0.933556
3070	0.933556
3071	0.933556
3072	0.933556
3073	0.933556
3074	0.933556
3075	0.933556
3076	0.933556
3077	0.933556
3078	0.933556
3079	0.933556
3080	0.933556
3081	0.933556
3082	0.933556
3083	0.933556
3084	0.933556
3085	0.933556
3086	0.933556
3087	0.933556
3088	0.933556
3089	0.933556
3090	0.933556
3091	0.933556
3092	0.933556
3093	0.933556
3094	0.933556
3095	0.933556
3096	0.933556
3097	0.933556
3098	0.933556
3099	0.933556
3100	0.933556
3101	0.933556
3102	0.933556
3103	0.933556
3104	0.933556
3105	0.933556
3106	0.933556
3107	0.933556
3108	0.933556
3109	0.933556
3110	0.933556
3111	0.933556
3112	0.933556
3113	0.933556
3114	0.933556
3115	0.933556
3116	0.933556
3117	0.933556
3118	0.933556
3119	0.933556
3120	0.933556
3121	0.933556
3122	0.933556
3123	0.933556
3124	0.933556
3125	0.933556
3126	0.933556
3127	0.933556
3128	0.933556
3129	0.933556
3130	0.933556
3131	0.933556
3132	0.933556
3133	0.933556
3134	0.933556
3135	0.933556
3136	0.933556
3137	0.933556
3138	0.933556
3139	0.933556
3140	0.933556
3141	0.933556
3142	0.933556
3143	0.933556
3144	0.933556
3145	0.933556
3146	0.933556
3147	0.933556
3148	0.933556
3149	0.933556
3150	0.933556
3151	0.933556
3152	0.933556
3153	0.933556
3154	0.933556
3155	0.933556
3156	0.933556
3157	0.933556
3158	0.933556
3159	0.933556
3160	0.933556
3161	0.933556
3162	0.933556
3163	0.933556
3164	0.933556
3165	0.933556
3166	0.933556
3167	0.933556
3168	0.933556
3169	0.933556
3170	0.933556
3171	0.933556
3172	0.933556
3173	0.933556
3174	0.933556
3175	0.933556
3176	0.933556
3177	0.933556
3178	0.933556
3179	0.933556
3180	0.933556
3181	0.933556
3182	0.933556
3183	0.933556
3184	0.933556
3185	0.933556
3186	0.933556
3187	0.933556
3188	0.933556
3189	0.933556
3190	0.933556
3191	0.933556
3192	0.933556
3193	0.933556
3194	0.933556
3195	0.933556
3196	0.933556
3197	0.933556
3198	0.933556
3199	0.933556
3200	0.933556
3201	0.933556
3202	0.933556
3203	0.933556
3204	0.933556
3205	0.933556
3206	0.933556
3207	0.933556
3208	0.933556
3209	0.933556
3210	0.933556
3211	0.933556
3212	0.933556
3213	0.933556
3214	0.933556
3215	0.933556
3216	0.933556
3217	0.933556
3218	0.933556
3219	0.933556
3220	0.933556
3221	0.933556
3222	0.933556
3223	0.933556
3224	0.933556
3225	0.933556
3226	0.933556
3227	0.933556
3228	0.933556
3229	0.933556
3230	0.933556
3231	0.933556
3232	0.933556
3233	0.933556
3234	0.933556
3235	0.933556
3236	0.933556
3237	0.933556
3238	0.933556
3239	0.933556
3240	0.933556
3241	0.933556
3242	0.933556
3243	0.933556
3244	0.933556
3245	0.933556
3246	0.933556
3247	0.933556
3248	0.933556
3249	0.933556
3250	0.933556
3251	0.933556
3252	0.933556
3253	0.933556
3254	0.933556
3255	0.933556
3256	0.933556
3257	0.933556
3258	0.933556
3259	0.933556
3260	0.933556
3261	0.933556
3262	0.933556
3263	0.933556
3264	0.933556
3265	0.933556
3266	0.933556
3267	0.933556
3268	0.933556
3269	0.933556
3270	0.933556
3271	0.933556
3272	0.933556
3273	0.933556
3274	0.933556
3275	0.933556
3276	0.933556
3277	0.933556
3278	0.933556
3279	0.933556
3280	0.933556
3281	0.933556
3282	0.933556
3283	0.933556
3284	0.933556
3285	0.933556
3286	0.933556
3287	0.933556
3288	0.935565
3289	0.935565
3290	0.935565
3291	0.935565
3292	0.935565
3293	0.935565
3294	0.935565
3295	0.935565
3296	0.935565
3297	0.935565
3298	0.935565
3299	0.935565
3300	0.935565
3301	0.935565
3302	0.935565
3303	0.935565
3304	0.935565
3305	0.935565
3306	0.935565
3307	0.935565
3308	0.935565
3309	0.935565
3310	0.935565
3311	0.935565
3312	0.935565
3313	0.935565
3314	0.935565
3315	0.935565
3316	0.935565
3317	0.935565
3318	0.935565
3319	0.935565
3320	0.935565
3321	0.935565
3322	0.935565
3323	0.935565
3324	0.935565
3325	0.935565
3326	0.935565
3327	0.935565
3328	0.935565
3329	0.935565
3330	0.935565
3331	0.935565
3332	0.935565
3333	0.935565
3334	0.935565
3335	0.935565
3336	0.935565
3337	0.935565
3338	0.935565
3339	0.935565
3340	0.935565
3341	0.935565
3342	0.935565
3343	0.935565
3344	0.935565
3345	0.935565
3346	0.935565
3347	0.935565
3348	0.935565
3349	0.935565
3350	0.935565
3351	0.935565
3352	0.935565
3353	0.935565
3354	0.935565
3355	0.935565
3356	0.935565
3357	0.935565
3358	0.935565
3359	0.935565
3360	0.935565
3361	0.935565
3362	0.935565
3363	0.935565
3364	0.935565
3365	0.935565
3366	0.935565
3367	0.935565
3368	0.935565
3369	0.935565
3370	0.935565
3371	0.935565
3372	0.935565
3373	0.935565
3374	0.935565
3375	0.935565
3376	0.935565
3377	0.935565
3378	0.935565
3379	0.935565
3380	0.935565
3381	0.935565
3382	0.935565
3383	0.935565
3384	0.935565
3385	0.935565
3386	0.935565
3387	0.935565
3388	0.935565
3389	0.935565
3390	0.935565
3391	0.935565
3392	0.935565
3393	0.935565
3394	0.935565
3395	0.935565
3396	0.935565
3397	0.935565
3398	0.935565
3399	0.935565
3400	0.935565
3401	0.935565
3402	0.935565
3403	0.935565
3404	0.935565
3405	0.935565
3406	0.935565
3407	0.935565
3408	0.935565
3409	0.935565
3410	0.935565
3411	0.935565
3412	0.935565
3413	0.935565
3414	0.935565
3415	0.935565
3416	0.935565
3417	0.935565
3418	0.935565
3419	0.935565
3420	0.935565
3421	0.935565
3422	0.935565
3423	0.935565
3424	0.935565
3425	0.935565
3426	0.935565
3427	0.935565
3428	0.935565
3429	0.935565
3430	0.935565
3431	0.935565
3432	0.935565
3433	0.935565
3434	0.935565
3435	0.935565
3436	0.935565
3437	0.935565
3438	0.935565
3439	0.935565
3440	0.935565
3441	0.935565
3442	0.935565
3443	0.935565
3444	0.935565
3445	0.935565
3446	0.935565
3447	0.935565
3448	0.935565
3449	0.935565
3450	0.935565
3451	0.935565
3452	0.935565
3453	0.935565
3454	0.949247
3455	0.949247
3456	0.949247
3457	0.949247
3458	0.949247
3459	0.954756
3460	0.954756
3461	0.954756
3462	0.954756
3463	0.954756
3464	0.954756
3465	0.954756
3466	0.954756
3467	0.954756
3468	0.954756
3469	0.954756
3470	0.954756
3471	0.954756
3472	0.954756
3473	0.954756
3474	0.954756
3475	0.954756
3476	0.954756
3477	0.954756
3478	0.954756
3479	0.954756
3480	0.954756
3481	0.954756
3482	0.954756
3483	0.954756
3484	0.954756
3485	0.954756
3486	0.954756
3487	0.954756
3488	0.954756
3489	0.954756
3490	0.954756
3491	0.954756
3492	0.954756
3493	0.954756
3494	0.954756
3495	0.954756
3496	0.954756
3497	0.954756
3498	0.954756
3499	0.954756
3500	0.954756
3501	0.954756
3502	0.954756
3503	0.954756
3504	0.954756
3505	0.954756
3506	0.954756
3507	0.954756
3508	0.954756
3509	0.954756
3510	0.954756
3511	0.954756
3512	0.954756
3513	0.954756
3514	0.954756
3515	0.954756
3516	0.954756
3517	0.954756
3518	0.954756
3519	0.954756
3520	0.954756
3521	0.954756
3522	0.954756
3523	0.954756
3524	0.954756
3525	0.954756
3526	0.954756
3527	0.954756
3528	0.954756
3529	0.954756
3530	0.954756
3531	0.954756
3532	0.954756
3533	0.954756
3534	0.954756
3535	0.954756
3536	0.954756
3537	0.954756
3538	0.954756
3539	0.954756
3540	0.954756
3541	0.954756
3542	0.954756
3543	0.954756
3544	0.954756
3545	0.954756
3546	0.954756
3547	0.954756
3548	0.954756
3549	0.954756
3550	0.954756
3551	0.954756
3552	0.954756
3553	0.954756
3554	0.954756
3555	0.954756
3556	0.954756
3557	0.954756
3558	0.954756
3559	0.954756
3560	0.954756
3561	0.954756
3562	0.954756
3563	0.954756
3564	0.954756
3565	0.954756
3566	0.954756
3567	0.954756
3568	0.954756
3569	0.954756
3570	0.954756
3571	0.954756
3572	0.954756
3573	0.954756
3574	0.954756
3575	0.954756
3576	0.954756
3577	0.954756
3578	0.954756
3579	0.954756
3580	0.954756
3581	0.954756
3582	0.954756
3583	0.954756
3584	0.954756
3585	0.954756
3586	0.954756
3587	0.954756
3588	0.954756
3589	0.954756
3590	0.954756
3591	0.954756
3592	0.954756
3593	0.954756
3594	0.954756
3595	0.954756
3596	0.954756
3597	0.954756
3598	0.954756
3599	0.954756
3600	0.954756
3601	0.954756
3602	0.954756
3603	0.954756
3604	0.954756
3605	0.954756
3606	0.954756
3607	0.954756
3608	0.954756
3609	0.954756
3610	0.954756
3611	0.954756
3612	0.954756
3613	0.954756
3614	0.954756
3615	0.954756
3616	0.954756
3617	0.954756
3618	0.954756
3619	0.954756
3620	0.954756
3621	0.954756
3622	0.954756
3623	0.954756
3624	0.954756
3625	0.954756
3626	0.954756
3627	0.954756
3628	0.954756
3629	0.954756
3630	0.954756
3631	0.954756
3632	0.954756
3633	0.954756
3634	0.954756
3635	0.954756
3636	0.954756
3637	0.954756
3638	0.954756
3639	0.954756
3640	0.954756
3641	0.954756
3642	0.954756
3643	0.954756
3644	0.954756
3645	0.954756
3646	0.954756
3647	0.954756
3648	0.954756
3649	0.954756
3650	0.954756
3651	0.954756
3652	0.954756
3653	0.954756
3654	0.954756
3655	0.954756
3656	0.95728
3657	0.95728
3658	0.95728
3659	0.95728
3660	0.95728
3661	0.95728
3662	0.95728
3663	0.95728
3664	0.95728
3665	0.95728
3666	0.95728
3667	0.95728
3668	0.95728
3669	0.95728
3670	0.95728
3671	0.95728
3672	0.95728
3673	0.95728
3674	0.95728
3675	0.95728
3676	0.95728
3677	0.95728
3678	0.95728
3679	0.95728
3680	0.95728
3681	0.95728
3682	0.95728
3683	0.95728
3684	0.95728
3685	0.95728
3686	0.95728
3687	0.95728
3688	0.95728
3689	0.95728
3690	0.95728
3691	0.95728
3692	0.95728
3693	0.95728
3694	0.95728
3695	0.95728
3696	0.95728
3697	0.95728
3698	0.95728
3699	0.95728
3700	0.95728
3701	0.95728
3702	0.95728
3703	0.95728
3704	0.95728
3705	0.95728
3706	0.95728
3707	0.95728
3708	0.95728
3709	0.95728
3710	0.95728
3711	0.95728
3712	0.95728
3713	0.95728
3714	0.95728
3715	0.95728
3716	0.95728
3717	0.95728
3718	0.95728
3719	0.95728
3720	0.95728
3721	0.95728
3722	0.95728
3723	0.95728
3724	0.95728
3725	0.95728
3726	0.95728
3727	0.95728
3728	0.95728
3729	0.95728
3730	0.95728
3731	0.95728
3732	0.95728
3733	0.95728
3734	0.95728
3735	0.95728
3736	0.95728
3737	0.95728
3738	0.95728
3739	0.95728
3740	0.95728
3741	0.95728
3742	0.95728
3743	0.95728
3744	0.95728
3745	0.95728
3746	0.95728
3747	0.95728
3748	0.95728
3749	0.95728
3750	0.95728
3751	0.95728
3752	0.95728
3753	0.95728
3754	0.95728
3755	0.95728
3756	0.95728
3757	0.95728
3758	0.95728
3759	0.95728
3760	0.95728
3761	0.95728
3762	0.95728
3763	0.95728
3764	0.95728
3765	0.95728
3766	0.95728
3767	0.95728
3768	0.95728
3769	0.95728
3770	0.95728
3771	0.95728
3772	0.95728
3773	0.95728
3774	0.95728
3775	0.95728
3776	0.95728
3777	0.95728
3778	0.95728
3779	0.95728
3780	0.95728
3781	0.95728
3782	0.95728
3783	0.95728
3784	0.95728
3785	0.95728
3786	0.95728
3787	0.95728
3788	0.95728
3789	0.95728
3790	0.95728
3791	0.95728
3792	0.95728
3793	0.95728
3794	0.95728
3795	0.95728
3796	0.95728
3797	0.95728
3798	0.95728
3799	0.95728
3800	0.95728
3801	0.95728
3802	0.95728
3803	0.95728
3804	0.95728
3805	0.95728
3806	0.95728
3807	0.95728
3808	0.95728
3809	0.95728
3810	0.95728
3811	0.95728
3812	0.95728
3813	0.95728
3814	0.95728
3815	0.95728
3816	0.95728
3817	0.95728
3818	0.95728
3819	0.95728
3820	0.95728
3821	0.95728
3822	0.95728
3823	0.95728
3824	0.95728
3825	0.95728
3826	0.95728
3827	0.95728
3828	0.95728
3829	0.95728
3830	0.95728
3831	0.95728
3832	0.95728
3833	0.95728
3834	0.95728
3835	0.95728
3836	0.95728
3837	0.95728
3838	0.95728
3839	0.95728
3840	0.95728
3841	0.95728
3842	0.95728
3843	0.95728
3844	0.95728
3845	0.95728
3846	0.960056
3847	0.960056
3848	0.960056
3849	0.960056
3850	0.960056
3851	0.960056
3852	0.960056
3853	0.960056
3854	0.960056
3855	0.960056
3856	0.960056
3857	0.960056
3858	0.960056
3859	0.960056
3860	0.960056
3861	0.960056
3862	0.960056
3863	0.960056
3864	0.960056
3865	0.960056
3866	0.960056
3867	0.960056
3868	0.960056
3869	0.960056
3870	0.960056
3871	0.960056
3872	0.960056
3873	0.960056
3874	0.960056
3875	0.960056
3876	0.960056
3877	0.960056
3878	0.960056
3879	0.960056
3880	0.960056
3881	0.960056
3882	0.960056
3883	0.960056
3884	0.960056
3885	0.960056
3886	0.960056
3887	0.960056
3888	0.960056
3889	0.960056
3890	0.960056
3891	0.960056
3892	0.960056
3893	0.960056
3894	0.960056
3895	0.960056
3896	0.960056
3897	0.960056
3898	0.960056
3899	0.960056
3900	0.960056
3901	0.960056
3902	0.960056
3903	0.960056
3904	0.960056
3905	0.960056
3906	0.960056
3907	0.960056
3908	0.960056
3909	0.960056
3910	0.960056
3911	0.960056
3912	0.960056
3913	0.960056
3914	0.960056
3915	0.960056
3916	0.960056
3917	0.960056
3918	0.960056
3919	0.960056
3920	0.960056
3921	0.960056
3922	0.960056
3923	0.960056
3924	0.960056
3925	0.960056
3926	0.960056
3927	0.960056
3928	0.960056
3929	0.960056
3930	0.960056
3931	0.960056
3932	0.960056
3933	0.960056
3934	0.960056
3935	0.960056
3936	0.960056
3937	0.960056
3938	0.960056
3939	0.960056
3940	0.960056
3941	0.960056
3942	0.960056
3943	0.960056
3944	0.960056
3945	0.960056
3946	0.960056
3947	0.960056
3948	0.960056
3949	0.960056
3950	0.960056
3951	0.960056
3952	0.960056
3953	0.960056
3954	0.960056
3955	0.960056
3956	0.960056
3957	0.960056
3958	0.960056
3959	0.960056
3960	0.960056
3961	0.960056
3962	0.960056
3963	0.960056
3964	0.960056
3965	0.960056
3966	0.960056
3967	0.960056
3968	0.960056
3969	0.960056
3970	0.960056
3971	0.960056
3972	0.960056
3973	0.960056
3974	0.960056
3975	0.960056
3976	0.960056
3977	0.960056
3978	0.960056
3979	0.960056
3980	0.960056
3981	0.960056
3982	0.960056
3983	0.960056
3984	0.960056
3985	0.960056
3986	0.960056
3987	0.960056
3988	0.960056
3989	0.960056
3990	0.960056
3991	0.960056
3992	0.960056
3993	0.960056
3994	0.960056
3995	0.960056
3996	0.960056
3997	0.960056
3998	0.960056
3999	0.960056
4000	0.960056
4001	0.960056
4002	0.960056
4003	0.960056
4004	0.960056
4005	0.960056
4006	0.960056
4007	0.960056
4008	0.960056
4009	0.960056
4010	0.960056
4011	0.960056
4012	0.960056
4013	0.960056
4014	0.960056
4015	0.960056
4016	0.960056
4017	0.960056
4018	0.960056
4019	0.960056
4020	0.960056
4021	0.960056
4022	0.960056
4023	0.960056
4024	0.960056
4025	0.960056
4026	0.960056
4027	0.960056
4028	0.960056
4029	0.960056
4030	0.960056
4031	0.960056
4032	0.960056
4033	0.960056
4034	0.960056
4035	0.960056
4036	0.960056
4037	0.960056
4038	0.960056
4039	0.960056
4040	0.960056
4041	0.960056
4042	0.960056
4043	0.960056
4044	0.960056
4045	0.960056
4046	0.960056
4047	0.960056
4048	0.960056
4049	0.960056
4050	0.960056
4051	0.960056
4052	0.960502
4053	0.960502
4054	0.960502
4055	0.960502
4056	0.960502
4057	0.960502
4058	0.960502
4059	0.960502
4060	0.960502
4061	0.960502
4062	0.960502
4063	0.960502
4064	0.960502
4065	0.960502
4066	0.960502
4067	0.960502
4068	0.960502
4069	0.960502
4070	0.960502
4071	0.960502
4072	0.960502
4073	0.960502
4074	0.960502
4075	0.960502
4076	0.960502
4077	0.960502
4078	0.960502
4079	0.960502
4080	0.960502
4081	0.960502
4082	0.960502
4083	0.960502
4084	0.960502
4085	0.960502
4086	0.960502
4087	0.960502
4088	0.960502
4089	0.960502
4090	0.960502
4091	0.960502
4092	0.960502
4093	0.960502
4094	0.960502
4095	0.960502
4096	0.960502
4097	0.960502
4098	0.960502
4099	0.960502
4100	0.960502
4101	0.960502
4102	0.960502
4103	0.960502
4104	0.960502
4105	0.960502
4106	0.960502
4107	0.960502
4108	0.960502
4109	0.960502
4110	0.960502
4111	0.960502
4112	0.960502
4113	0.960502
4114	0.960502
4115	0.960502
4116	0.960502
4117	0.960502
4118	0.960502
4119	0.960502
4120	0.960502
4121	0.960502
4122	0.960502
4123	0.960502
4124	0.960502
4125	0.960502
4126	0.960502
4127	0.960502
4128	0.960502
4129	0.960502
4130	0.960502
4131	0.960502
4132	0.960502
4133	0.960502
4134	0.960502
4135	0.960502
4136	0.960502
4137	0.960502
4138	0.960502
4139	0.960502
4140	0.960502
4141	0.960502
4142	0.960502
4143	0.960502
4144	0.960502
4145	0.960502
4146	0.960502
4147	0.960502
4148	0.960502
4149	0.960502
4150	0.960502
4151	0.960502
4152	0.960502
4153	0.960502
4154	0.960502
4155	0.960502
4156	0.960502
4157	0.960502
4158	0.960502
4159	0.960502
4160	0.960502
4161	0.960502
4162	0.960502
4163	0.960502
4164	0.960502
4165	0.960502
4166	0.960502
4167	0.960502
4168	0.960502
4169	0.960502
4170	0.960502
4171	0.960502
4172	0.960502
4173	0.960502
4174	0.960502
4175	0.960502
4176	0.960502
4177	0.960502
4178	0.960502
4179	0.960502
4180	0.960502
4181	0.960502
4182	0.960502
4183	0.960502
4184	0.960502
4185	0.960502
4186	0.960502
4187	0.960502
4188	0.960502
4189	0.960502
4190	0.960502
4191	0.960502
4192	0.960502
4193	0.960502
4194	0.960502
4195	0.960502
4196	0.960502
4197	0.960502
4198	0.960502
4199	0.960502
4200	0.960502
4201	0.960502
4202	0.960502
4203	0.960502
4204	0.960502
4205	0.960502
4206	0.960502
4207	0.960502
4208	0.960502
4209	0.960502
4210	0.960502
4211	0.960502
4212	0.960502
4213	0.960502
4214	0.960502
4215	0.960502
4216	0.960502
4217	0.960502
4218	0.960502
4219	0.960502
4220	0.960502
4221	0.960502
4222	0.960502
4223	0.960502
4224	0.960502
4225	0.960502
4226	0.960502
4227	0.960502
4228	0.960502
4229	0.960502
4230	0.960502
4231	0.960502
4232	0.960502
4233	0.960502
4234	0.960502
4235	0.960502
4236	0.960502
4237	0.960502
4238	0.980809
4239	0.980809
4240	0.980809
4241	0.980809
4242	0.980809
4243	0.980809
4244	0.980809
4245	0.980809
4246	0.980809
4247	0.980809
4248	0.980809
4249	0.980809
4250	0.980809
4251	0.980809
4252	0.980809
4253	0.980809
4254	0.980809
4255	0.980809
4256	0.980809
4257	0.980809
4258	0.980809
4259	0.980809
4260	0.980809
4261	0.980809
4262	0.980809
4263	0.980809
4264	0.980809
4265	0.980809
4266	0.980809
4267	0.980809
4268	0.980809
4269	0.980809
4270	0.980809
4271	0.980809
4272	0.980809
4273	0.980809
4274	0.980809
4275	0.980809
4276	0.980809
4277	0.980809
4278	0.980809
4279	0.980809
4280	0.980809
4281	0.980809
4282	0.980809
4283	0.980809
4284	0.980809
4285	0.980809
4286	0.980809
4287	0.980809
4288	0.980809
4289	0.980809
4290	0.980809
4291	0.980809
4292	0.980809
4293	0.980809
4294	0.980809
4295	0.980809
4296	0.980809
4297	0.980809
4298	0.980809
4299	0.980809
4300	0.980809
4301	0.980809
4302	0.980809
4303	0.980809
4304	0.980809
4305	0.980809
4306	0.980809
4307	0.980809
4308	0.980809
4309	0.980809
4310	0.980809
4311	0.980809
4312	0.980809
4313	0.980809
4314	0.980809
4315	0.980809
4316	0.980809
4317	0.980809
4318	0.980809
4319	0.980809
4320	0.980809
4321	0.980809
4322	0.980809
4323	0.980809
4324	0.980809
4325	0.980809
4326	0.980809
4327	0.980809
4328	0.980809
4329	0.980809
4330	0.980809
4331	0.980809
4332	0.980809
4333	0.980809
4334	0.980809
4335	0.980809
4336	0.980809
4337	0.980809
4338	0.980809
4339	0.980809
4340	0.980809
4341	0.980809
4342	0.980809
4343	0.980809
4344	0.980809
4345	0.980809
4346	0.980809
4347	0.980809
4348	0.980809
4349	0.980809
4350	0.980809
4351	0.980809
4352	0.980809
4353	0.980809
4354	0.980809
4355	0.980809
4356	0.980809
4357	0.980809
4358	0.980809
4359	0.980809
4360	0.980809
4361	0.980809
4362	0.980809
4363	0.980809
4364	0.980809
4365	0.980809
4366	0.980809
4367	0.980809
4368	0.980809
4369	0.980809
4370	0.980809
4371	0.980809
4372	0.980809
4373	0.980809
4374	0.980809
4375	0.980809
4376	0.980809
4377	0.980809
4378	0.980809
4379	0.980809
4380	0.980809
4381	0.980809
4382	0.980809
4383	0.980809
4384	0.980809
4385	0.980809
4386	0.980809
4387	0.980809
4388	0.980809
4389	0.980809
4390	0.980809
4391	0.980809
4392	0.980809
4393	0.980809
4394	0.980809
4395	0.980809
4396	0.980809
4397	0.980809
4398	0.980809
4399	0.980809
4400	0.980809
4401	0.980809
4402	0.980809
4403	0.980809
4404	0.980809
4405	0.980809
4406	0.980809
4407	0.980809
4408	0.980809
4409	0.980809
4410	0.980809
4411	0.980809
4412	0.980809
4413	0.980809
4414	0.980809
4415	0.980809
4416	0.980809
4417	0.980809
4418	0.980809
4419	0.980809
4420	0.980809
4421	0.980809
4422	0.980809
4423	0.980809
4424	0.980809
4425	0.980809
4426	0.980809
4427	0.980809
4428	0.980809
4429	0.980809
4430	0.980809
4431	0.980809
4432	0.980809
4433	0.980809
4434	0.980809
4435	0.980809
4436	0.980809
4437	0.980809
4438	0.980809
4439	0.980809
4440	0.980809
4441	0.980809
4442	0.980809
4443	0.980809
4444	0.980809
4445	0.980809
4446	0.980809
4447	0.980809
4448	0.980809
4449	0.980809
4450	0.980809
4451	0.980809
4452	0.980809
4453	0.980809
4454	0.980809
4455	0.980809
4456	0.980809
4457	0.980809
4458	0.980809
4459	0.980809
4460	0.980809
4461	0.980809
4462	0.980809
4463	0.980809
4464	0.980809
4465	0.980809
4466	0.980809
4467	0.980809
4468	0.980809
4469	0.980809
4470	0.980809
4471	0.980809
4472	0.980809
4473	0.980809
4474	0.980809
4475	0.980809
4476	0.980809
4477	0.980809
4478	0.980809
4479	0.980809
4480	0.980809
4481	0.980809
4482	0.980809
4483	0.980809
4484	0.980809
4485	0.980809
4486	0.980809
4487	0.980809
4488	0.980809
4489	0.980809
4490	0.980809
4491	0.980809
4492	0.980809
4493	0.980809
4494	0.980809
4495	0.980809
4496	0.980809
4497	0.980809
4498	0.980809
4499	0.980809
4500	0.980809
4501	0.980809
4502	0.980809
4503	0.980809
4504	0.980809
4505	0.980809
4506	0.980809
4507	0.980809
4508	0.980809
4509	0.980809
4510	0.980809
4511	0.980809
4512	0.980809
4513	0.980809
4514	0.980809
4515	0.980809
4516	0.980809
4517	0.980809
4518	0.980809
4519	0.980809
4520	0.980809
4521	0.980809
4522	0.980809
4523	0.980809
4524	0.980809
4525	0.980809
4526	0.980809
4527	0.980809
4528	0.980809
4529	0.980809
4530	0.980809
4531	0.980809
4532	0.980809
4533	0.980809
4534	0.980809
4535	0.980809
4536	0.980809
4537	0.980809
4538	0.980809
4539	0.980809
4540	0.980809
4541	0.980809
4542	0.980809
4543	0.980809
4544	0.980809
4545	0.980809
4546	0.980809
4547	0.980809
4548	0.980809
4549	0.980809
4550	0.980809
4551	0.980809
4552	0.980809
4553	0.980809
4554	0.980809
4555	0.980809
4556	0.980809
4557	0.980809
4558	0.980809
4559	0.980809
4560	0.980809
4561	0.980809
4562	0.980809
4563	0.980809
4564	0.980809
4565	0.980809
4566	0.980809
4567	0.980809
4568	0.980809
4569	0.980809
4570	0.980809
4571	0.980809
4572	0.980809
4573	0.980809
4574	0.980809
4575	0.980809
4576	0.980809
4577	0.980809
4578	0.980809
4579	0.980809
4580	0.980809
4581	0.980809
4582	0.980809
4583	0.980809
4584	0.980809
4585	0.980809
4586	0.980809
4587	0.980809
4588	0.980809
4589	0.980809
4590	0.980809
4591	0.980809
4592	0.980809
4593	0.980809
4594	0.980809
4595	0.980809
4596	0.980809
4597	0.980809
4598	0.980809
4599	0.980809
4600	0.980809
4601	0.980809
4602	0.980809
4603	0.980809
4604	0.980809
4605	0.980809
4606	0.980809
4607	0.980809
4608	0.980809
4609	0.980809
4610	0.980809
4611	0.980809
4612	0.980809
4613	0.980809
4614	0.980809
4615	0.980809
4616	0.980809
4617	0.980809
4618	0.980809
4619	0.980809
4620	0.980809
4621	0.980809
4622	0.980809
4623	0.980809
4624	0.980809
4625	0.980809
4626	0.980809
4627	0.980809
4628	0.980809
4629	0.980809
4630	0.980809
4631	0.980809
4632	0.980809
4633	0.980809
4634	0.980809
4635	0.980809
4636	0.980809
4637	0.980809
4638	0.980809
4639	0.980809
4640	0.980809
4641	0.980809
4642	0.980809
4643	0.980809
4644	0.980809
4645	0.980809
4646	0.980809
4647	0.980809
4648	0.980809
4649	0.980809
4650	0.980809
4651	0.980809
4652	0.980809
4653	0.980809
4654	0.980809
4655	0.980809
4656	0.980809
4657	0.980809
4658	0.980809
4659	0.980809
4660	0.980809
4661	0.980809
4662	0.980809
4663	0.980809
4664	0.980809
4665	0.980809
4666	0.980809
4667	0.980809
4668	0.980809
4669	0.980809
4670	0.980809
4671	0.980809
4672	0.980809
4673	0.980809
4674	0.980809
4675	0.980809
4676	0.980809
4677	0.980809
4678	0.980809
4679	0.980809
4680	0.980809
4681	0.980809
4682	0.980809
4683	0.980809
4684	0.980809
4685	0.980809
4686	0.980809
4687	0.980809
4688	0.980809
4689	0.980809
4690	0.980809
4691	0.980809
4692	0.980809
4693	0.980809
4694	0.980809
4695	0.980809
4696	0.980809
4697	0.980809
4698	0.980809
4699	0.980809
4700	0.980809
4701	0.980809
4702	0.980809
4703	0.980809
4704	0.980809
4705	0.980809
4706	0.980809
4707	0.980809
4708	0.980809
4709	0.980809
4710	0.980809
4711	0.980809
4712	0.980809
4713	0.980809
4714	0.980809
4715	0.980809
4716	0.980809
4717	0.980809
4718	0.980809
4719	0.980809
4720	0.980809
4721	0.980809
4722	0.980809
4723	0.980809
4724	0.980809
4725	0.980809
4726	0.980809
4727	0.980809
4728	0.980809
4729	0.980809
4730	0.980809
4731	0.980809
4732	0.980809
4733	0.980809
4734	0.980809
4735	0.980809
4736	0.980809
4737	0.980809
4738	0.980809
4739	0.980809
4740	0.980809
4741	0.980809
4742	0.980809
4743	0.980809
4744	0.980809
4745	0.980809
4746	0.980809
4747	0.980809
4748	0.980809
4749	0.980809
4750	0.980809
4751	0.980809
4752	0.980809
4753	0.980809
4754	0.980809
4755	0.980809
4756	0.980809
4757	0.980809
4758	0.980809
4759	0.980809
4760	0.980809
4761	0.980809
4762	0.980809
4763	0.980809
4764	0.980809
4765	0.980809
4766	0.980809
4767	0.980809
4768	0.980809
4769	0.980809
4770	0.980809
4771	0.980809
4772	0.980809
4773	0.980809
4774	0.980809
4775	0.980809
4776	0.980809
4777	0.980809
4778	0.980809
4779	0.980809
4780	0.980809
4781	0.980809
4782	0.980809
4783	0.980809
4784	0.980809
4785	0.980809
4786	0.980809
4787	0.980809
4788	0.980809
4789	0.980809
4790	0.980809
4791	0.980809
4792	0.980809
4793	0.980809
4794	0.980809
4795	0.980809
4796	0.980809
4797	0.980809
4798	0.980809
4799	0.980809
4800	0.980809
4801	0.980809
4802	0.980809
4803	0.980809
4804	0.980809
4805	0.980809
4806	0.980809
4807	0.980809
4808	0.980809
4809	0.980809
4810	0.980809
4811	0.980809
4812	0.980809
4813	0.980809
4814	0.980809
4815	0.980809
4816	0.980809
4817	0.980809
4818	0.980809
4819	0.980809
4820	0.980809
4821	0.980809
4822	0.980809
4823	0.980809
4824	0.980809
4825	0.980809
4826	0.980809
4827	0.980809
4828	0.980809
4829	0.980809
4830	0.980809
4831	0.980809
4832	0.980809
4833	0.980809
4834	0.980809
4835	0.980809
4836	0.980809
4837	0.980809
4838	0.980809
4839	0.980809
4840	0.980809
4841	0.980809
4842	0.980809
4843	0.980809
4844	0.980809
4845	0.980809
4846	0.980809
4847	0.980809
4848	0.980809
4849	0.980809
4850	0.980809
4851	0.980809
4852	0.980809
4853	0.980809
4854	0.980809
4855	0.980809
4856	0.980809
4857	0.980809
4858	0.980809
4859	0.980809
4860	0.980809
4861	0.980809
4862	0.980809
4863	0.980809
4864	0.980809
4865	0.980809
4866	0.980809
4867	0.980809
4868	0.980809
4869	0.980809
4870	0.980809
4871	0.980809
4872	0.980809
4873	0.980809
4874	0.980809
4875	0.980809
4876	0.980809
4877	0.980809
4878	0.980809
4879	0.980809
4880	0.980809
4881	0.980809
4882	0.980809
4883	0.980809
4884	0.980809
4885	0.980809
4886	0.980809
4887	0.980809
4888	0.980809
4889	0.980809
4890	0.980809
4891	0.980809
4892	0.980809
4893	0.980809
4894	0.980809
4895	0.980809
4896	0.980809
4897	0.980809
4898	0.980809
4899	0.980809
4900	0.980809
4901	0.980809
4902	0.980809
4903	0.980809
4904	0.980809
4905	0.980809
4906	0.980809
4907	0.980809
4908	0.980809
4909	0.980809
4910	0.980809
4911	0.980809
4912	0.980809
4913	0.980809
4914	0.980809
4915	0.980809
4916	0.980809
4917	0.980809
4918	0.980809
4919	0.980809
4920	0.980809
4921	0.980809
4922	0.980809
4923	0.980809
4924	0.980809
4925	0.980809
4926	0.980809
4927	0.980809
4928	0.980809
4929	0.980809
4930	0.980809
4931	0.980809
4932	0.980809
4933	0.980809
4934	0.980809
4935	0.980809
4936	0.980809
4937	0.980809
4938	0.980809
4939	0.980809
4940	0.980809
4941	0.980809
4942	0.980809
4943	0.980809
4944	0.980809
4945	0.980809
4946	0.980809
4947	0.980809
4948	0.980809
4949	0.980809
4950	0.980809
4951	0.980809
4952	0.980809
4953	0.980809
4954	0.980809
4955	0.980809
4956	0.980809
4957	0.980809
4958	0.980809
4959	0.980809
4960	0.980809
4961	0.980809
4962	0.980809
4963	0.980809
4964	0.980809
4965	0.980809
4966	0.980809
4967	0.980809
4968	0.980809
4969	0.980809
4970	0.980809
4971	0.980809
4972	0.980809
4973	0.980809
4974	0.980809
4975	0.980809
4976	0.980809
4977	0.980809
4978	0.980809
4979	0.980809
4980	0.980809
4981	0.980809
4982	0.980809
4983	0.980809
4984	0.980809
4985	0.980809
4986	0.980809
4987	0.980809
4988	0.980809
4989	0.980809
4990	0.980809
4991	0.980809
4992	0.980809
4993	0.980809
4994	0.980809
4995	0.980809
4996	0.980809
4997	0.980809
4998	0.980809
4999	0.980809
5000	0.980809
5001	0.980809
5002	0.980809
5003	0.980809
5004	0.980809
5005	0.980809
5006	0.980809
5007	0.980809
5008	0.980809
5009	0.980809
5010	0.980809
5011	0.980809
5012	0.980809
5013	0.980809
5014	0.980809
5015	0.980809
5016	0.980809
5017	0.980809
5018	0.980809
5019	0.980809
5020	0.980809
5021	0.980809
5022	0.980809
5023	0.980809
5024	0.980809
5025	0.980809
5026	0.980809
5027	0.980809
5028	0.980809
5029	0.980809
5030	0.980809
5031	0.980809
5032	0.980809
5033	0.980809
5034	0.980809
5035	0.980809
5036	0.980809
5037	0.980809
5038	0.980809
5039	0.980809
5040	0.980809
5041	0.980809
5042	0.980809
5043	0.980809
5044	0.980809
5045	0.980809
5046	0.980809
5047	0.980809
5048	0.980809
5049	0.980809
5050	0.980809
5051	0.980809
5052	0.980809
5053	0.980809
5054	0.980809
5055	0.980809
5056	0.980809
5057	0.980809
5058	0.980809
5059	0.980809
5060	0.980809
5061	0.980809
5062	0.980809
5063	0.980809
5064	0.980809
5065	0.980809
5066	0.980809
5067	0.980809
5068	0.980809
5069	0.980809
5070	0.980809
5071	0.980809
5072	0.980809
5073	0.980809
5074	0.980809
5075	0.980809
5076	0.980809
5077	0.980809
5078	0.980809
5079	0.980809
5080	0.980809
5081	0.980809
5082	0.980809
5083	0.980809
5084	0.980809
5085	0.980809
5086	0.980809
5087	0.980809
5088	0.980809
5089	0.980809
5090	0.980809
5091	0.980809
5092	0.980809
5093	0.980809
5094	0.980809
5095	0.980809
5096	0.980809
5097	0.980809
5098	0.980809
5099	0.980809
5100	0.980809
5101	0.980809
5102	0.980809
5103	0.980809
5104	0.980809
5105	0.980809
5106	0.980809
5107	0.980809
5108	0.980809
5109	0.980809
5110	0.980809
5111	0.980809
5112	0.980809
5113	0.980809
5114	0.980809
5115	0.980809
5116	0.980809
5117	0.980809
5118	0.980809
5119	0.980809
5120	0.980809
5121	0.980809
5122	0.980809
5123	0.980809
5124	0.980809
5125	0.980809
5126	0.980809
5127	0.980809
5128	0.980809
5129	0.980809
5130	0.980809
5131	0.980809
5132	0.980809
5133	0.980809
5134	0.980809
5135	0.980809
5136	0.980809
5137	0.980809
5138	0.980809
5139	0.980809
5140	0.980809
5141	0.980809
5142	0.980809
5143	0.980809
5144	0.980809
5145	0.980809
5146	0.980809
5147	0.980809
5148	0.980809
5149	0.980809
5150	0.980809
5151	0.980809
5152	0.980809
5153	0.980809
5154	0.980809
5155	0.980809
5156	0.980809
5157	0.980809
5158	0.980809
5159	0.980809
5160	0.980809
5161	0.980809
5162	0.980809
5163	0.980809
5164	0.980809
5165	0.980809
5166	0.980809
5167	0.980809
5168	0.980809
5169	0.980809
5170	0.980809
5171	0.980809
5172	0.980809
5173	0.980809
5174	0.980809
5175	0.980809
5176	0.980809
5177	0.980809
5178	0.980809
5179	0.980809
5180	0.980809
5181	0.980809
5182	0.980809
5183	0.980809
5184	0.980809
5185	0.980809
5186	0.980809
5187	0.980809
5188	0.980809
5189	0.980809
5190	0.980809
5191	0.980809
5192	0.980809
5193	0.980809
5194	0.980809
5195	0.980809
5196	0.980809
5197	0.980809
5198	0.980809
5199	0.980809
5200	0.980809
5201	0.980809
5202	0.980809
5203	0.980809
5204	0.980809
5205	0.980809
5206	0.980809
5207	0.980809
5208	0.980809
5209	0.980809
5210	0.980809
5211	0.980809
5212	0.980809
5213	0.980809
5214	0.980809
5215	0.980809
5216	0.980809
5217	0.980809
5218	0.980809
5219	0.980809
5220	0.980809
5221	0.980809
5222	0.980809
5223	0.980809
5224	0.980809
5225	0.980809
5226	0.980809
5227	0.980809
5228	0.980809
5229	0.980809
5230	0.980809
5231	0.980809
5232	0.980809
5233	0.980809
5234	0.980809
5235	0.980809
5236	0.980809
5237	0.980809
5238	0.980809
5239	0.980809
5240	0.980809
5241	0.980809
5242	0.980809
5243	0.980809
5244	0.980809
5245	0.980809
5246	0.980809
5247	0.980809
5248	0.980809
5249	0.980809
5250	0.980809
5251	0.980809
5252	0.980809
5253	0.980809
5254	0.980809
5255	0.980809
5256	0.980809
5257	0.980809
5258	0.980809
5259	0.980809
5260	0.980809
5261	0.980809
5262	0.980809
5263	0.980809
5264	0.980809
5265	0.980809
5266	0.980809
5267	0.980809
5268	0.980809
5269	0.980809
5270	0.980809
5271	0.980809
5272	0.980809
5273	0.980809
5274	0.980809
5275	0.980809
5276	0.980809
5277	0.980809
5278	0.980809
5279	0.980809
5280	0.980809
5281	0.980809
5282	0.980809
5283	0.980809
5284	0.980809
5285	0.980809
5286	0.980809
5287	0.980809
5288	0.980809
5289	0.980809
5290	0.980809
5291	0.980809
5292	0.980809
5293	0.980809
5294	0.980809
5295	0.980809
5296	0.980809
5297	0.980809
5298	0.980809
5299	0.980809
5300	0.980809
5301	0.980809
5302	0.980809
5303	0.980809
5304	0.980809
5305	0.980809
5306	0.980809
5307	0.980809
5308	0.980809
5309	0.980809
5310	0.980809
5311	0.980809
5312	0.980809
5313	0.980809
5314	0.980809
5315	0.980809
5316	0.980809
5317	0.980809
5318	0.980809
5319	0.980809
5320	0.980809
5321	0.980809
5322	0.980809
5323	0.980809
5324	0.980809
5325	0.980809
5326	0.980809
5327	0.980809
5328	0.980809
5329	0.980809
5330	0.980809
5331	0.980809
5332	0.980809
5333	0.980809
5334	0.980809
5335	0.980809
5336	0.980809
5337	0.980809
5338	0.980809
5339	0.980809
5340	0.980809
5341	0.980809
5342	0.980809
5343	0.980809
5344	0.980809
5345	0.980809
5346	0.980809
5347	0.980809
5348	0.980809
5349	0.980809
5350	0.980809
5351	0.980809
5352	0.980809
5353	0.980809
5354	0.980809
5355	0.980809
5356	0.980809
5357	0.980809
5358	0.980809
5359	0.980809
5360	0.980809
5361	0.980809
5362	0.980809
5363	0.980809
5364	0.980809
5365	0.980809
5366	0.980809
5367	0.980809
5368	0.980809
5369	0.980809
5370	0.980809
5371	0.980809
5372	0.980809
5373	0.980809
5374	0.980809
5375	0.980809
5376	0.980809
5377	0.980809
5378	0.980809
5379	0.980809
5380	0.980809
5381	0.980809
5382	0.980809
5383	0.980809
5384	0.980809
5385	0.980809
5386	0.980809
5387	0.980809
5388	0.980809
5389	0.980809
5390	0.980809
5391	0.980809
5392	0.980809
5393	0.980809
5394	0.980809
5395	0.980809
5396	0.980809
5397	0.980809
5398	0.980809
5399	0.980809
5400	0.980809
5401	0.980809
5402	0.980809
5403	0.980809
5404	0.980809
5405	0.980809
5406	0.980809
5407	0.980809
5408	0.980809
5409	0.980809
5410	0.980809
5411	0.980809
5412	0.980809
5413	0.980809
5414	0.980809
5415	0.980809
5416	0.980809
5417	0.980809
5418	0.980809
5419	0.980809
5420	0.980809
5421	0.980809
5422	0.980809
5423	0.980809
5424	0.980809
5425	0.980809
5426	0.980809
5427	0.980809
5428	0.980809
5429	0.980809
5430	0.980809
5431	0.980809
5432	0.980809
5433	0.980809
5434	0.980809
5435	0.980809
5436	0.980809
5437	0.980809
5438	0.980809
5439	0.980809
5440	0.980809
5441	0.980809
5442	0.980809
5443	0.980809
5444	0.980809
5445	0.980809
5446	0.980809
5447	0.980809
5448	0.980809
5449	0.980809
5450	0.980809
5451	0.980809
5452	0.980809
5453	0.980809
5454	0.980809
5455	0.980809
5456	0.980809
5457	0.980809
5458	0.980809
5459	0.980809
5460	0.980809
5461	0.980809
5462	0.980809
5463	0.980809
5464	0.980809
5465	0.980809
5466	0.980809
5467	0.980809
5468	0.980809
5469	0.980809
5470	0.980809
5471	0.980809
5472	0.980809
5473	0.980809
5474	0.980809
5475	0.980809
5476	0.980809
5477	0.980809
5478	0.980809
5479	0.980809
5480	0.980809
5481	0.980809
5482	0.980809
5483	0.980809
5484	0.980809
5485	0.980809
5486	0.980809
5487	0.980809
5488	0.980809
5489	0.980809
5490	0.980809
5491	0.980809
5492	0.980809
5493	0.980809
5494	0.980809
5495	0.980809
5496	0.980809
5497	0.980809
5498	0.980809
5499	0.980809
5500	0.980809
5501	0.980809
5502	0.980809
5503	0.980809
5504	0.980809
5505	0.980809
5506	0.980809
5507	0.980809
5508	0.980809
5509	0.980809
5510	0.980809
5511	0.980809
5512	0.980809
5513	0.980809
5514	0.980809
5515	0.980809
5516	0.980809
5517	0.980809
5518	0.980809
5519	0.980809
5520	0.980809
5521	0.980809
5522	0.980809
5523	0.980809
5524	0.980809
5525	0.980809
5526	0.980809
5527	0.980809
5528	0.980809
5529	0.980809
5530	0.980809
5531	0.980809
5532	0.980809
5533	0.980809
5534	0.980809
5535	0.980809
5536	0.980809
5537	0.980809
5538	0.980809
5539	0.980809
5540	0.980809
5541	0.980809
5542	0.980809
5543	0.980809
5544	0.980809
5545	0.980809
5546	0.980809
5547	0.980809
5548	0.980809
5549	0.980809
5550	0.980809
5551	0.980809
5552	0.980809
5553	0.980809
5554	0.980809
5555	0.980809
5556	0.980809
5557	0.980809
5558	0.980809
5559	0.980809
5560	0.980809
5561	0.980809
5562	0.980809
5563	0.980809
5564	0.980809
5565	0.980809
5566	0.980809
5567	0.980809
5568	0.980809
5569	0.980809
5570	0.980809
5571	0.980809
5572	0.980809
5573	0.980809
5574	0.980809
5575	0.980809
5576	0.980809
5577	0.980809
5578	0.980809
5579	0.980809
5580	0.980809
5581	0.980809
5582	0.980809
5583	0.980809
5584	0.980809
5585	0.980809
5586	0.980809
5587	0.980809
5588	0.980809
5589	0.980809
5590	0.980809
5591	0.980809
5592	0.980809
5593	0.980809
5594	0.980809
5595	0.980809
5596	0.980809
5597	0.980809
5598	0.980809
5599	0.980809
5600	0.980809
5601	0.980809
5602	0.980809
5603	0.980809
5604	0.980809
5605	0.980809
5606	0.980809
5607	0.980809
5608	0.980809
5609	0.980809
5610	0.980809
5611	0.980809
5612	0.980809
5613	0.980809
5614	0.980809
5615	0.980809
5616	0.980809
5617	0.980809
5618	0.980809
5619	0.980809
5620	0.980809
5621	0.980809
5622	0.980809
5623	0.980809
5624	0.980809
5625	0.980809
5626	0.980809
5627	0.980809
5628	0.980809
5629	0.980809
5630	0.980809
5631	0.980809
5632	0.980809
5633	0.980809
5634	0.980809
5635	0.980809
5636	0.980809
5637	0.980809
5638	0.980809
5639	0.980809
5640	0.980809
5641	0.980809
5642	0.980809
5643	0.980809
5644	0.980809
5645	0.980809
5646	0.980809
5647	0.980809
5648	0.980809
5649	0.980809
5650	0.980809
5651	0.980809
5652	0.980809
5653	0.980809
5654	0.980809
5655	0.980809
5656	0.980809
5657	0.980809
5658	0.980809
5659	0.980809
5660	0.980809
5661	0.980809
5662	0.980809
5663	0.980809
5664	0.980809
5665	0.980809
5666	0.980809
5667	0.980809
5668	0.980809
5669	0.980809
5670	0.980809
5671	0.980809
5672	0.980809
5673	0.980809
5674	0.980809
5675	0.980809
5676	0.980809
5677	0.980809
5678	0.980809
5679	0.980809
5680	0.980809
5681	0.980809
5682	0.980809
5683	0.980809
5684	0.980809
5685	0.980809
5686	0.980809
5687	0.980809
5688	0.980809
5689	0.980809
5690	0.980809
5691	0.980809
5692	0.980809
5693	0.980809
5694	0.980809
5695	0.980809
5696	0.980809
5697	0.980809
5698	0.980809
5699	0.980809
5700	0.980809
5701	0.980809
5702	0.980809
5703	0.980809
5704	0.980809
5705	0.980809
5706	0.980809
5707	0.980809
5708	0.980809
5709	0.980809
5710	0.980809
5711	0.980809
5712	0.980809
5713	0.980809
5714	0.980809
5715	0.980809
5716	0.980809
5717	0.980809
5718	0.980809
5719	0.980809
5720	0.980809
5721	0.980809
5722	0.980809
5723	0.980809
5724	0.980809
5725	0.980809
5726	0.980809
5727	0.980809
5728	0.980809
5729	0.980809
5730	0.980809
5731	0.980809
5732	0.980809
5733	0.980809
5734	0.980809
5735	0.980809
5736	0.980809
5737	0.980809
5738	0.980809
5739	0.980809
5740	0.980809
5741	0.980809
5742	0.980809
5743	0.980809
5744	0.980809
5745	0.980809
5746	0.980809
5747	0.980809
5748	0.980809
5749	0.980809
5750	0.980809
5751	0.980809
5752	0.980809
5753	0.980809
5754	0.980809
5755	0.980809
5756	0.980809
5757	0.980809
5758	0.980809
5759	0.980809
5760	0.980809
5761	0.980809
5762	0.980809
5763	0.980809
5764	0.980809
5765	0.980809
5766	0.980809
5767	0.980809
5768	0.980809
5769	0.980809
5770	0.980809
5771	0.980809
5772	0.980809
5773	0.980809
5774	0.980809
5775	0.980809
5776	0.980809
5777	0.980809
5778	0.980809
5779	0.980809
5780	0.980809
5781	0.980809
5782	0.980809
5783	0.980809
5784	0.980809
5785	0.980809
5786	0.980809
5787	0.980809
5788	0.980809
5789	0.980809
5790	0.980809
5791	0.980809
5792	0.980809
5793	0.980809
5794	0.980809
5795	0.980809
5796	0.980809
5797	0.980809
5798	0.980809
5799	0.980809
5800	0.980809
5801	0.980809
5802	0.980809
5803	0.980809
5804	0.980809
5805	0.980809
5806	0.980809
5807	0.980809
5808	0.980809
5809	0.980809
5810	0.980809
5811	0.980809
5812	0.980809
5813	0.980809
5814	0.980809
5815	0.980809
5816	0.980809
5817	0.980809
5818	0.980809
5819	0.980809
5820	0.980809
5821	0.980809
5822	0.980809
5823	0.980809
5824	0.980809
5825	0.980809
5826	0.980809
5827	0.980809
5828	0.980809
5829	0.980809
5830	0.980809
5831	0.980809
5832	0.980809
5833	0.980809
5834	0.980809
5835	0.980809
5836	0.980809
5837	0.980809
5838	0.980809
5839	0.980809
5840	0.980809
5841	0.980809
5842	0.980809
5843	0.980809
5844	0.980809
5845	0.980809
5846	0.980809
5847	0.980809
5848	0.980809
5849	0.980809
5850	0.980809
5851	0.980809
5852	0.980809
5853	0.980809
5854	0.980809
5855	0.980809
5856	0.980809
5857	0.980809
5858	0.980809
5859	0.980809
5860	0.980809
5861	0.980809
5862	0.980809
5863	0.980809
5864	0.980809
5865	0.980809
5866	0.980809
5867	0.980809
5868	0.980809
5869	0.980809
5870	0.980809
5871	0.980809
5872	0.980809
5873	0.980809
5874	0.980809
5875	0.980809
5876	0.980809
5877	0.980809
5878	0.980809
5879	0.980809
5880	0.980809
5881	0.980809
5882	0.980809
5883	0.980809
5884	0.980809
5885	0.980809
5886	0.980809
5887	0.980809
5888	0.980809
5889	0.980809
5890	0.980809
5891	0.980809
5892	0.980809
5893	0.980809
5894	0.980809
5895	0.980809
5896	0.980809
5897	0.980809
5898	0.980809
5899	0.980809
5900	0.980809
5901	0.980809
5902	0.980809
5903	0.980809
5904	0.980809
5905	0.980809
5906	0.980809
5907	0.980809
5908	0.980809
5909	0.980809
5910	0.980809
5911	0.980809
5912	0.980809
5913	0.980809
5914	0.980809
5915	0.980809
5916	0.980809
5917	0.980809
5918	0.980809
5919	0.980809
5920	0.980809
5921	0.980809
5922	0.980809
5923	0.980809
5924	0.980809
5925	0.980809
5926	0.980809
5927	0.980809
5928	0.980809
5929	0.980809
5930	0.980809
5931	0.980809
5932	0.980809
5933	0.980809
5934	0.980809
5935	0.980809
5936	0.980809
5937	0.980809
5938	0.980809
5939	0.980809
5940	0.980809
5941	0.980809
5942	0.980809
5943	0.980809
5944	0.980809
5945	0.980809
5946	0.980809
5947	0.980809
5948	0.980809
5949	0.980809
5950	0.980809
5951	0.980809
5952	0.980809
5953	0.980809
5954	0.980809
5955	0.980809
5956	0.980809
5957	0.980809
5958	0.980809
5959	0.980809
5960	0.980809
5961	0.980809
5962	0.980809
5963	0.980809
5964	0.980809
5965	0.980809
5966	0.980809
5967	0.980809
5968	0.980809
5969	0.980809
5970	0.980809
5971	0.980809
5972	0.980809
5973	0.980809
5974	0.980809
5975	0.980809
5976	0.980809
5977	0.980809
5978	0.980809
5979	0.980809
5980	0.980809
5981	0.980809
5982	0.980809
5983	0.980809
5984	0.980809
5985	0.980809
5986	0.980809
5987	0.980809
5988	0.980809
5989	0.980809
5990	0.980809
5991	0.980809
5992	0.980809
5993	0.980809
5994	0.980809
5995	0.980809
5996	0.980809
5997	0.980809
5998	0.980809
5999	0.980809
6000	0.980809
6001	0.980809
6002	0.980809
6003	0.980809
6004	0.980809
6005	0.980809
6006	0.980809
6007	0.980809
6008	0.980809
6009	0.980809
6010	0.980809
6011	0.980809
6012	0.980809
6013	0.980809
6014	0.980809
6015	0.980809
6016	0.980809
6017	0.980809
6018	0.980809
6019	0.980809
6020	0.980809
6021	0.980809
6022	0.980809
6023	0.980809
6024	0.980809
6025	0.980809
6026	0.980809
6027	0.980809
6028	0.980809
6029	0.980809
6030	0.980809
6031	0.980809
6032	0.980809
6033	0.980809
6034	0.980809
6035	0.980809
6036	0.980809
6037	0.980809
6038	0.980809
6039	0.980809
6040	0.980809
6041	0.980809
6042	0.980809
6043	0.980809
6044	0.980809
6045	0.980809
6046	0.980809
6047	0.980809
6048	0.980809
6049	0.980809
6050	0.980809
6051	0.980809
6052	0.980809
6053	0.980809
6054	0.980809
6055	0.980809
6056	0.980809
6057	0.980809
6058	0.980809
6059	0.980809
6060	0.980809
6061	0.980809
6062	0.980809
6063	0.980809
6064	0.980809
6065	0.980809
6066	0.980809
6067	0.980809
6068	0.980809
6069	0.980809
6070	0.980809
6071	0.980809
6072	0.980809
6073	0.980809
6074	0.980809
6075	0.980809
6076	0.980809
6077	0.980809
6078	0.980809
6079	0.980809
6080	0.980809
6081	0.980809
6082	0.980809
6083	0.980809
6084	0.980809
6085	0.980809
6086	0.980809
6087	0.980809
6088	0.980809
6089	0.980809
6090	0.980809
6091	0.980809
6092	0.980809
6093	0.980809
6094	0.980809
6095	0.980809
6096	0.980809
6097	0.980809
6098	0.980809
6099	0.980809
6100	0.980809
6101	0.980809
6102	0.980809
6103	0.980809
6104	0.980809
6105	0.980809
6106	0.980809
6107	0.980809
6108	0.980809
6109	0.980809
6110	0.980809
6111	0.980809
6112	0.980809
6113	0.980809
6114	0.980809
6115	0.980809
6116	0.980809
6117	0.980809
6118	0.980809
6119	0.980809
6120	0.980809
6121	0.980809
6122	0.980809
6123	0.980809
6124	0.980809
6125	0.980809
6126	0.980809
6127	0.980809
6128	0.980809
6129	0.980809
6130	0.980809
6131	0.980809
6132	0.980809
6133	0.980809
6134	0.980809
6135	0.980809
6136	0.980809
6137	0.980809
6138	0.980809
6139	0.980809
6140	0.980809
6141	0.980809
6142	0.980809
6143	0.980809
6144	0.980809
6145	0.980809
6146	0.980809
6147	0.980809
6148	0.980809
6149	0.980809
6150	0.980809
6151	0.980809
6152	0.980809
6153	0.980809
6154	0.980809
6155	0.980809
6156	0.980809
6157	0.980809
6158	0.980809
6159	0.980809
6160	0.980809
6161	0.980809
6162	0.980809
6163	0.980809
6164	0.980809
6165	0.980809
6166	0.980809
6167	0.980809
6168	0.980809
6169	0.980809
6170	0.980809
6171	0.980809
6172	0.980809
6173	0.980809
6174	0.980809
6175	0.980809
6176	0.980809
6177	0.980809
6178	0.980809
6179	0.980809
6180	0.980809
6181	0.980809
6182	0.980809
6183	0.980809
6184	0.980809
6185	0.980809
6186	0.980809
6187	0.980809
6188	0.980809
6189	0.980809
6190	0.980809
6191	0.980809
6192	0.980809
6193	0.980809
6194	0.980809
6195	0.980809
6196	0.980809
6197	0.980809
6198	0.980809
6199	0.980809
6200	0.980809
6201	0.980809
6202	0.980809
6203	0.980809
6204	0.980809
6205	0.980809
6206	0.980809
6207	0.980809
6208	0.980809
6209	0.980809
6210	0.980809
6211	0.980809
6212	0.980809
6213	0.980809
6214	0.980809
6215	0.980809
6216	0.980809
6217	0.980809
6218	0.980809
6219	0.980809
6220	0.980809
6221	0.980809
6222	0.980809
6223	0.980809
6224	0.980809
6225	0.980809
6226	0.980809
6227	0.980809
6228	0.980809
6229	0.980809
6230	0.980809
6231	0.980809
6232	0.980809
6233	0.980809
6234	0.980809
6235	0.980809
6236	0.980809
6237	0.980809
6238	0.980809
6239	0.980809
6240	0.980809
6241	0.980809
6242	0.980809
6243	0.980809
6244	0.980809
6245	0.980809
6246	0.980809
6247	0.980809
6248	0.980809
6249	0.980809
6250	0.980809
6251	0.980809
6252	0.980809
6253	0.980809
6254	0.980809
6255	0.980809
6256	0.980809
6257	0.980809
6258	0.980809
6259	0.980809
6260	0.980809
6261	0.980809
6262	0.980809
6263	0.980809
6264	0.980809
6265	0.980809
6266	0.980809
6267	0.980809
6268	0.980809
6269	0.980809
6270	0.980809
6271	0.980809
6272	0.980809
6273	0.980809
6274	0.980809
6275	0.980809
6276	0.980809
6277	0.980809
6278	0.980809
6279	0.980809
6280	0.980809
6281	0.980809
6282	0.980809
6283	0.980809
6284	0.980809
6285	0.980809
6286	0.980809
6287	0.980809
6288	0.980809
6289	0.980809
6290	0.980809
6291	0.980809
6292	0.980809
6293	0.980809
6294	0.980809
6295	0.980809
6296	0.980809
6297	0.980809
6298	0.980809
6299	0.980809
6300	0.980809
6301	0.980809
6302	0.980809
6303	0.980809
6304	0.980809
6305	0.980809
6306	0.980809
6307	0.980809
6308	0.980809
6309	0.980809
6310	0.980809
6311	0.980809
6312	0.980809
6313	0.980809
6314	0.980809
6315	0.980809
6316	0.980809
6317	0.980809
6318	0.980809
6319	0.980809
6320	0.980809
6321	0.980809
6322	0.980809
6323	0.980809
6324	0.980809
6325	0.980809
6326	0.980809
6327	0.980809
6328	0.980809
6329	0.980809
6330	0.980809
6331	0.980809
6332	0.980809
6333	0.980809
6334	0.980809
6335	0.980809
6336	0.980809
6337	0.980809
6338	0.980809
6339	0.980809
6340	0.980809
6341	0.980809
6342	0.980809
6343	0.980809
6344	0.980809
6345	0.980809
6346	0.980809
6347	0.980809
6348	0.980809
6349	0.980809
6350	0.980809
6351	0.980809
6352	0.980809
6353	0.980809
6354	0.980809
6355	0.980809
6356	0.980809
6357	0.980809
6358	0.980809
6359	0.980809
6360	0.980809
6361	0.980809
6362	0.980809
6363	0.980809
6364	0.980809
6365	0.980809
6366	0.980809
6367	0.980809
6368	0.980809
6369	0.980809
6370	0.980809
6371	0.980809
6372	0.980809
6373	0.980809
6374	0.980809
6375	0.980809
6376	0.980809
6377	0.980809
6378	0.980809
6379	0.980809
6380	0.980809
6381	0.980809
6382	0.980809
6383	0.980809
6384	0.980809
6385	0.980809
6386	0.980809
6387	0.980809
6388	0.980809
6389	0.980809
6390	0.980809
6391	0.980809
6392	0.980809
6393	0.980809
6394	0.980809
6395	0.980809
6396	0.980809
6397	0.980809
6398	0.980809
6399	0.980809
6400	0.980809
6401	0.980809
6402	0.980809
6403	0.980809
6404	0.980809
6405	0.980809
6406	0.980809
6407	0.980809
6408	0.980809
6409	0.980809
6410	0.980809
6411	0.980809
6412	0.980809
6413	0.980809
6414	0.980809
6415	0.980809
6416	0.980809
6417	0.980809
6418	0.980809
6419	0.980809
6420	0.980809
6421	0.980809
6422	0.980809
6423	0.980809
6424	0.980809
6425	0.980809
6426	0.980809
6427	0.980809
6428	0.980809
6429	0.980809
6430	0.980809
6431	0.980809
6432	0.980809
6433	0.980809
6434	0.980809
6435	0.980809
6436	0.980809
6437	0.980809
6438	0.980809
6439	0.980809
6440	0.980809
6441	0.980809
6442	0.980809
6443	0.980809
6444	0.980809
6445	0.980809
6446	0.980809
6447	0.980809
6448	0.980809
6449	0.980809
6450	0.980809
6451	0.980809
6452	0.980809
6453	0.980809
6454	0.980809
6455	0.980809
6456	0.980809
6457	0.980809
6458	0.980809
6459	0.980809
6460	0.980809
6461	0.980809
6462	0.980809
6463	0.980809
6464	0.980809
6465	0.980809
6466	0.980809
6467	0.980809
6468	0.980809
6469	0.980809
6470	0.980809
6471	0.980809
6472	0.980809
6473	0.980809
6474	0.980809
6475	0.980809
6476	0.980809
6477	0.980809
6478	0.980809
6479	0.980809
6480	0.980809
6481	0.980809
6482	0.980809
6483	0.980809
6484	0.980809
6485	0.980809
6486	0.980809
6487	0.980809
6488	0.980809
6489	0.980809
6490	0.980809
6491	0.980809
6492	0.980809
6493	0.980809
6494	0.980809
6495	0.980809
6496	0.980809
6497	0.980809
6498	0.980809
6499	0.980809
6500	0.980809
6501	0.980809
6502	0.980809
6503	0.980809
6504	0.980809
6505	0.980809
6506	0.980809
6507	0.980809
6508	0.980809
6509	0.980809
6510	0.980809
6511	0.980809
6512	0.980809
6513	0.980809
6514	0.980809
6515	0.980809
6516	0.980809
6517	0.980809
6518	0.980809
6519	0.980809
6520	0.980809
6521	0.980809
6522	0.980809
6523	0.980809
6524	0.980809
6525	0.980809
6526	0.980809
6527	0.980809
6528	0.980809
6529	0.980809
6530	0.980809
6531	0.980809
6532	0.980809
6533	0.980809
6534	0.980809
6535	0.980809
6536	0.980809
6537	0.980809
6538	0.980809
6539	0.980809
6540	0.980809
6541	0.980809
6542	0.980809
6543	0.980809
6544	0.980809
6545	0.980809
6546	0.980809
6547	0.980809
6548	0.980809
6549	0.980809
6550	0.980809
6551	0.980809
6552	0.980809
6553	0.980809
6554	0.980809
6555	0.980809
6556	0.980809
6557	0.980809
6558	0.980809
6559	0.980809
6560	0.980809
6561	0.980809
6562	0.980809
6563	0.980809
6564	0.980809
6565	0.980809
6566	0.980809
6567	0.980809
6568	0.980809
6569	0.980809
6570	0.980809
6571	0.980809
6572	0.980809
6573	0.980809
6574	0.980809
6575	0.980809
6576	1
## No. organisms: 20
## Seeds        : 1502903784, 23542
## Runtime      : 0h 55m 40s.
## Started at   : Sat Sep  5 07:39:03 2020
## Ended at     : Sat Sep  5 08:34:43 2020
