1	0.5
2	0.5
3	0.5
4	0.5
5	0.5
6	0.5
7	0.5
8	0.546875
9	0.546875
10	0.546875
11	0.546875
12	0.546875
13	0.546875
14	0.546875
15	0.546875
16	0.546875
17	0.546875
18	0.546875
19	0.546875
20	0.546875
21	0.546875
22	0.546875
23	0.546875
24	0.546875
25	0.546875
26	0.546875
27	0.546875
28	0.546875
29	0.546875
30	0.546875
31	0.546875
32	0.546875
33	0.546875
34	0.546875
35	0.546875
36	0.546875
37	0.546875
38	0.546875
39	0.546875
40	0.546875
41	0.546875
42	0.546875
43	0.546875
44	0.546875
45	0.59375
46	0.59375
47	0.59375
48	0.59375
49	0.625
50	0.625
51	0.625
52	0.625
53	0.625
54	0.625
55	0.65625
56	0.65625
57	0.65625
58	0.6875
59	0.6875
60	0.6875
61	0.6875
62	0.75
63	0.75
64	0.75
65	0.75
66	0.75
67	0.75
68	0.75
69	0.75
70	0.75
71	0.75
72	0.75
73	0.75
74	0.75
75	0.75
76	0.75
77	0.75
78	0.75
79	0.75
80	0.75
81	0.75
82	0.75
83	0.75
84	0.75
85	0.75
86	0.75
87	0.75
88	0.75
89	0.75
90	0.75
91	0.75
92	0.75
93	0.75
94	0.75
95	0.75
96	0.75
97	0.75
98	0.75
99	0.75
100	0.75
101	0.75
102	0.75
103	0.75
104	0.75
105	0.75
106	0.75
107	0.75
108	0.75
109	0.75
110	0.75
111	0.75
112	0.75
113	0.75
114	0.75
115	0.75
116	0.75
117	0.75
118	0.75
119	0.75
120	0.75
121	0.75
122	0.75
123	0.75
124	0.75
125	0.75
126	0.75
127	0.75
128	0.75
129	0.75
130	0.75
131	0.75
132	0.75
133	0.75
134	0.75
135	0.75
136	0.75
137	0.75
138	0.75
139	0.75
140	0.75
141	0.75
142	0.75
143	0.75
144	0.75
145	0.75
146	0.75
147	0.75
148	0.75
149	0.75
150	0.75
151	0.75
152	0.75
153	0.75
154	0.75
155	0.75
156	0.75
157	0.75
158	0.75
159	0.75
160	0.75
161	0.75
162	0.75
163	0.75
164	0.75
165	0.75
166	0.75
167	0.75
168	0.75
169	0.75
170	0.75
171	0.75
172	0.75
173	0.75
174	0.75
175	0.75
176	0.75
177	0.75
178	0.75
179	0.75
180	0.75
181	0.75
182	0.75
183	0.75
184	0.75
185	0.75
186	0.75
187	0.75
188	0.75
189	0.75
190	0.75
191	0.75
192	0.75
193	0.75
194	0.75
195	0.75
196	0.75
197	0.75
198	0.75
199	0.75
200	0.75
201	0.75
202	0.75
203	0.75
204	0.75
205	0.75
206	0.75
207	0.75
208	0.75
209	0.75
210	0.75
211	0.75
212	0.75
213	0.75
214	0.75
215	0.75
216	0.75
217	0.75
218	0.75
219	0.75
220	0.75
221	0.75
222	0.75
223	0.75
224	0.75
225	0.75
226	0.75
227	0.75
228	0.75
229	0.75
230	0.75
231	0.75
232	0.75
233	0.75
234	0.75
235	0.75
236	0.75
237	0.75
238	0.75
239	0.75
240	0.75
241	0.75
242	0.75
243	0.75
244	0.75
245	0.75
246	0.75
247	0.75
248	0.75
249	0.75
250	0.75
251	0.75
252	0.75
253	0.75
254	0.75
255	0.75
256	0.75
257	0.75
258	0.75
259	0.75
260	0.75
261	0.75
262	0.75
263	0.75
264	0.75
265	0.75
266	0.75
267	0.75
268	0.75
269	0.75
270	0.75
271	0.75
272	0.75
273	0.75
274	0.75
275	0.75
276	0.75
277	0.75
278	0.75
279	0.75
280	0.75
281	0.75
282	0.75
283	0.75
284	0.75
285	0.75
286	0.75
287	0.75
288	0.75
289	0.75
290	0.75
291	0.75
292	0.75
293	0.75
294	0.75
295	0.75
296	0.75
297	0.75
298	0.75
299	0.75
300	0.75
301	0.75
302	0.75
303	0.75
304	0.75
305	0.75
306	0.75
307	0.75
308	0.75
309	0.75
310	0.75
311	0.75
312	0.75
313	0.75
314	0.75
315	0.75
316	0.75
317	0.75
318	0.75
319	0.75
320	0.75
321	0.75
322	0.75
323	0.75
324	0.75
325	0.75
326	0.75
327	0.75
328	0.75
329	0.75
330	0.75
331	0.75
332	0.75
333	0.75
334	0.75
335	0.75
336	0.75
337	0.75
338	0.75
339	0.75
340	0.75
341	0.75
342	0.75
343	0.75
344	0.75
345	0.75
346	0.75
347	0.75
348	0.75
349	0.75
350	0.75
351	0.75
352	0.75
353	0.75
354	0.75
355	0.75
356	0.75
357	0.75
358	0.75
359	0.75
360	0.75
361	0.75
362	0.75
363	0.75
364	0.75
365	0.75
366	0.75
367	0.75
368	0.75
369	0.75
370	0.75
371	0.75
372	0.75
373	0.75
374	0.75
375	0.75
376	0.75
377	0.75
378	0.75
379	0.75
380	0.75
381	0.75
382	0.75
383	0.75
384	0.75
385	0.75
386	0.75
387	0.75
388	0.75
389	0.75
390	0.75
391	0.75
392	0.75
393	0.75
394	0.75
395	0.75
396	0.75
397	0.75
398	0.75
399	0.75
400	0.75
401	0.75
402	0.75
403	0.75
404	0.78125
405	0.78125
406	0.78125
407	0.78125
408	0.78125
409	0.78125
410	0.78125
411	0.78125
412	0.78125
413	0.78125
414	0.78125
415	0.78125
416	0.78125
417	0.78125
418	0.78125
419	0.78125
420	0.78125
421	0.78125
422	0.78125
423	0.78125
424	0.78125
425	0.78125
426	0.78125
427	0.78125
428	0.78125
429	0.78125
430	0.78125
431	0.78125
432	0.78125
433	0.78125
434	0.78125
435	0.78125
436	0.78125
437	0.78125
438	0.78125
439	0.78125
440	0.78125
441	0.78125
442	0.78125
443	0.78125
444	0.78125
445	0.78125
446	0.78125
447	0.78125
448	0.78125
449	0.78125
450	0.78125
451	0.78125
452	0.78125
453	0.78125
454	0.78125
455	0.78125
456	0.78125
457	0.78125
458	0.78125
459	0.78125
460	0.78125
461	0.78125
462	0.78125
463	0.78125
464	0.78125
465	0.78125
466	0.78125
467	0.78125
468	0.78125
469	0.78125
470	0.78125
471	0.78125
472	0.78125
473	0.78125
474	0.78125
475	0.78125
476	0.78125
477	0.78125
478	0.78125
479	0.78125
480	0.78125
481	0.78125
482	0.78125
483	0.78125
484	0.78125
485	0.78125
486	0.78125
487	0.78125
488	0.78125
489	0.78125
490	0.78125
491	0.78125
492	0.78125
493	0.78125
494	0.78125
495	0.78125
496	0.78125
497	0.78125
498	0.78125
499	0.78125
500	0.78125
501	0.78125
502	0.78125
503	0.78125
504	0.78125
505	0.78125
506	0.78125
507	0.78125
508	0.78125
509	0.78125
510	0.78125
511	0.78125
512	0.78125
513	0.78125
514	0.78125
515	0.78125
516	0.78125
517	0.78125
518	0.78125
519	0.78125
520	0.78125
521	0.78125
522	0.78125
523	0.78125
524	0.78125
525	0.78125
526	0.78125
527	0.78125
528	0.78125
529	0.78125
530	0.78125
531	0.78125
532	0.78125
533	0.78125
534	0.78125
535	0.78125
536	0.78125
537	0.78125
538	0.78125
539	0.78125
540	0.78125
541	0.78125
542	0.78125
543	0.78125
544	0.78125
545	0.78125
546	0.78125
547	0.78125
548	0.78125
549	0.78125
550	0.78125
551	0.78125
552	0.78125
553	0.8125
554	0.8125
555	0.8125
556	0.8125
557	0.8125
558	0.8125
559	0.8125
560	0.8125
561	0.8125
562	0.8125
563	0.8125
564	0.8125
565	0.8125
566	0.8125
567	0.8125
568	0.8125
569	0.8125
570	0.8125
571	0.8125
572	0.8125
573	0.8125
574	0.8125
575	0.8125
576	0.8125
577	0.8125
578	0.8125
579	0.8125
580	0.8125
581	0.8125
582	0.8125
583	0.8125
584	0.8125
585	0.8125
586	0.8125
587	0.8125
588	0.8125
589	0.8125
590	0.8125
591	0.8125
592	0.8125
593	0.84375
594	0.84375
595	0.84375
596	0.84375
597	0.84375
598	0.84375
599	0.84375
600	0.84375
601	0.84375
602	0.84375
603	0.84375
604	0.84375
605	0.84375
606	0.84375
607	0.84375
608	0.84375
609	0.84375
610	0.84375
611	0.84375
612	0.84375
613	0.84375
614	0.84375
615	0.84375
616	0.84375
617	0.84375
618	0.84375
619	0.84375
620	0.84375
621	0.84375
622	0.84375
623	0.84375
624	0.84375
625	0.84375
626	0.84375
627	0.84375
628	0.84375
629	0.84375
630	0.84375
631	0.84375
632	0.84375
633	0.84375
634	0.84375
635	0.84375
636	0.84375
637	0.84375
638	0.84375
639	0.84375
640	0.84375
641	0.84375
642	0.84375
643	0.84375
644	0.84375
645	0.84375
646	0.84375
647	0.84375
648	0.84375
649	0.84375
650	0.84375
651	0.84375
652	0.84375
653	0.84375
654	0.84375
655	0.84375
656	0.84375
657	0.84375
658	0.84375
659	0.84375
660	0.84375
661	0.84375
662	0.84375
663	0.84375
664	0.84375
665	0.84375
666	0.84375
667	0.84375
668	0.84375
669	0.84375
670	0.84375
671	0.84375
672	0.84375
673	0.84375
674	0.84375
675	0.84375
676	0.84375
677	0.84375
678	0.84375
679	0.84375
680	0.84375
681	0.84375
682	0.84375
683	0.84375
684	0.84375
685	0.84375
686	0.84375
687	0.84375
688	0.84375
689	0.84375
690	0.84375
691	0.84375
692	0.84375
693	0.84375
694	0.84375
695	0.84375
696	0.84375
697	0.84375
698	0.84375
699	0.84375
700	0.84375
701	0.84375
702	0.84375
703	0.84375
704	0.84375
705	0.84375
706	0.84375
707	0.84375
708	0.84375
709	0.84375
710	0.84375
711	0.84375
712	0.84375
713	0.84375
714	0.84375
715	0.84375
716	0.84375
717	0.84375
718	0.84375
719	0.84375
720	0.84375
721	0.84375
722	0.84375
723	0.84375
724	0.84375
725	0.84375
726	0.84375
727	0.84375
728	0.84375
729	0.84375
730	0.84375
731	0.84375
732	0.84375
733	0.84375
734	0.84375
735	0.84375
736	0.84375
737	0.84375
738	0.84375
739	0.84375
740	0.84375
741	0.84375
742	0.84375
743	0.84375
744	0.84375
745	0.84375
746	0.84375
747	0.84375
748	0.84375
749	0.84375
750	0.84375
751	0.84375
752	0.84375
753	0.84375
754	0.84375
755	0.84375
756	0.84375
757	0.84375
758	0.84375
759	0.84375
760	0.84375
761	0.84375
762	0.84375
763	0.84375
764	0.84375
765	0.84375
766	0.84375
767	0.84375
768	0.84375
769	0.84375
770	0.84375
771	0.84375
772	0.84375
773	0.84375
774	0.84375
775	0.84375
776	0.84375
777	0.84375
778	0.84375
779	0.84375
780	0.84375
781	0.84375
782	0.84375
783	0.84375
784	0.84375
785	0.84375
786	0.84375
787	0.84375
788	0.84375
789	0.84375
790	0.84375
791	0.84375
792	0.84375
793	0.84375
794	0.84375
795	0.84375
796	0.84375
797	0.84375
798	0.84375
799	0.84375
800	0.84375
801	0.84375
802	0.84375
803	0.84375
804	0.84375
805	0.84375
806	0.84375
807	0.84375
808	0.84375
809	0.84375
810	0.84375
811	0.84375
812	0.84375
813	0.84375
814	0.84375
815	0.84375
816	0.84375
817	0.875
818	0.875
819	0.875
820	0.875
821	0.875
822	0.875
823	0.875
824	0.875
825	0.875
826	0.875
827	0.875
828	0.875
829	0.875
830	0.875
831	0.875
832	0.875
833	0.875
834	0.875
835	0.875
836	0.875
837	0.875
838	0.875
839	0.875
840	0.875
841	0.875
842	0.875
843	0.875
844	0.875
845	0.875
846	0.875
847	0.875
848	0.875
849	0.875
850	0.875
851	0.875
852	0.875
853	0.875
854	0.875
855	0.875
856	0.875
857	0.875
858	0.875
859	0.875
860	0.875
861	0.875
862	0.875
863	0.875
864	0.875
865	0.875
866	0.875
867	0.875
868	0.875
869	0.875
870	0.875
871	0.875
872	0.875
873	0.875
874	0.875
875	0.875
876	0.875
877	0.875
878	0.875
879	0.875
880	0.875
881	0.875
882	0.875
883	0.875
884	0.875
885	0.875
886	0.875
887	0.875
888	0.875
889	0.875
890	0.875
891	0.875
892	0.875
893	0.875
894	0.875
895	0.875
896	0.875
897	0.875
898	0.875
899	0.875
900	0.875
901	0.875
902	0.875
903	0.875
904	0.875
905	0.875
906	0.875
907	0.875
908	0.875
909	0.875
910	0.875
911	0.875
912	0.875
913	0.875
914	0.875
915	0.875
916	0.875
917	0.875
918	0.875
919	0.875
920	0.875
921	0.875
922	0.875
923	0.875
924	0.875
925	0.875
926	0.875
927	0.875
928	0.875
929	0.875
930	0.875
931	0.875
932	0.875
933	0.875
934	0.875
935	0.875
936	0.875
937	0.875
938	0.875
939	0.875
940	0.875
941	0.875
942	0.875
943	0.875
944	0.875
945	0.875
946	0.875
947	0.875
948	0.875
949	0.875
950	0.875
951	0.875
952	0.875
953	0.875
954	0.875
955	0.875
956	0.875
957	0.875
958	0.875
959	0.875
960	0.875
961	0.875
962	0.875
963	0.875
964	0.875
965	0.875
966	0.875
967	0.875
968	0.875
969	0.875
970	0.875
971	0.875
972	0.875
973	0.875
974	0.875
975	0.875
976	0.875
977	0.875
978	0.875
979	0.875
980	0.875
981	0.875
982	0.875
983	0.875
984	0.875
985	0.875
986	0.875
987	0.875
988	0.875
989	0.875
990	0.875
991	0.875
992	0.875
993	0.875
994	0.875
995	0.875
996	0.875
997	0.875
998	0.875
999	0.875
1000	0.875
1001	0.875
1002	0.875
1003	0.875
1004	0.875
1005	0.875
1006	0.875
1007	0.875
1008	0.875
1009	0.875
1010	0.875
1011	0.875
1012	0.875
1013	0.875
1014	0.875
1015	0.875
1016	0.875
1017	0.875
1018	0.875
1019	0.875
1020	0.875
1021	0.875
1022	0.875
1023	0.875
1024	0.875
1025	0.875
1026	0.875
1027	0.875
1028	0.875
1029	0.875
1030	0.875
1031	0.875
1032	0.875
1033	0.875
1034	0.875
1035	0.875
1036	0.875
1037	0.875
1038	0.875
1039	0.875
1040	0.875
1041	0.875
1042	0.875
1043	0.875
1044	0.875
1045	0.875
1046	0.875
1047	0.875
1048	0.875
1049	0.875
1050	0.875
1051	0.875
1052	0.875
1053	0.875
1054	0.875
1055	0.875
1056	0.875
1057	0.875
1058	0.875
1059	0.875
1060	0.875
1061	0.875
1062	0.875
1063	0.875
1064	0.875
1065	0.875
1066	0.875
1067	0.875
1068	0.875
1069	0.875
1070	0.875
1071	0.875
1072	0.875
1073	0.875
1074	0.875
1075	0.875
1076	0.875
1077	0.875
1078	0.875
1079	0.875
1080	0.875
1081	0.875
1082	0.875
1083	0.875
1084	0.875
1085	0.875
1086	0.875
1087	0.875
1088	0.875
1089	0.875
1090	0.875
1091	0.875
1092	0.875
1093	0.875
1094	0.875
1095	0.875
1096	0.875
1097	0.875
1098	0.875
1099	0.875
1100	0.875
1101	0.875
1102	0.875
1103	0.875
1104	0.875
1105	0.875
1106	0.875
1107	0.875
1108	0.875
1109	0.875
1110	0.875
1111	0.875
1112	0.875
1113	0.875
1114	0.875
1115	0.875
1116	0.875
1117	0.875
1118	0.875
1119	0.875
1120	0.875
1121	0.875
1122	0.875
1123	0.875
1124	0.875
1125	0.875
1126	0.875
1127	0.875
1128	0.875
1129	0.875
1130	0.875
1131	0.875
1132	0.875
1133	0.875
1134	0.875
1135	0.875
1136	0.875
1137	0.875
1138	0.875
1139	0.875
1140	0.875
1141	0.875
1142	0.875
1143	0.875
1144	0.875
1145	0.875
1146	0.875
1147	0.875
1148	0.875
1149	0.875
1150	0.875
1151	0.875
1152	0.875
1153	0.875
1154	0.875
1155	0.875
1156	0.875
1157	0.875
1158	0.875
1159	0.875
1160	0.875
1161	0.875
1162	0.875
1163	0.875
1164	0.875
1165	0.875
1166	0.875
1167	0.875
1168	0.875
1169	0.875
1170	0.875
1171	0.875
1172	0.875
1173	0.875
1174	0.875
1175	0.875
1176	0.875
1177	0.875
1178	0.875
1179	0.875
1180	0.875
1181	0.875
1182	0.875
1183	0.875
1184	0.875
1185	0.875
1186	0.875
1187	0.875
1188	0.875
1189	0.875
1190	0.875
1191	0.875
1192	0.875
1193	0.875
1194	0.875
1195	0.875
1196	0.875
1197	0.875
1198	0.875
1199	0.875
1200	0.875
1201	0.875
1202	0.875
1203	0.875
1204	0.875
1205	0.875
1206	0.875
1207	0.875
1208	0.875
1209	0.875
1210	0.875
1211	0.875
1212	0.875
1213	0.875
1214	0.875
1215	0.875
1216	0.875
1217	0.875
1218	0.875
1219	0.875
1220	0.875
1221	0.875
1222	0.875
1223	0.875
1224	0.875
1225	0.875
1226	0.875
1227	0.875
1228	0.875
1229	0.875
1230	0.875
1231	0.875
1232	0.875
1233	0.875
1234	0.875
1235	0.875
1236	0.875
1237	0.875
1238	0.875
1239	0.875
1240	0.875
1241	0.875
1242	0.875
1243	0.875
1244	0.875
1245	0.875
1246	0.875
1247	0.875
1248	0.875
1249	0.875
1250	0.875
1251	0.875
1252	0.875
1253	0.875
1254	0.875
1255	0.875
1256	0.875
1257	0.875
1258	0.875
1259	0.875
1260	0.875
1261	0.875
1262	0.875
1263	0.875
1264	0.875
1265	0.875
1266	0.875
1267	0.875
1268	0.875
1269	0.875
1270	0.875
1271	0.875
1272	0.875
1273	0.875
1274	0.875
1275	0.875
1276	0.875
1277	0.875
1278	0.875
1279	0.875
1280	0.875
1281	0.875
1282	0.875
1283	0.875
1284	0.875
1285	0.875
1286	0.875
1287	0.875
1288	0.875
1289	0.875
1290	0.875
1291	0.875
1292	0.875
1293	0.875
1294	0.875
1295	0.875
1296	0.875
1297	0.875
1298	0.875
1299	0.875
1300	0.875
1301	0.875
1302	0.875
1303	0.875
1304	0.875
1305	0.875
1306	0.875
1307	0.875
1308	0.875
1309	0.875
1310	0.875
1311	0.875
1312	0.875
1313	0.875
1314	0.875
1315	0.875
1316	0.875
1317	0.875
1318	0.875
1319	0.875
1320	0.875
1321	0.875
1322	0.875
1323	0.875
1324	0.875
1325	0.875
1326	0.875
1327	0.875
1328	0.875
1329	0.875
1330	0.875
1331	0.875
1332	0.875
1333	0.875
1334	0.875
1335	0.875
1336	0.875
1337	0.875
1338	0.875
1339	0.875
1340	0.875
1341	0.875
1342	0.875
1343	0.875
1344	0.875
1345	0.875
1346	0.875
1347	0.875
1348	0.875
1349	0.875
1350	0.875
1351	0.875
1352	0.875
1353	0.875
1354	0.875
1355	0.875
1356	0.875
1357	0.875
1358	0.875
1359	0.875
1360	0.875
1361	0.875
1362	0.875
1363	0.875
1364	0.875
1365	0.875
1366	0.875
1367	0.875
1368	0.875
1369	0.875
1370	0.875
1371	0.875
1372	0.875
1373	0.875
1374	0.875
1375	0.875
1376	0.875
1377	0.875
1378	0.875
1379	0.875
1380	0.875
1381	0.875
1382	0.875
1383	0.875
1384	0.875
1385	0.875
1386	0.875
1387	0.875
1388	0.875
1389	0.875
1390	0.875
1391	0.875
1392	0.875
1393	0.875
1394	0.875
1395	0.875
1396	0.875
1397	0.875
1398	0.875
1399	0.875
1400	0.875
1401	0.875
1402	0.875
1403	0.875
1404	0.875
1405	0.875
1406	0.875
1407	0.875
1408	0.875
1409	0.875
1410	0.875
1411	0.875
1412	0.875
1413	0.875
1414	0.875
1415	0.875
1416	0.875
1417	0.875
1418	0.875
1419	0.875
1420	0.875
1421	0.875
1422	0.875
1423	0.875
1424	0.875
1425	0.875
1426	0.875
1427	0.875
1428	0.875
1429	0.875
1430	0.875
1431	0.875
1432	0.875
1433	0.875
1434	0.875
1435	0.875
1436	0.875
1437	0.875
1438	0.875
1439	0.875
1440	0.875
1441	0.875
1442	0.875
1443	0.875
1444	0.875
1445	0.875
1446	0.875
1447	0.875
1448	0.875
1449	0.875
1450	0.875
1451	0.875
1452	0.875
1453	0.875
1454	0.875
1455	0.875
1456	0.875
1457	0.875
1458	0.875
1459	0.875
1460	0.875
1461	0.875
1462	0.875
1463	0.875
1464	0.875
1465	0.875
1466	0.875
1467	0.875
1468	0.875
1469	0.875
1470	0.875
1471	0.875
1472	0.875
1473	0.875
1474	0.875
1475	0.875
1476	0.875
1477	0.875
1478	0.875
1479	0.875
1480	0.875
1481	0.875
1482	0.875
1483	0.875
1484	0.875
1485	0.875
1486	0.875
1487	0.875
1488	0.875
1489	0.875
1490	0.875
1491	0.875
1492	0.875
1493	0.875
1494	0.875
1495	0.875
1496	0.875
1497	0.875
1498	0.875
1499	0.875
1500	0.875
1501	0.875
1502	0.875
1503	0.875
1504	0.875
1505	0.875
1506	0.875
1507	0.875
1508	0.875
1509	0.875
1510	0.875
1511	0.875
1512	0.875
1513	0.875
1514	0.875
1515	0.875
1516	0.875
1517	0.875
1518	0.875
1519	0.875
1520	0.875
1521	0.875
1522	0.875
1523	0.875
1524	0.875
1525	0.875
1526	0.875
1527	0.875
1528	0.875
1529	0.875
1530	0.875
1531	0.875
1532	0.875
1533	0.875
1534	0.875
1535	0.875
1536	0.875
1537	0.875
1538	0.875
1539	0.875
1540	0.875
1541	0.875
1542	0.875
1543	0.875
1544	0.875
1545	0.875
1546	0.875
1547	0.875
1548	0.875
1549	0.875
1550	0.875
1551	0.875
1552	0.875
1553	0.875
1554	0.875
1555	0.875
1556	0.875
1557	0.875
1558	0.875
1559	0.875
1560	0.875
1561	0.875
1562	0.875
1563	0.875
1564	0.875
1565	0.875
1566	0.875
1567	0.875
1568	0.875
1569	0.875
1570	0.875
1571	0.875
1572	0.875
1573	0.875
1574	0.875
1575	0.875
1576	0.875
1577	0.875
1578	0.875
1579	0.875
1580	0.875
1581	0.875
1582	0.875
1583	0.875
1584	0.875
1585	0.875
1586	0.875
1587	0.875
1588	0.875
1589	0.875
1590	0.875
1591	0.875
1592	0.875
1593	0.875
1594	0.875
1595	0.875
1596	0.875
1597	0.875
1598	0.875
1599	0.875
1600	0.875
1601	0.875
1602	0.875
1603	0.875
1604	0.875
1605	0.875
1606	0.875
1607	0.875
1608	0.875
1609	0.875
1610	0.875
1611	0.875
1612	0.875
1613	0.875
1614	0.875
1615	0.875
1616	0.875
1617	0.875
1618	0.875
1619	0.875
1620	0.875
1621	0.875
1622	0.875
1623	0.875
1624	0.875
1625	0.875
1626	0.875
1627	0.875
1628	0.875
1629	0.875
1630	0.875
1631	0.875
1632	0.875
1633	0.875
1634	0.875
1635	0.875
1636	0.875
1637	0.875
1638	0.875
1639	0.875
1640	0.875
1641	0.875
1642	0.875
1643	0.875
1644	0.875
1645	0.875
1646	0.875
1647	0.875
1648	0.875
1649	0.875
1650	0.875
1651	0.875
1652	0.875
1653	0.875
1654	0.875
1655	0.875
1656	0.875
1657	0.875
1658	0.875
1659	0.875
1660	0.875
1661	0.875
1662	0.875
1663	0.875
1664	0.875
1665	0.875
1666	0.875
1667	0.875
1668	0.875
1669	0.875
1670	0.875
1671	0.875
1672	0.875
1673	0.875
1674	0.875
1675	0.875
1676	0.875
1677	0.875
1678	0.875
1679	0.875
1680	0.875
1681	0.875
1682	0.875
1683	0.875
1684	0.875
1685	0.875
1686	0.875
1687	0.875
1688	0.875
1689	0.875
1690	0.875
1691	0.875
1692	0.875
1693	0.875
1694	0.875
1695	0.875
1696	0.875
1697	0.875
1698	0.875
1699	0.875
1700	0.875
1701	0.875
1702	0.875
1703	0.875
1704	0.875
1705	0.875
1706	0.875
1707	0.875
1708	0.875
1709	0.875
1710	0.875
1711	0.875
1712	0.875
1713	0.875
1714	0.875
1715	0.875
1716	0.875
1717	0.875
1718	0.875
1719	0.875
1720	0.875
1721	0.875
1722	0.875
1723	0.875
1724	0.875
1725	0.875
1726	0.875
1727	0.875
1728	0.875
1729	0.875
1730	0.875
1731	0.875
1732	0.875
1733	0.875
1734	0.875
1735	0.875
1736	0.875
1737	0.875
1738	0.875
1739	0.875
1740	0.875
1741	0.875
1742	0.875
1743	0.875
1744	0.875
1745	0.875
1746	0.875
1747	0.875
1748	0.875
1749	0.875
1750	0.875
1751	0.875
1752	0.875
1753	0.875
1754	0.875
1755	0.875
1756	0.875
1757	0.875
1758	0.875
1759	0.875
1760	0.875
1761	0.875
1762	0.875
1763	0.875
1764	0.875
1765	0.875
1766	0.875
1767	0.875
1768	0.875
1769	0.875
1770	0.875
1771	0.875
1772	0.875
1773	0.875
1774	0.875
1775	0.875
1776	0.875
1777	0.875
1778	0.875
1779	0.875
1780	0.875
1781	0.875
1782	0.875
1783	0.875
1784	0.875
1785	0.875
1786	0.875
1787	0.875
1788	0.875
1789	0.875
1790	0.875
1791	0.875
1792	0.875
1793	0.875
1794	0.875
1795	0.875
1796	0.875
1797	0.875
1798	0.875
1799	0.875
1800	0.875
1801	0.875
1802	0.875
1803	0.875
1804	0.875
1805	0.875
1806	0.875
1807	0.875
1808	0.875
1809	0.875
1810	0.875
1811	0.875
1812	0.875
1813	0.875
1814	0.875
1815	0.875
1816	0.875
1817	0.875
1818	0.875
1819	0.875
1820	0.875
1821	0.875
1822	0.875
1823	0.875
1824	0.875
1825	0.875
1826	0.875
1827	0.875
1828	0.875
1829	0.875
1830	0.875
1831	0.875
1832	0.875
1833	0.875
1834	0.875
1835	0.875
1836	0.875
1837	0.875
1838	0.875
1839	0.875
1840	0.875
1841	0.875
1842	0.875
1843	0.875
1844	0.875
1845	0.875
1846	0.875
1847	0.875
1848	0.875
1849	0.875
1850	0.875
1851	0.875
1852	0.875
1853	0.875
1854	0.875
1855	0.875
1856	0.875
1857	0.875
1858	0.875
1859	0.875
1860	0.875
1861	0.875
1862	0.875
1863	0.875
1864	0.875
1865	0.875
1866	0.875
1867	0.875
1868	0.875
1869	0.875
1870	0.875
1871	0.875
1872	0.875
1873	0.875
1874	0.875
1875	0.875
1876	0.875
1877	0.875
1878	0.875
1879	0.875
1880	0.875
1881	0.875
1882	0.875
1883	0.875
1884	0.875
1885	0.875
1886	0.875
1887	0.875
1888	0.875
1889	0.875
1890	0.875
1891	0.875
1892	0.875
1893	0.875
1894	0.875
1895	0.875
1896	0.875
1897	0.875
1898	0.875
1899	0.875
1900	0.875
1901	0.875
1902	0.875
1903	0.875
1904	0.875
1905	0.875
1906	0.875
1907	0.875
1908	0.875
1909	0.875
1910	0.875
1911	0.875
1912	0.875
1913	0.875
1914	0.875
1915	0.875
1916	0.875
1917	0.875
1918	0.875
1919	0.875
1920	0.875
1921	0.875
1922	0.875
1923	0.875
1924	0.875
1925	0.875
1926	0.875
1927	0.875
1928	0.875
1929	0.875
1930	0.875
1931	0.875
1932	0.875
1933	0.875
1934	0.875
1935	0.875
1936	0.875
1937	0.875
1938	0.875
1939	0.875
1940	0.875
1941	0.875
1942	0.875
1943	0.875
1944	0.875
1945	0.875
1946	0.875
1947	0.875
1948	0.875
1949	0.875
1950	0.875
1951	0.875
1952	0.875
1953	0.875
1954	0.875
1955	0.875
1956	0.875
1957	0.875
1958	0.875
1959	0.875
1960	0.875
1961	0.875
1962	0.875
1963	0.875
1964	0.875
1965	0.875
1966	0.875
1967	0.875
1968	0.875
1969	0.875
1970	0.875
1971	0.875
1972	0.875
1973	0.875
1974	0.875
1975	0.875
1976	0.875
1977	0.875
1978	0.875
1979	0.875
1980	0.875
1981	0.875
1982	0.875
1983	0.875
1984	0.875
1985	0.875
1986	0.875
1987	0.875
1988	0.875
1989	0.875
1990	0.875
1991	0.875
1992	0.875
1993	0.875
1994	0.875
1995	0.875
1996	0.875
1997	0.875
1998	0.875
1999	0.875
2000	0.875
2001	0.875
2002	0.875
2003	0.875
2004	0.875
2005	0.875
2006	0.875
2007	0.875
2008	0.875
2009	0.875
2010	0.875
2011	0.875
2012	0.875
2013	0.875
2014	0.875
2015	0.875
2016	0.875
2017	0.875
2018	0.875
2019	0.875
2020	0.875
2021	0.875
2022	0.875
2023	0.875
2024	0.875
2025	0.875
2026	0.875
2027	0.875
2028	0.875
2029	0.875
2030	0.875
2031	0.875
2032	0.875
2033	0.875
2034	0.875
2035	0.875
2036	0.875
2037	0.875
2038	0.875
2039	0.875
2040	0.875
2041	0.875
2042	0.875
2043	0.875
2044	0.875
2045	0.875
2046	0.875
2047	0.875
2048	0.875
2049	0.875
2050	0.875
2051	0.875
2052	0.875
2053	0.875
2054	0.875
2055	0.875
2056	0.875
2057	0.875
2058	0.875
2059	0.875
2060	0.875
2061	0.875
2062	0.875
2063	0.875
2064	0.875
2065	0.875
2066	0.875
2067	0.875
2068	0.875
2069	0.875
2070	0.875
2071	0.875
2072	0.875
2073	0.875
2074	0.875
2075	0.875
2076	0.875
2077	0.875
2078	0.875
2079	0.875
2080	0.875
2081	0.875
2082	0.875
2083	0.875
2084	0.875
2085	0.875
2086	0.875
2087	0.875
2088	0.875
2089	0.875
2090	0.875
2091	0.875
2092	0.875
2093	0.875
2094	0.875
2095	0.875
2096	0.875
2097	0.875
2098	0.875
2099	0.875
2100	0.875
2101	0.875
2102	0.875
2103	0.875
2104	0.875
2105	0.875
2106	0.875
2107	0.875
2108	0.875
2109	0.875
2110	0.875
2111	0.875
2112	0.875
2113	0.875
2114	0.875
2115	0.875
2116	0.875
2117	0.875
2118	0.875
2119	0.875
2120	0.875
2121	0.875
2122	0.875
2123	0.875
2124	0.875
2125	0.875
2126	0.875
2127	0.875
2128	0.875
2129	0.875
2130	0.875
2131	0.875
2132	0.875
2133	0.875
2134	0.875
2135	0.875
2136	0.875
2137	0.875
2138	0.875
2139	0.875
2140	0.875
2141	0.875
2142	0.875
2143	0.875
2144	0.875
2145	0.875
2146	0.875
2147	0.875
2148	0.875
2149	0.875
2150	0.875
2151	0.875
2152	0.875
2153	0.875
2154	0.875
2155	0.875
2156	0.875
2157	0.875
2158	0.875
2159	0.875
2160	0.875
2161	0.875
2162	0.875
2163	0.875
2164	0.875
2165	0.875
2166	0.875
2167	0.875
2168	0.875
2169	0.875
2170	0.875
2171	0.875
2172	0.875
2173	0.875
2174	0.875
2175	0.875
2176	0.875
2177	0.875
2178	0.875
2179	0.875
2180	0.875
2181	0.875
2182	0.875
2183	0.875
2184	0.875
2185	0.875
2186	0.875
2187	0.875
2188	0.875
2189	0.875
2190	0.875
2191	0.875
2192	0.875
2193	0.875
2194	0.875
2195	0.875
2196	0.875
2197	0.875
2198	0.875
2199	0.875
2200	0.875
2201	0.875
2202	0.875
2203	0.875
2204	0.875
2205	0.875
2206	0.875
2207	0.875
2208	0.875
2209	0.875
2210	0.875
2211	0.875
2212	0.875
2213	0.875
2214	0.875
2215	0.875
2216	0.875
2217	0.875
2218	0.875
2219	0.875
2220	0.875
2221	0.875
2222	0.875
2223	0.875
2224	0.875
2225	0.875
2226	0.875
2227	0.875
2228	0.875
2229	0.875
2230	0.875
2231	0.875
2232	0.875
2233	0.875
2234	0.875
2235	0.875
2236	0.875
2237	0.875
2238	0.875
2239	0.875
2240	0.875
2241	0.875
2242	0.875
2243	0.875
2244	0.875
2245	0.875
2246	0.875
2247	0.875
2248	0.875
2249	0.875
2250	0.875
2251	0.875
2252	0.875
2253	0.875
2254	0.875
2255	0.875
2256	0.875
2257	0.875
2258	0.875
2259	0.875
2260	0.875
2261	0.875
2262	0.875
2263	0.875
2264	0.875
2265	0.875
2266	0.875
2267	0.875
2268	0.875
2269	0.875
2270	0.875
2271	0.875
2272	0.875
2273	0.875
2274	0.875
2275	0.875
2276	0.875
2277	0.875
2278	0.875
2279	0.875
2280	0.875
2281	0.875
2282	0.875
2283	0.875
2284	0.875
2285	0.875
2286	0.875
2287	0.875
2288	0.875
2289	0.875
2290	0.875
2291	0.875
2292	0.875
2293	0.875
2294	0.875
2295	0.875
2296	0.875
2297	0.875
2298	0.875
2299	0.875
2300	0.875
2301	0.875
2302	0.875
2303	0.875
2304	0.875
2305	0.875
2306	0.875
2307	0.875
2308	0.875
2309	0.875
2310	0.875
2311	0.875
2312	0.875
2313	0.875
2314	0.875
2315	0.875
2316	0.875
2317	0.875
2318	0.875
2319	0.875
2320	0.875
2321	0.875
2322	0.875
2323	0.875
2324	0.875
2325	0.875
2326	0.875
2327	0.875
2328	0.875
2329	0.875
2330	0.875
2331	0.875
2332	0.875
2333	0.875
2334	0.875
2335	0.875
2336	0.875
2337	0.875
2338	0.875
2339	0.875
2340	0.875
2341	0.875
2342	0.875
2343	0.875
2344	0.875
2345	0.875
2346	0.875
2347	0.875
2348	0.875
2349	0.875
2350	0.875
2351	0.875
2352	0.875
2353	0.875
2354	0.875
2355	0.875
2356	0.875
2357	0.875
2358	0.875
2359	0.875
2360	0.875
2361	0.875
2362	0.875
2363	0.875
2364	0.875
2365	0.875
2366	0.875
2367	0.875
2368	0.875
2369	0.875
2370	0.875
2371	0.875
2372	0.875
2373	0.875
2374	0.875
2375	0.875
2376	0.875
2377	0.875
2378	0.875
2379	0.875
2380	0.875
2381	0.875
2382	0.875
2383	0.875
2384	0.875
2385	0.875
2386	0.875
2387	0.875
2388	0.875
2389	0.875
2390	0.875
2391	0.875
2392	0.875
2393	0.875
2394	0.875
2395	0.875
2396	0.875
2397	0.875
2398	0.875
2399	0.875
2400	0.875
2401	0.875
2402	0.875
2403	0.875
2404	0.875
2405	0.875
2406	0.875
2407	0.875
2408	0.875
2409	0.875
2410	0.875
2411	0.875
2412	0.875
2413	0.875
2414	0.875
2415	0.875
2416	0.875
2417	0.875
2418	0.875
2419	0.875
2420	0.875
2421	0.875
2422	0.875
2423	0.875
2424	0.875
2425	0.875
2426	0.875
2427	0.875
2428	0.875
2429	0.875
2430	0.875
2431	0.875
2432	0.875
2433	0.875
2434	0.875
2435	0.875
2436	0.875
2437	0.875
2438	0.875
2439	0.875
2440	0.875
2441	0.875
2442	0.875
2443	0.875
2444	0.875
2445	0.875
2446	0.875
2447	0.875
2448	0.875
2449	0.875
2450	0.875
2451	0.875
2452	0.875
2453	0.875
2454	0.875
2455	0.875
2456	0.875
2457	0.875
2458	0.875
2459	0.875
2460	0.875
2461	0.875
2462	0.875
2463	0.875
2464	0.875
2465	0.875
2466	0.875
2467	0.875
2468	0.875
2469	0.875
2470	0.875
2471	0.875
2472	0.875
2473	0.875
2474	0.875
2475	0.875
2476	0.875
2477	0.875
2478	0.875
2479	0.875
2480	0.875
2481	0.875
2482	0.875
2483	0.875
2484	0.875
2485	0.875
2486	0.875
2487	0.875
2488	0.875
2489	0.875
2490	0.875
2491	0.875
2492	0.875
2493	0.875
2494	0.875
2495	0.875
2496	0.875
2497	0.875
2498	0.875
2499	0.875
2500	0.875
2501	0.875
2502	0.875
2503	0.875
2504	0.875
2505	0.875
2506	0.875
2507	0.875
2508	0.875
2509	0.875
2510	0.875
2511	0.875
2512	0.875
2513	0.875
2514	0.875
2515	0.875
2516	0.875
2517	0.875
2518	0.875
2519	0.875
2520	0.875
2521	0.875
2522	0.875
2523	0.875
2524	0.875
2525	0.875
2526	0.875
2527	0.875
2528	0.875
2529	0.875
2530	0.875
2531	0.875
2532	0.875
2533	0.875
2534	0.875
2535	0.875
2536	0.875
2537	0.875
2538	0.875
2539	0.875
2540	0.875
2541	0.875
2542	0.875
2543	0.875
2544	0.875
2545	0.875
2546	0.875
2547	0.875
2548	0.875
2549	0.875
2550	0.875
2551	0.875
2552	0.875
2553	0.875
2554	0.875
2555	0.875
2556	0.875
2557	0.875
2558	0.875
2559	0.875
2560	0.875
2561	0.875
2562	0.875
2563	0.875
2564	0.875
2565	0.875
2566	0.875
2567	0.875
2568	0.875
2569	0.875
2570	0.875
2571	0.875
2572	0.875
2573	0.875
2574	0.875
2575	0.875
2576	0.875
2577	0.875
2578	0.875
2579	0.875
2580	0.875
2581	0.875
2582	0.875
2583	0.875
2584	0.875
2585	0.875
2586	0.875
2587	0.875
2588	0.875
2589	0.875
2590	0.875
2591	0.875
2592	0.875
2593	0.875
2594	0.875
2595	0.875
2596	0.875
2597	0.875
2598	0.875
2599	0.875
2600	0.875
2601	0.875
2602	0.875
2603	0.875
2604	0.875
2605	0.875
2606	0.875
2607	0.875
2608	0.875
2609	0.875
2610	0.875
2611	0.875
2612	0.875
2613	0.875
2614	0.875
2615	0.875
2616	0.875
2617	0.875
2618	0.875
2619	0.875
2620	0.875
2621	0.875
2622	0.875
2623	0.875
2624	0.875
2625	0.875
2626	0.875
2627	0.875
2628	0.875
2629	0.875
2630	0.875
2631	0.875
2632	0.875
2633	0.875
2634	0.875
2635	0.875
2636	0.875
2637	0.875
2638	0.875
2639	0.875
2640	0.875
2641	0.875
2642	0.875
2643	0.875
2644	0.875
2645	0.875
2646	0.875
2647	0.875
2648	0.875
2649	0.875
2650	0.875
2651	0.875
2652	0.875
2653	0.875
2654	0.875
2655	0.875
2656	0.875
2657	0.875
2658	0.875
2659	0.875
2660	0.875
2661	0.875
2662	0.875
2663	0.875
2664	0.875
2665	0.875
2666	0.875
2667	0.875
2668	0.875
2669	0.875
2670	0.875
2671	0.875
2672	0.875
2673	0.875
2674	0.875
2675	0.875
2676	0.875
2677	0.875
2678	0.875
2679	0.875
2680	0.875
2681	0.875
2682	0.875
2683	0.875
2684	0.875
2685	0.875
2686	0.875
2687	0.875
2688	0.875
2689	0.875
2690	0.875
2691	0.875
2692	0.875
2693	0.875
2694	0.875
2695	0.875
2696	0.875
2697	0.875
2698	0.875
2699	0.875
2700	0.875
2701	0.875
2702	0.875
2703	0.875
2704	0.875
2705	0.875
2706	0.875
2707	0.875
2708	0.875
2709	0.875
2710	0.875
2711	0.875
2712	0.875
2713	0.875
2714	0.875
2715	0.875
2716	0.875
2717	0.875
2718	0.875
2719	0.875
2720	0.875
2721	0.875
2722	0.875
2723	0.875
2724	0.875
2725	0.875
2726	0.875
2727	0.875
2728	0.875
2729	0.875
2730	0.875
2731	0.875
2732	0.875
2733	0.875
2734	0.875
2735	0.875
2736	0.875
2737	0.875
2738	0.875
2739	0.875
2740	0.875
2741	0.875
2742	0.875
2743	0.875
2744	0.875
2745	0.875
2746	0.875
2747	0.875
2748	0.875
2749	0.875
2750	0.875
2751	0.875
2752	0.875
2753	0.875
2754	0.875
2755	0.875
2756	0.875
2757	0.875
2758	0.875
2759	0.875
2760	0.875
2761	0.875
2762	0.875
2763	0.875
2764	0.875
2765	0.875
2766	0.875
2767	0.875
2768	0.875
2769	0.875
2770	0.875
2771	0.875
2772	0.875
2773	0.875
2774	0.875
2775	0.875
2776	0.875
2777	0.875
2778	0.875
2779	0.875
2780	0.875
2781	0.875
2782	0.875
2783	0.875
2784	0.875
2785	0.890625
2786	0.890625
2787	0.890625
2788	0.890625
2789	0.890625
2790	0.890625
2791	0.90625
2792	0.90625
2793	0.90625
2794	0.90625
2795	0.90625
2796	0.90625
2797	0.90625
2798	0.90625
2799	0.90625
2800	0.90625
2801	0.90625
2802	0.90625
2803	0.90625
2804	0.90625
2805	0.90625
2806	0.90625
2807	0.90625
2808	0.90625
2809	0.90625
2810	0.90625
2811	0.90625
2812	0.90625
2813	0.90625
2814	0.90625
2815	0.90625
2816	0.90625
2817	0.90625
2818	0.90625
2819	0.90625
2820	0.90625
2821	0.90625
2822	0.90625
2823	0.90625
2824	0.90625
2825	0.90625
2826	0.90625
2827	0.90625
2828	0.90625
2829	0.90625
2830	0.90625
2831	0.90625
2832	0.90625
2833	0.90625
2834	0.90625
2835	0.9375
2836	0.9375
2837	0.9375
2838	0.9375
2839	0.9375
2840	0.9375
2841	0.9375
2842	0.9375
2843	0.9375
2844	0.9375
2845	0.9375
2846	0.9375
2847	0.9375
2848	0.9375
2849	0.9375
2850	0.9375
2851	0.9375
2852	0.9375
2853	0.9375
2854	0.9375
2855	0.9375
2856	0.9375
2857	0.9375
2858	0.9375
2859	0.9375
2860	0.9375
2861	0.9375
2862	0.9375
2863	0.9375
2864	0.9375
2865	0.9375
2866	0.9375
2867	0.9375
2868	0.9375
2869	0.9375
2870	0.9375
2871	0.9375
2872	0.9375
2873	0.9375
2874	0.9375
2875	0.9375
2876	0.9375
2877	0.9375
2878	0.9375
2879	0.9375
2880	0.9375
2881	0.9375
2882	0.9375
2883	0.9375
2884	0.9375
2885	0.9375
2886	0.9375
2887	0.9375
2888	0.9375
2889	0.9375
2890	0.9375
2891	0.9375
2892	0.9375
2893	0.9375
2894	0.9375
2895	0.9375
2896	0.9375
2897	0.9375
2898	0.9375
2899	0.9375
2900	0.9375
2901	0.9375
2902	0.9375
2903	0.9375
2904	0.9375
2905	0.9375
2906	0.9375
2907	0.9375
2908	0.9375
2909	0.9375
2910	0.9375
2911	0.9375
2912	0.9375
2913	0.9375
2914	0.9375
2915	0.9375
2916	0.9375
2917	0.9375
2918	0.9375
2919	0.9375
2920	0.9375
2921	0.9375
2922	0.9375
2923	0.9375
2924	0.9375
2925	0.9375
2926	0.9375
2927	0.9375
2928	0.9375
2929	0.9375
2930	0.9375
2931	0.9375
2932	0.9375
2933	0.9375
2934	0.9375
2935	0.9375
2936	0.9375
2937	0.9375
2938	0.9375
2939	0.9375
2940	0.9375
2941	0.9375
2942	0.9375
2943	0.9375
2944	0.9375
2945	0.9375
2946	0.9375
2947	0.9375
2948	0.9375
2949	0.9375
2950	0.9375
2951	0.9375
2952	0.9375
2953	0.9375
2954	0.9375
2955	0.9375
2956	0.9375
2957	0.9375
2958	0.9375
2959	0.9375
2960	0.9375
2961	0.9375
2962	0.9375
2963	0.9375
2964	0.9375
2965	0.9375
2966	0.9375
2967	0.9375
2968	0.9375
2969	0.9375
2970	0.9375
2971	0.9375
2972	0.9375
2973	0.9375
2974	0.9375
2975	0.9375
2976	0.9375
2977	0.9375
2978	0.9375
2979	0.9375
2980	0.9375
2981	0.9375
2982	0.9375
2983	0.9375
2984	0.9375
2985	0.9375
2986	0.9375
2987	0.9375
2988	0.9375
2989	0.9375
2990	0.9375
2991	0.9375
2992	0.9375
2993	0.9375
2994	0.9375
2995	0.9375
2996	0.9375
2997	0.9375
2998	0.9375
2999	0.9375
3000	0.9375
3001	0.9375
3002	0.9375
3003	0.9375
3004	0.9375
3005	0.9375
3006	0.9375
3007	0.9375
3008	0.9375
3009	0.9375
3010	0.9375
3011	0.9375
3012	0.9375
3013	0.9375
3014	0.9375
3015	0.9375
3016	0.9375
3017	0.9375
3018	0.9375
3019	0.9375
3020	0.9375
3021	0.9375
3022	0.9375
3023	0.9375
3024	0.9375
3025	0.9375
3026	0.9375
3027	0.9375
3028	0.9375
3029	0.9375
3030	0.9375
3031	0.9375
3032	0.9375
3033	0.9375
3034	0.9375
3035	0.9375
3036	0.9375
3037	0.9375
3038	0.9375
3039	0.9375
3040	0.9375
3041	0.9375
3042	0.9375
3043	0.9375
3044	0.9375
3045	0.9375
3046	0.9375
3047	0.9375
3048	0.9375
3049	0.9375
3050	0.9375
3051	0.9375
3052	0.9375
3053	0.9375
3054	0.9375
3055	0.9375
3056	0.9375
3057	0.9375
3058	0.9375
3059	0.9375
3060	0.9375
3061	0.9375
3062	0.9375
3063	0.9375
3064	0.9375
3065	0.9375
3066	0.9375
3067	0.9375
3068	0.9375
3069	0.9375
3070	0.9375
3071	0.9375
3072	0.9375
3073	0.9375
3074	0.9375
3075	0.9375
3076	0.9375
3077	0.9375
3078	0.9375
3079	0.9375
3080	0.9375
3081	0.9375
3082	0.9375
3083	0.9375
3084	0.9375
3085	0.9375
3086	0.9375
3087	0.9375
3088	0.9375
3089	0.9375
3090	0.9375
3091	0.9375
3092	0.9375
3093	0.9375
3094	0.9375
3095	0.9375
3096	0.9375
3097	0.9375
3098	0.9375
3099	0.9375
3100	0.9375
3101	0.9375
3102	0.9375
3103	0.9375
3104	0.9375
3105	0.9375
3106	0.9375
3107	0.9375
3108	0.9375
3109	0.9375
3110	0.9375
3111	0.9375
3112	0.9375
3113	0.9375
3114	0.9375
3115	0.9375
3116	0.9375
3117	0.9375
3118	0.9375
3119	0.9375
3120	0.9375
3121	0.9375
3122	0.9375
3123	0.9375
3124	0.9375
3125	0.9375
3126	0.9375
3127	0.9375
3128	0.9375
3129	0.9375
3130	0.9375
3131	0.9375
3132	0.9375
3133	0.9375
3134	0.9375
3135	0.9375
3136	0.9375
3137	0.9375
3138	0.9375
3139	0.9375
3140	0.9375
3141	0.9375
3142	0.9375
3143	0.9375
3144	0.9375
3145	0.9375
3146	0.9375
3147	0.9375
3148	0.9375
3149	0.9375
3150	0.9375
3151	0.9375
3152	0.9375
3153	0.9375
3154	0.9375
3155	0.9375
3156	0.9375
3157	0.9375
3158	0.9375
3159	0.9375
3160	0.9375
3161	0.9375
3162	0.9375
3163	0.9375
3164	0.9375
3165	0.9375
3166	0.9375
3167	0.9375
3168	0.9375
3169	0.9375
3170	0.9375
3171	0.9375
3172	0.9375
3173	0.9375
3174	0.9375
3175	0.9375
3176	0.9375
3177	0.9375
3178	0.9375
3179	0.9375
3180	0.9375
3181	0.9375
3182	0.9375
3183	0.9375
3184	0.9375
3185	0.9375
3186	0.9375
3187	0.9375
3188	0.9375
3189	0.9375
3190	0.9375
3191	0.9375
3192	0.9375
3193	0.9375
3194	0.9375
3195	0.9375
3196	0.9375
3197	0.9375
3198	0.9375
3199	0.9375
3200	0.9375
3201	0.9375
3202	0.9375
3203	0.9375
3204	0.9375
3205	0.9375
3206	0.9375
3207	0.9375
3208	0.9375
3209	0.9375
3210	0.9375
3211	0.9375
3212	0.9375
3213	0.9375
3214	0.9375
3215	0.9375
3216	0.9375
3217	0.9375
3218	0.9375
3219	0.9375
3220	0.9375
3221	0.9375
3222	0.9375
3223	0.9375
3224	0.9375
3225	0.9375
3226	0.9375
3227	0.9375
3228	0.9375
3229	0.9375
3230	0.9375
3231	0.9375
3232	0.9375
3233	0.9375
3234	0.9375
3235	0.9375
3236	0.9375
3237	0.9375
3238	0.9375
3239	0.9375
3240	0.9375
3241	0.9375
3242	0.9375
3243	0.9375
3244	0.9375
3245	0.9375
3246	0.9375
3247	0.9375
3248	0.9375
3249	0.9375
3250	0.9375
3251	0.9375
3252	0.9375
3253	0.9375
3254	0.9375
3255	0.9375
3256	0.9375
3257	0.9375
3258	0.9375
3259	0.9375
3260	0.9375
3261	0.9375
3262	0.9375
3263	0.9375
3264	0.9375
3265	0.9375
3266	0.9375
3267	0.9375
3268	0.9375
3269	0.9375
3270	0.9375
3271	0.9375
3272	0.9375
3273	0.9375
3274	0.9375
3275	0.9375
3276	0.9375
3277	0.9375
3278	0.9375
3279	0.9375
3280	0.9375
3281	0.9375
3282	0.9375
3283	0.9375
3284	0.9375
3285	0.9375
3286	0.9375
3287	0.9375
3288	0.9375
3289	0.9375
3290	0.9375
3291	0.9375
3292	0.9375
3293	0.9375
3294	0.9375
3295	0.9375
3296	0.9375
3297	0.9375
3298	0.9375
3299	0.9375
3300	0.9375
3301	0.9375
3302	0.9375
3303	0.9375
3304	0.9375
3305	0.9375
3306	0.9375
3307	0.9375
3308	0.9375
3309	0.9375
3310	0.9375
3311	0.9375
3312	0.9375
3313	0.9375
3314	0.9375
3315	0.9375
3316	0.9375
3317	0.9375
3318	0.9375
3319	0.9375
3320	0.9375
3321	0.9375
3322	0.9375
3323	0.9375
3324	0.9375
3325	0.9375
3326	0.9375
3327	0.9375
3328	0.9375
3329	0.9375
3330	0.9375
3331	0.9375
3332	0.9375
3333	0.9375
3334	0.9375
3335	0.9375
3336	0.9375
3337	0.9375
3338	0.9375
3339	0.9375
3340	0.9375
3341	0.9375
3342	0.9375
3343	0.9375
3344	0.9375
3345	0.9375
3346	0.9375
3347	0.9375
3348	0.9375
3349	0.9375
3350	0.9375
3351	0.9375
3352	0.9375
3353	0.9375
3354	0.9375
3355	0.9375
3356	0.9375
3357	0.9375
3358	0.9375
3359	0.9375
3360	0.9375
3361	0.9375
3362	0.9375
3363	0.9375
3364	0.9375
3365	0.9375
3366	0.9375
3367	0.9375
3368	0.9375
3369	0.9375
3370	0.9375
3371	0.9375
3372	0.9375
3373	0.9375
3374	0.9375
3375	0.9375
3376	0.9375
3377	0.9375
3378	0.9375
3379	0.9375
3380	0.9375
3381	0.9375
3382	0.9375
3383	0.9375
3384	0.9375
3385	0.9375
3386	0.9375
3387	0.9375
3388	0.9375
3389	0.9375
3390	0.9375
3391	0.9375
3392	0.9375
3393	0.9375
3394	0.9375
3395	0.9375
3396	0.9375
3397	0.9375
3398	0.9375
3399	0.9375
3400	0.9375
3401	0.9375
3402	0.9375
3403	0.9375
3404	0.9375
3405	0.9375
3406	0.9375
3407	0.9375
3408	0.9375
3409	0.9375
3410	0.9375
3411	0.9375
3412	0.9375
3413	0.9375
3414	0.9375
3415	0.9375
3416	0.9375
3417	0.9375
3418	0.9375
3419	0.9375
3420	0.9375
3421	0.9375
3422	0.9375
3423	0.9375
3424	0.9375
3425	0.9375
3426	0.9375
3427	0.9375
3428	0.9375
3429	0.9375
3430	0.9375
3431	0.9375
3432	0.9375
3433	0.9375
3434	0.9375
3435	0.9375
3436	0.9375
3437	0.9375
3438	0.9375
3439	0.9375
3440	0.9375
3441	0.9375
3442	0.9375
3443	0.9375
3444	0.9375
3445	0.9375
3446	0.9375
3447	0.9375
3448	0.9375
3449	0.9375
3450	0.9375
3451	0.9375
3452	0.9375
3453	0.9375
3454	0.9375
3455	0.9375
3456	0.9375
3457	0.9375
3458	0.9375
3459	0.9375
3460	0.9375
3461	0.9375
3462	0.9375
3463	0.96875
3464	0.96875
3465	0.96875
3466	0.96875
3467	0.96875
3468	0.96875
3469	0.96875
3470	0.96875
3471	0.96875
3472	0.96875
3473	0.96875
3474	0.96875
3475	0.96875
3476	0.96875
3477	0.96875
3478	0.96875
3479	0.96875
3480	0.96875
3481	0.96875
3482	0.96875
3483	0.96875
3484	0.96875
3485	0.96875
3486	0.96875
3487	0.96875
3488	0.96875
3489	0.96875
3490	0.96875
3491	0.96875
3492	0.96875
3493	0.96875
3494	0.96875
3495	0.96875
3496	0.96875
3497	0.96875
3498	0.96875
3499	0.96875
3500	0.96875
3501	0.96875
3502	0.96875
3503	0.96875
3504	0.96875
3505	0.96875
3506	0.96875
3507	0.96875
3508	0.96875
3509	0.96875
3510	0.96875
3511	0.96875
3512	0.96875
3513	0.96875
3514	0.96875
3515	0.96875
3516	0.96875
3517	0.96875
3518	0.96875
3519	0.96875
3520	0.96875
3521	0.96875
3522	0.96875
3523	0.96875
3524	0.96875
3525	0.96875
3526	0.96875
3527	0.96875
3528	0.96875
3529	0.96875
3530	0.96875
3531	0.96875
3532	0.96875
3533	0.96875
3534	0.96875
3535	0.96875
3536	0.96875
3537	0.96875
3538	0.96875
3539	0.96875
3540	0.96875
3541	0.96875
3542	0.96875
3543	0.96875
3544	0.96875
3545	0.96875
3546	0.96875
3547	0.96875
3548	0.96875
3549	0.96875
3550	0.96875
3551	0.96875
3552	0.96875
3553	0.96875
3554	0.96875
3555	0.96875
3556	0.96875
3557	0.96875
3558	0.96875
3559	0.96875
3560	0.96875
3561	0.96875
3562	0.96875
3563	0.96875
3564	0.96875
3565	0.96875
3566	0.96875
3567	0.96875
3568	0.96875
3569	0.96875
3570	0.96875
3571	0.96875
3572	0.96875
3573	0.96875
3574	0.96875
3575	0.96875
3576	0.96875
3577	0.96875
3578	0.96875
3579	0.96875
3580	0.96875
3581	0.96875
3582	0.96875
3583	0.96875
3584	0.96875
3585	0.96875
3586	0.96875
3587	0.96875
3588	0.96875
3589	0.96875
3590	0.96875
3591	0.96875
3592	0.96875
3593	0.96875
3594	0.96875
3595	0.96875
3596	0.96875
3597	0.96875
3598	0.96875
3599	0.96875
3600	0.96875
3601	0.96875
3602	0.96875
3603	0.96875
3604	0.96875
3605	0.96875
3606	0.96875
3607	0.96875
3608	0.96875
3609	0.96875
3610	0.96875
3611	0.96875
3612	0.96875
3613	0.96875
3614	0.96875
3615	0.96875
3616	0.96875
3617	0.96875
3618	0.96875
3619	0.96875
3620	0.96875
3621	0.96875
3622	0.96875
3623	0.96875
3624	0.96875
3625	0.96875
3626	0.96875
3627	0.96875
3628	0.96875
3629	0.96875
3630	0.96875
3631	0.96875
3632	0.96875
3633	0.96875
3634	0.96875
3635	0.96875
3636	0.96875
3637	0.96875
3638	0.96875
3639	0.96875
3640	0.96875
3641	0.96875
3642	0.96875
3643	0.96875
3644	0.96875
3645	0.96875
3646	0.96875
3647	0.96875
3648	0.96875
3649	0.96875
3650	0.96875
3651	0.96875
3652	0.96875
3653	0.96875
3654	0.96875
3655	0.96875
3656	0.96875
3657	0.96875
3658	0.96875
3659	0.96875
3660	0.96875
3661	0.96875
3662	0.96875
3663	0.96875
3664	0.96875
3665	0.96875
3666	0.96875
3667	0.96875
3668	0.96875
3669	0.96875
3670	0.96875
3671	0.96875
3672	0.96875
3673	0.96875
3674	0.96875
3675	0.96875
3676	0.96875
3677	0.96875
3678	0.96875
3679	0.96875
3680	0.96875
3681	0.96875
3682	0.96875
3683	0.96875
3684	0.96875
3685	0.96875
3686	0.96875
3687	0.96875
3688	0.96875
3689	0.96875
3690	0.96875
3691	0.96875
3692	0.96875
3693	0.96875
3694	0.96875
3695	0.96875
3696	0.96875
3697	0.96875
3698	0.96875
3699	0.96875
3700	0.96875
3701	0.96875
3702	0.96875
3703	0.96875
3704	0.96875
3705	0.96875
3706	0.96875
3707	0.96875
3708	0.96875
3709	0.96875
3710	0.96875
3711	0.96875
3712	0.96875
3713	0.96875
3714	0.96875
3715	0.96875
3716	0.96875
3717	0.96875
3718	0.96875
3719	0.96875
3720	0.96875
3721	0.96875
3722	0.96875
3723	0.96875
3724	0.96875
3725	0.96875
3726	0.96875
3727	0.96875
3728	0.96875
3729	0.96875
3730	0.96875
3731	0.96875
3732	0.96875
3733	0.96875
3734	0.96875
3735	0.96875
3736	0.96875
3737	0.96875
3738	0.96875
3739	0.96875
3740	0.96875
3741	0.96875
3742	0.96875
3743	0.96875
3744	0.96875
3745	0.96875
3746	0.96875
3747	0.96875
3748	0.96875
3749	0.96875
3750	0.96875
3751	0.96875
3752	0.96875
3753	0.96875
3754	0.96875
3755	0.96875
3756	0.96875
3757	0.96875
3758	0.96875
3759	0.96875
3760	0.96875
3761	0.96875
3762	0.96875
3763	0.96875
3764	0.96875
3765	0.96875
3766	0.96875
3767	0.96875
3768	0.96875
3769	0.96875
3770	0.96875
3771	0.96875
3772	0.96875
3773	0.96875
3774	0.96875
3775	0.96875
3776	0.96875
3777	0.96875
3778	0.96875
3779	0.96875
3780	0.96875
3781	0.96875
3782	0.96875
3783	0.96875
3784	0.96875
3785	0.96875
3786	0.96875
3787	0.96875
3788	0.96875
3789	0.96875
3790	0.96875
3791	0.96875
3792	0.96875
3793	0.96875
3794	0.96875
3795	0.96875
3796	0.96875
3797	0.96875
3798	0.96875
3799	0.96875
3800	0.96875
3801	0.96875
3802	0.96875
3803	0.96875
3804	0.96875
3805	0.96875
3806	0.96875
3807	0.96875
3808	0.96875
3809	0.96875
3810	0.96875
3811	0.96875
3812	0.96875
3813	0.96875
3814	0.96875
3815	0.96875
3816	0.96875
3817	0.96875
3818	0.96875
3819	0.96875
3820	0.96875
3821	0.96875
3822	0.96875
3823	0.96875
3824	0.96875
3825	0.96875
3826	0.96875
3827	0.96875
3828	0.96875
3829	0.96875
3830	0.96875
3831	0.96875
3832	0.96875
3833	0.96875
3834	0.96875
3835	0.96875
3836	0.96875
3837	0.96875
3838	0.96875
3839	0.96875
3840	0.96875
3841	0.96875
3842	0.96875
3843	0.96875
3844	0.96875
3845	0.96875
3846	0.96875
3847	0.96875
3848	0.96875
3849	0.96875
3850	0.96875
3851	0.96875
3852	0.96875
3853	0.96875
3854	0.96875
3855	0.96875
3856	0.96875
3857	0.96875
3858	0.96875
3859	0.96875
3860	0.96875
3861	0.96875
3862	0.96875
3863	0.96875
3864	0.96875
3865	0.96875
3866	0.96875
3867	0.96875
3868	0.96875
3869	0.96875
3870	0.96875
3871	0.96875
3872	0.96875
3873	0.96875
3874	0.96875
3875	0.96875
3876	0.96875
3877	0.96875
3878	0.96875
3879	0.96875
3880	0.96875
3881	0.96875
3882	0.96875
3883	0.96875
3884	0.96875
3885	0.96875
3886	0.96875
3887	0.96875
3888	0.96875
3889	0.96875
3890	0.96875
3891	0.96875
3892	0.96875
3893	0.96875
3894	0.96875
3895	0.96875
3896	0.96875
3897	0.96875
3898	0.96875
3899	0.96875
3900	0.96875
3901	0.96875
3902	0.96875
3903	0.96875
3904	0.96875
3905	0.96875
3906	0.96875
3907	0.96875
3908	0.96875
3909	0.96875
3910	0.96875
3911	0.96875
3912	0.96875
3913	0.96875
3914	0.96875
3915	0.96875
3916	0.96875
3917	0.96875
3918	0.96875
3919	0.96875
3920	0.96875
3921	0.96875
3922	0.96875
3923	0.96875
3924	0.96875
3925	0.96875
3926	0.96875
3927	0.96875
3928	0.96875
3929	0.96875
3930	0.96875
3931	0.96875
3932	0.96875
3933	0.96875
3934	0.96875
3935	0.96875
3936	0.96875
3937	0.96875
3938	0.96875
3939	0.96875
3940	0.96875
3941	0.96875
3942	0.96875
3943	0.96875
3944	0.96875
3945	0.96875
3946	0.96875
3947	0.96875
3948	0.96875
3949	0.96875
3950	0.96875
3951	0.96875
3952	0.96875
3953	0.96875
3954	0.96875
3955	0.96875
3956	0.96875
3957	0.96875
3958	0.96875
3959	0.96875
3960	0.96875
3961	0.96875
3962	0.96875
3963	0.96875
3964	0.96875
3965	0.96875
3966	0.96875
3967	0.96875
3968	0.96875
3969	0.96875
3970	1
## No. organisms: 20
## Seeds        : 1502490864, 87413
## Runtime      : 0h 2m 6s.
## Started at   : Sun Aug 30 15:54:24 2020
## Ended at     : Sun Aug 30 15:56:30 2020
