13205
0.999107
1	1	3	1	1	10110100101111	00001101101100	01001000011101	0	1
1	2	2	1	2	01101011101011	10111000011010	00101101111100	0	0
1	3	3	1	3	10000011001110	10011001101011	11111110100011	0	0
1	4	2	1	4	10110110111010	00011100101100	11101100100111	0	0
1	5	2	2	1	00110011010000	01100000101111	11011110010011	0	1
1	6	1	2	2	11111101110111	00000000000000	00101010111110	0	0
1	7	3	2	3	10101011011000	01111111111100	01111101010100	0	0
1	8	1	2	4	00111010001001	10000000000000	01000101001100	0	0
1	9	2	3	1	01000000000001	11101100110100	11101001011011	0	1
1	10	2	3	2	01011001101001	00111000110110	11111101000111	0	0
1	11	2	3	3	11100010001110	01001101011100	01100110101000	0	0
1	12	2	3	4	11011001001001	11001001111111	10010010010011	0	0
1	13	2	4	1	11100011110010	00101110100110	10100000111001	0	1
1	14	1	4	2	01101000010000	01000000000000	10101101001111	0	0
1	15	1	4	3	11010000101001	11000000000000	11101111111111	0	0
1	16	3	4	4	11000111110111	10011010001100	10101111010110	0	0
1	17	2	5	1	11011011110001	10001000001100	10101101101011	0	0
1	18	2	5	2	00100110100001	10101111100110	11100010101100	0	0
1	19	2	5	3	10101111100101	01011101110011	11110111100001	0	0
1	20	2	5	4	11000110101001	01111011100111	11110111101100	0	0
2	1	2	1	1	00001010100000	00100101000110	00001011110100	0	0
2	2	1	1	2	00001111011000	00000000000000	01001001111000	0	0
2	3	3	1	3	10011101000110	11111100111001	00111101001010	0	0
2	4	3	1	4	10111101010110	10001010111110	00010010011001	0	0
2	5	2	2	1	10100101011100	11001011101011	11101000000011	0	0
2	6	3	2	2	11000011010001	11011101110001	00001101011011	0	0
2	7	2	2	3	10001111001010	11010001001010	11010010100111	0	0
2	8	1	2	4	10111100110000	10000000000000	00001101010000	0	1
2	9	2	3	1	11010011000101	01001001101001	10101101110001	0	0
2	10	2	3	2	01101111000000	10101010100000	01101101101100	0	1
2	11	1	3	3	01100011010011	01000000000000	10001000001000	0	1
2	12	2	3	4	00001101010110	11110000110000	00011100000100	0	0
2	13	1	4	1	01011011110010	11000000000000	10000001011110	0	0
2	14	3	4	2	10010100001101	11011111110001	01010110011001	0	0
2	15	2	4	3	10101101001001	11111000100100	00100111111011	0	0
2	16	2	4	4	11110001101110	00111011100111	00000100100011	0	1
2	17	2	5	1	10111101000101	00101101111001	01001011001011	0	0
2	18	2	5	2	00000010010101	00111100000100	11101010011111	0	0
2	19	2	5	3	11000100010001	01001100101101	11010101010101	0	0
2	20	2	5	4	00000011111111	10000010001001	00001010001000	0	0
3	1	2	1	1	00100000111111	11100101110001	01101100010100	0	0
3	2	3	1	2	00010110011010	11011011011100	10011010001100	0	0
3	3	2	1	3	01000001100110	10000010011111	10100110111111	0	0
3	4	2	1	4	11111110000101	01101111110110	00100010110010	0	0
3	5	1	2	1	11001001011010	00000000000000	01100100001000	0	0
3	6	2	2	2	11010101100000	10010000100010	10001101001001	0	0
3	7	3	2	3	00110111101101	01110000110000	10100111110111	0	0
3	8	2	2	4	00100000011001	11001101101001	01110110110110	0	0
3	9	2	3	1	11111010011010	01001100010010	11000101111101	0	0
3	10	1	3	2	11000001001101	10000000000000	10111100001000	0	0
3	11	2	3	3	10001110011001	10000000010100	10110000101110	0	0
3	12	2	3	4	11101001011110	10111001010001	10110110110000	0	1
3	13	1	4	1	00011101011110	01000000000000	01111110100100	0	0
3	14	3	4	2	00011100101001	00011110001001	01101010111111	0	0
3	15	3	4	3	11101011101111	10100001000110	01010110001101	0	1
3	16	2	4	4	10010101110101	00100001010101	01000111110010	0	0
3	17	1	5	1	10101000100111	11000000000000	10100000110011	0	0
3	18	2	5	2	10001111011011	11100001010111	11010000000001	0	0
3	19	2	5	3	10000100101111	01010111111001	00100111111001	0	1
3	20	2	5	4	00111111101011	00000011100001	01010111100101	0	1
4	1	2	1	1	10111011001010	11111111011110	01110101100011	0	0
4	2	2	1	2	11000110101000	01011001000111	11010000001110	0	0
4	3	3	1	3	01100111010111	00101101011111	11110100111110	0	0
4	4	1	1	4	00011100101101	00000000000000	00000010101110	0	0
4	5	2	2	1	01001100001101	01010100100000	01101011010001	0	0
4	6	1	2	2	10001100111001	10000000000000	01000110010101	0	0
4	7	3	2	3	10010111010001	00110101111110	11110011111010	0	1
4	8	2	2	4	01111000011101	10000011001010	10100010011110	0	0
4	9	3	3	1	01011100001010	11000011011000	01110101100000	0	1
4	10	2	3	2	11010000000001	10001010011011	10010110000101	0	0
4	11	2	3	3	10101101101001	11111111000111	01110001000010	0	0
4	12	2	3	4	01100000111110	00111111001011	11001110000011	0	0
4	13	2	4	1	11000111000010	11111101011101	01011101010010	0	0
4	14	3	4	2	00011111111100	01101010010110	00110110100100	0	1
4	15	2	4	3	00011011010010	01110101111100	11101000110001	0	0
4	16	1	4	4	11111100011011	01000000000000	00101010111000	0	0
4	17	2	5	1	01110110111110	00110010100110	11011101100000	0	0
4	18	2	5	2	00110011111010	00101100001001	11010010110100	0	0
4	19	2	5	3	01010011111001	11000001011001	10001100010101	0	1
4	20	1	5	4	00001000001100	11000000000000	00100010011001	0	0
5	1	2	1	1	11110100100010	00011001010001	00000000101001	0	1
5	2	1	1	2	01101011110000	00000000000000	01101011001010	0	0
5	3	2	1	3	01010100000100	01111001110001	00100001011111	0	0
5	4	1	1	4	10110010111101	10000000000000	01011111110001	0	0
5	5	3	2	1	01010010100100	01100000100110	11101110011000	0	0
5	6	3	2	2	01000011001001	11100010010100	10001001111111	0	1
5	7	2	2	3	01011101110001	11010111110101	10001100110011	0	0
5	8	2	2	4	00000101110100	10100001110001	11110101000110	0	0
5	9	3	3	1	11000111101101	11100000010000	00100110011000	0	0
5	10	3	3	2	10110101000110	00111010001001	00100100011001	0	1
5	11	2	3	3	10000001101000	00000001100011	01010010111000	0	0
5	12	2	3	4	00010000111001	11011011110100	11011111000011	0	0
5	13	2	4	1	01001010100110	00001010101010	01100011010100	0	1
5	14	2	4	2	11001001010100	10101111001111	11010000100000	0	0
5	15	1	4	3	00000001011101	01000000000000	00101010110000	0	0
5	16	1	4	4	11101001111011	11000000000000	11010011100011	0	0
5	17	2	5	1	11000000101101	00111001110111	11100000000010	0	0
5	18	2	5	2	10010001100100	10010010110111	01101010011011	0	0
5	19	2	5	3	11111100000010	00000000000100	01100101100011	0	0
5	20	2	5	4	11110111111011	10101000000010	11110010010110	0	0
6	1	3	1	1	10111010010010	10011001000000	00110110001100	0	0
6	2	1	1	2	11001100001101	00000100010010	00000001010011	0	0
6	3	2	1	3	01011100000010	00010000010110	01000001001100	0	0
6	4	2	1	4	01100101100000	11001000011110	01111101000111	0	0
6	5	2	2	1	10110001011000	01101100100101	10001111100001	0	0
6	6	3	2	2	01011110000011	11001110001100	11010101011101	0	1
6	7	2	2	3	01011000101000	10010100110000	11010111111101	0	1
6	8	3	2	4	11010001000100	01100111110010	00101010101001	0	0
6	9	2	3	1	11111011111101	10110101001100	00101110010111	0	0
6	10	2	3	2	11111100100001	01110100100011	01001101101001	0	1
6	11	2	3	3	10100101010001	00011100100111	11001111011100	0	0
6	12	2	3	4	10001001000001	01110100101101	00011010111111	0	0
6	13	2	4	1	00000100110101	11100111111101	00011111110011	0	0
6	14	1	4	2	00010111010111	11001001100101	11010111001110	0	0
6	15	2	4	3	00000101010000	01010111111111	10001011111101	0	0
6	16	3	4	4	10111101011100	11111011110110	00010100111110	0	0
6	17	2	5	1	10001010011101	11000000000101	11010001100010	0	0
6	18	2	5	2	11111111110101	00000000000111	11000110001110	0	1
6	19	1	5	3	01111111101000	01110110100000	00000101010110	0	0
6	20	1	5	4	10101011001100	00100101111011	01111111111111	0	0
7	1	2	1	1	00100001011111	10010111000111	11110010100001	0	0
7	2	2	1	2	10110110011101	01111010110011	10101001110011	0	0
7	3	2	1	3	10111010111100	10111101011101	01000001000110	0	0
7	4	2	1	4	10100001100011	11010000010111	10001011000000	0	0
7	5	2	2	1	01010010010011	01010101100011	11101100100111	0	0
7	6	2	2	2	00010110100011	00001010110100	10100111100101	0	1
7	7	2	2	3	01110111101000	00001111000111	01000111010100	0	0
7	8	1	2	4	00010000101100	01110000111000	00101111111001	0	0
7	9	3	3	1	01111100101000	01100101010100	10011000000101	0	0
7	10	2	3	2	10010001011001	00101001000110	00000101001110	0	1
7	11	3	3	3	00101110110110	00000001010001	00100101000100	0	1
7	12	3	3	4	11001000111110	11010110111011	11111110011010	0	0
7	13	2	4	1	10111110011001	10010010110110	10101101000101	0	1
7	14	2	4	2	00010111111011	11010110011111	00110000000011	0	0
7	15	2	4	3	00001000001101	00100111010001	11100011111011	0	0
7	16	2	4	4	11010001110010	11101111100010	10011011010010	0	0
7	17	3	5	1	01001101111000	11110001010000	10111111101100	0	0
7	18	1	5	2	10011111111001	10001000001110	10010110101000	0	0
7	19	1	5	3	10011011101011	01111110001011	01000011111101	0	0
7	20	1	5	4	11101101000100	01001000000100	11111011011110	0	0
8	1	2	1	1	01111000001111	11010011000100	11001101101110	0	0
8	2	2	1	2	00111001001011	10101001001010	10101010001111	0	0
8	3	1	1	3	01111010000110	00111101011110	00011111111101	0	0
8	4	2	1	4	00100111100001	10100101111011	01100000110000	0	0
8	5	2	2	1	00011100001111	11100101010000	10011110000011	0	0
8	6	3	2	2	10110001101111	00110110010010	10001101100011	0	1
8	7	2	2	3	10101111000011	11010100001011	00111111111001	0	0
8	8	1	2	4	10011011101111	10010010000111	01000100011011	0	0
8	9	2	3	1	01001000101010	11100001000010	01100111010010	0	0
8	10	1	3	2	11011001100000	00010111100000	00110000010001	0	0
8	11	2	3	3	01010000110101	01001010111100	10111101111110	0	0
8	12	2	3	4	01100100001110	11000000001000	11001100010111	0	0
8	13	3	4	1	10110110100111	10011110101000	11000010110011	0	0
8	14	2	4	2	01001111110001	11011011111011	10011011101010	0	1
8	15	2	4	3	00100000000011	00010111101101	00001110000100	0	0
8	16	1	4	4	11001100101000	00001010101101	11100101011101	0	0
8	17	2	5	1	00100110101100	01001100010101	01100001110100	0	0
8	18	2	5	2	01101000110000	01010111111100	11001011010001	0	1
8	19	3	5	3	00111011101010	10001100110101	01011011011011	0	0
8	20	3	5	4	01101101010010	01100110111111	10111111010100	0	1
9	1	3	1	1	00001110011111	11010000111110	01000110100111	0	0
9	2	1	1	2	00000001111101	00010110100001	01011110100011	0	0
9	3	2	1	3	11100010101110	10100001010000	01011001011111	0	1
9	4	2	1	4	01100111010000	01101111100010	11011001110000	0	0
9	5	2	2	1	10101010101100	11011010110100	00100010000111	0	0
9	6	1	2	2	01000100110000	11111111011011	11011001101100	0	0
9	7	2	2	3	01110110011000	00011001101110	10011110110111	0	0
9	8	2	2	4	10010111111111	10110101110110	10000110100010	0	0
9	9	3	3	1	01110111111100	10000011010011	00111000100101	0	0
9	10	2	3	2	01011010101101	10000011110011	00000110000001	0	1
9	11	3	3	3	11111000110110	10100000000110	11110000111010	0	0
9	12	2	3	4	11101001001010	10011011011010	00101110101001	0	0
9	13	2	4	1	10110001100000	01101111011010	01110010010010	0	0
9	14	3	4	2	00010010110010	11101100010100	10011111001001	0	0
9	15	2	4	3	11001001001100	11000110011100	10001100010101	0	0
9	16	2	4	4	00111100101011	10001001010110	01111110111101	0	0
9	17	2	5	1	10010101011010	11110111000111	10000010101011	0	1
9	18	2	5	2	11100000001100	00011100110111	10001110101001	0	0
9	19	1	5	3	10010011000111	00001111101001	10110100110100	0	0
9	20	1	5	4	01111000001000	11101000011000	01101110111101	0	1
10	1	3	1	1	01100000110101	10011101010001	01001001101100	0	0
10	2	2	1	2	01111111000001	11010000000010	01101110111110	0	0
10	3	2	1	3	00011001001101	11101111000100	01100101010101	0	0
10	4	3	1	4	11000000010100	10110111111001	10011011011101	0	1
10	5	1	2	1	00011001100111	11011001100001	00111111101111	0	0
10	6	2	2	2	01011000011010	00100111100001	11100000001001	0	1
10	7	2	2	3	01110100000100	11110000111111	01001010010101	0	0
10	8	3	2	4	10111010000011	11011000101000	11001101001110	0	0
10	9	2	3	1	01000110101011	10011100001000	10101010010100	0	0
10	10	2	3	2	11001101110011	01010100000000	10110110110111	0	0
10	11	2	3	3	11100111100101	10011100011110	10111000000000	0	0
10	12	2	3	4	11101001111101	00001111111011	11110110011101	0	0
10	13	3	4	1	00101110111001	00011010111011	00100001110011	0	0
10	14	2	4	2	10010001101101	11111111100110	01010001001000	0	0
10	15	2	4	3	10001101110100	10111100011101	10101000111101	0	1
10	16	2	4	4	01011001001100	10110100000000	11000001110101	0	0
10	17	1	5	1	11001011101001	00011101111011	01010101101010	0	1
10	18	1	5	2	01000010111001	00001000001010	10001111100001	0	0
10	19	1	5	3	11100110100010	11100011010100	10011000101011	0	0
10	20	2	5	4	01100001011011	00000110010100	11000001111011	0	0
11	1	2	1	1	11001110101110	10110010011010	01101101000101	0	0
11	2	3	1	2	11110010100101	00000011011101	10101111010111	0	1
11	3	2	1	3	10101010111110	00000100001011	00011111111011	0	0
11	4	2	1	4	11111011101101	01010000101100	10000011011011	0	0
11	5	1	2	1	11101010111100	10110100000111	01011011101011	0	0
11	6	2	2	2	11001101001111	10110100100001	00011101110000	0	1
11	7	2	2	3	01000011111111	01010101011110	01011101011011	0	1
11	8	3	2	4	10110010100010	00111110111001	00010010100100	0	0
11	9	2	3	1	00001011010111	10100001111001	01001101100010	0	0
11	10	2	3	2	01111111000001	10010100010001	10000010001001	0	0
11	11	2	3	3	10101001001110	01110010001000	10011000011001	0	0
11	12	3	3	4	00111110010000	10000111110010	01100010011001	0	0
11	13	1	4	1	00001111000011	00000000100110	11011100010011	0	0
11	14	1	4	2	01011101111111	11000111100011	01010011101011	0	0
11	15	2	4	3	10101100000011	11000011011101	01110101101111	0	0
11	16	2	4	4	11100110010101	10101011011111	01110001100111	0	0
11	17	3	5	1	01110100000000	11101110011100	01001101011101	0	0
11	18	1	5	2	10001000110010	10001100001101	11000001100101	0	0
11	19	2	5	3	11101010010010	11101101010110	01000100011100	0	1
11	20	2	5	4	01010011000010	00010001100101	11011110001011	0	0
12	1	2	1	1	11100111001100	01000011101100	01001011010011	1	0
12	2	2	1	2	11001110010101	11100101110110	00100110001000	0	1
12	3	2	1	3	01000110100100	01000010000111	11001010111111	0	0
12	4	1	1	4	11011001111000	11000111000011	01001110001100	0	0
12	5	3	1	5	11101000001010	01111010111000	10100001100011	0	0
12	6	2	2	1	01100100111010	11110010000011	11110001110001	0	1
12	7	2	2	2	01010001111101	11111000111011	11000010100111	0	0
12	8	3	2	3	00100111101001	00100010011100	11000010000110	0	0
12	9	2	2	4	10101010101111	11110011110100	10011000010010	1	0
12	10	2	2	5	11100000100000	00010101001100	10000111000000	1	1
12	11	2	3	1	11101000001100	11110110011100	11100111001000	0	0
12	12	2	3	2	10111011101000	11011000101100	10001011001001	0	0
12	13	1	3	3	10011011001101	10001101101111	10100010010101	0	1
12	14	3	3	4	11001000011111	10001101110010	00101001001110	0	0
12	15	2	3	5	10010000010001	11010010001001	11111010011011	1	0
12	16	2	4	1	01101110001101	11100111000011	01110011110010	0	0
12	17	2	4	2	10011101111010	11010010111001	10110000100011	0	1
12	18	1	4	3	01111001010101	00010001110111	10100010111111	0	0
12	19	2	4	4	00100110001010	00100011111011	00000111110001	0	1
12	20	1	4	5	10101000010110	01000101110010	10000001111011	0	0
12	21	2	5	1	10110011110001	00100101101101	10011100001010	0	0
12	22	2	5	2	01010001100001	11111101001111	00111010010011	1	0
12	23	2	5	3	01110111010001	10000111100000	11000110101100	0	0
12	24	2	5	4	10010010101110	00010010110011	00110111011110	0	1
12	25	3	5	5	11000010001011	11110000110110	00010110101101	0	1
13	1	2	1	1	01010111000001	11110101001101	00011010101110	1	0
13	2	2	1	2	00010010101010	10001000110111	11111100100011	0	0
13	3	3	1	3	00110011100110	00000000000101	01101100101010	0	0
13	4	2	1	4	01111010100001	11111011000000	10001110111110	0	1
13	5	2	1	5	11011000111000	01100111010001	11011111001011	0	1
13	6	2	2	1	10101000101001	00010111001110	11010001001011	0	0
13	7	3	2	2	00101001000100	11010010100011	10100100001100	0	0
13	8	2	2	3	11011001110100	00110111011101	01001011000100	1	0
13	9	2	2	4	00110111011011	11001010000010	00011110111100	0	1
13	10	2	2	5	11101101000110	00010111000000	01111000100011	0	0
13	11	2	3	1	11111001001100	01100010110111	11010101111000	1	1
13	12	2	3	2	10111100000101	11110000111011	10111000011101	0	0
13	13	3	3	3	01101000111111	10111100110111	00110110010110	0	0
13	14	2	3	4	01110001100101	11101110111011	10100100011010	0	0
13	15	1	3	5	01010011010001	11110110001101	11101000011001	0	0
13	16	1	4	1	10110000000001	01010111100111	10011011110010	0	1
13	17	2	4	2	00010100111111	01100001001110	01111110100110	0	0
13	18	2	4	3	01000101111000	00000101100110	11100001101001	0	1
13	19	2	4	4	10101111111011	11000011111011	11110111111111	0	0
13	20	2	4	5	11110101101011	11110011100100	01101010001100	1	0
13	21	2	5	1	10111101110111	10101101111011	00101011011110	0	1
13	22	3	5	2	11101000011110	00101001110111	01000101000000	0	1
13	23	2	5	3	00111001010000	01011000011111	00010011000010	1	0
13	24	1	5	4	11001100001101	01101100000000	00101100110111	0	0
13	25	1	5	5	00010110000011	10110110011111	10001110001010	0	0
14	1	3	1	1	10010100001011	01110001110111	11110111010100	0	0
14	2	3	1	2	00101011101011	01111100001110	01100100111100	0	0
14	3	2	1	3	01100010101000	10100001110011	11010110110000	1	0
14	4	2	1	4	01110101110001	01100010110010	01111010100110	0	1
14	5	2	1	5	10000000110001	10101110100101	10000110101011	0	0
14	6	2	2	1	01010001001010	00111110011010	10001010100001	1	0
14	7	1	2	2	10111101110001	01011010111110	01100111100111	0	0
14	8	2	2	3	00011011111111	11100010011101	10110111100110	1	0
14	9	2	2	4	00001001011000	01110011011101	10000110111011	0	0
14	10	1	2	5	00110010000100	10001011100001	00011110000110	0	0
14	11	3	3	1	01011111110000	00000110011011	11000001101100	0	0
14	12	2	3	2	10010001001101	00001100111000	00000011011111	0	0
14	13	2	3	3	01100100011000	10001001100001	10000010110000	1	1
14	14	2	3	4	01011001000101	10001110001001	10110010101010	1	1
14	15	3	3	5	10001100001101	01001110010111	00110010101001	0	1
14	16	2	4	1	10011011011000	00010011101100	10100100001011	0	0
14	17	2	4	2	00001000110000	00111010001000	10011110000110	0	0
14	18	1	4	3	10011000000110	01010100010101	10011000101010	0	0
14	19	1	4	4	01101011101011	00111010111000	10001000101010	0	0
14	20	2	4	5	11111000111100	11101000010110	01010001100111	0	0
14	21	2	5	1	00111100000011	01010001111100	11111000100110	0	1
14	22	2	5	2	11001100101011	11110011000110	00001101101000	0	0
14	23	2	5	3	01101100101100	10010111000101	00101111001001	0	1
14	24	2	5	4	00111101000000	01101100011001	11100010101111	0	1
14	25	2	5	5	10101011101011	10100111001101	01000011000110	0	1
15	1	3	1	1	10110011000001	01010011111011	01111001010000	0	1
15	2	2	1	2	01111001101001	01110111110100	00011100101000	0	0
15	3	2	1	3	10100011111001	01001011011000	00011101110010	0	0
15	4	3	1	4	00111100000001	11101010011111	11010001100011	0	0
15	5	1	1	5	01001100111110	11111111001100	11101010000110	0	1
15	6	2	2	1	10100000110000	10011001111110	00110110010000	1	0
15	7	2	2	2	00101100101101	10101101101101	00000110010111	0	0
15	8	2	2	3	11100111110001	10010011000001	11010110101010	0	0
15	9	2	2	4	00000100001011	01000110000101	01001010110111	1	0
15	10	2	2	5	01000011011001	11101011011001	01111000111011	0	1
15	11	2	3	1	00100010001011	01010111111011	00100001000110	0	0
15	12	2	3	2	00110100111010	11010110011101	00010101100011	1	1
15	13	2	3	3	01001111001111	01010000110011	01110110111011	1	0
15	14	2	3	4	01110011010001	11110110000100	00100000011001	0	0
15	15	2	3	5	00010011111101	11110111111011	10001011000010	0	1
15	16	1	4	1	10101110011010	00010000011101	00101011100010	0	1
15	17	2	4	2	11100100111000	01010000001110	01111000110001	0	0
15	18	1	4	3	11100011100110	01110011010100	10111101000000	0	1
15	19	2	4	4	11111000010111	01001110010001	10100111101011	0	0
15	20	1	4	5	01101111101101	11000010011010	10100000101100	0	0
15	21	2	5	1	00000111010000	10111110101100	11011100100010	0	0
15	22	3	5	2	01000100010011	01101001110110	00100111001001	0	0
15	23	3	5	3	00100010000011	11110100111001	11110011111000	0	0
15	24	2	5	4	01011100111000	00000011111100	01111101101001	1	0
15	25	2	5	5	00010111000001	00111000111100	01010100110001	0	1
16	1	2	1	1	00010100110001	00111100011101	01000000111101	0	1
16	2	3	1	2	11010111000011	01101111100001	11001000000110	0	0
16	3	2	1	3	10011001111000	00101110101011	10110000011100	0	1
16	4	1	1	4	00100011110000	10110100110110	10111100111100	0	0
16	5	2	1	5	01000001111001	01101000011001	01101111010110	1	1
16	6	3	2	1	11000110110000	10000100100100	10101001001101	0	0
16	7	1	2	2	00010111000101	01011101011010	10011011100101	0	0
16	8	2	2	3	01001011110000	10110110100010	10110010000011	0	1
16	9	2	2	4	01000111111000	01110011110110	11011101010011	1	0
16	10	3	2	5	00011001001111	11101001101001	01011101110110	0	0
16	11	2	3	1	01010111010011	11001100110111	11101101000011	0	1
16	12	1	3	2	11001100011011	10110010000011	00011110001100	0	0
16	13	2	3	3	01011010000000	10011100000001	00001010101110	0	0
16	14	2	3	4	11011100010000	01010111101111	11011010111110	0	0
16	15	2	3	5	01000000110110	01110001001001	00111001101011	1	0
16	16	2	4	1	00010011100101	10111100101110	11110010011111	0	1
16	17	2	4	2	00111101010110	00111001011101	00110101011011	0	0
16	18	2	4	3	00100000001100	00001101110011	00111001100111	0	0
16	19	2	4	4	11000101000001	11001001100111	00001100110001	1	0
16	20	2	4	5	00100111011101	00001010100101	00111110101111	0	1
16	21	1	5	1	00010000110001	11001000100001	11001000011000	0	0
16	22	2	5	2	01011001001000	01101100010001	10110101100100	0	0
16	23	2	5	3	01111001101111	11001000001101	00011000100110	0	1
16	24	3	5	4	00101011100011	01011010100000	00111001001101	0	0
16	25	2	5	5	01010011101100	01000000100101	00011100011101	1	0
17	1	2	1	1	10101011100100	11101100100000	00010001000001	0	0
17	2	3	1	2	10010111010111	10110011110111	11010010000001	0	0
17	3	2	1	3	10000110110101	11000110011110	00011111011110	0	0
17	4	2	1	4	00111111110001	10010000010000	11000010011000	0	1
17	5	2	1	5	00001111010101	10110000001011	01111100101111	0	1
17	6	2	2	1	01100011010101	01000101000101	11011011101011	0	0
17	7	2	2	2	10101001001111	00111111001000	00101010100010	0	0
17	8	2	2	3	11101110110100	10101100101011	11001000010010	0	0
17	9	3	2	4	01100001110011	11001101111000	10101011100011	0	1
17	10	1	2	5	10101101001111	10100010000001	10100011001100	0	0
17	11	1	3	1	00111001101101	00000001111010	11011111001100	0	1
17	12	2	3	2	00011000000111	00100010010110	10001100111101	1	0
17	13	3	3	3	00011101100010	01011001001001	00101000000000	0	0
17	14	2	3	4	00100100010000	01111110100111	11010011010001	0	1
17	15	1	3	5	10010110011111	00101101000111	11000111000010	0	1
17	16	2	4	1	11010101011101	10110001001000	11010000111011	0	0
17	17	2	4	2	00011110101100	10001001110111	00111111000001	0	0
17	18	1	4	3	01010001101011	01010011000001	11100000000111	0	0
17	19	2	4	4	10010000111001	10001101000000	10100001100001	1	1
17	20	2	4	5	11101010011010	10100011000100	11110011100110	1	0
17	21	2	5	1	01101101101100	01110101010110	10001010111100	0	1
17	22	2	5	2	11100100110001	01110010000001	11000001101000	1	0
17	23	2	5	3	10101100010001	01011000011010	11001111100100	0	0
17	24	3	5	4	11111001110111	01101101000101	00011101001101	0	0
17	25	2	5	5	01001110110111	00011001000100	10110110111000	1	0
