1	0.514142
2	0.515481
3	0.517294
4	0.547615
5	0.558745
6	0.558745
7	0.577782
8	0.577782
9	0.586457
10	0.589219
11	0.601771
12	0.626569
13	0.631827
14	0.647476
15	0.647476
16	0.651715
17	0.651715
18	0.654059
19	0.654059
20	0.654059
21	0.654059
22	0.654059
23	0.654059
24	0.694296
25	0.694296
26	0.694296
27	0.694296
28	0.696151
29	0.696151
30	0.696151
31	0.696151
32	0.696151
33	0.696611
34	0.704198
35	0.704198
36	0.739679
37	0.739679
38	0.739679
39	0.739679
40	0.739679
41	0.739679
42	0.739679
43	0.739679
44	0.739679
45	0.739679
46	0.739679
47	0.739679
48	0.739679
49	0.739679
50	0.739679
51	0.739916
52	0.739916
53	0.739916
54	0.739916
55	0.739916
56	0.739916
57	0.739916
58	0.739916
59	0.739916
60	0.739916
61	0.739916
62	0.739916
63	0.739916
64	0.739916
65	0.739916
66	0.739916
67	0.739916
68	0.739916
69	0.739916
70	0.739916
71	0.739916
72	0.739916
73	0.739916
74	0.739916
75	0.739916
76	0.739916
77	0.739916
78	0.739916
79	0.739916
80	0.739916
81	0.739916
82	0.739916
83	0.739916
84	0.739916
85	0.739916
86	0.739916
87	0.739916
88	0.739916
89	0.739916
90	0.739916
91	0.739916
92	0.739916
93	0.739916
94	0.739916
95	0.739916
96	0.739916
97	0.739916
98	0.739916
99	0.739916
100	0.739916
101	0.739916
102	0.739916
103	0.739916
104	0.739916
105	0.739916
106	0.739916
107	0.739916
108	0.739916
109	0.739916
110	0.739916
111	0.739916
112	0.739916
113	0.739916
114	0.739916
115	0.739916
116	0.739916
117	0.739916
118	0.739916
119	0.739916
120	0.739916
121	0.739916
122	0.739916
123	0.739916
124	0.739916
125	0.739916
126	0.739916
127	0.739916
128	0.739916
129	0.739916
130	0.739916
131	0.739916
132	0.739916
133	0.739916
134	0.739916
135	0.739916
136	0.739916
137	0.739916
138	0.739916
139	0.739916
140	0.739916
141	0.739916
142	0.739916
143	0.739916
144	0.739916
145	0.739916
146	0.739916
147	0.739916
148	0.739916
149	0.739916
150	0.739916
151	0.739916
152	0.739916
153	0.739916
154	0.739916
155	0.739916
156	0.739916
157	0.739916
158	0.739916
159	0.739916
160	0.739916
161	0.739916
162	0.739916
163	0.739916
164	0.739916
165	0.739916
166	0.739916
167	0.739916
168	0.739916
169	0.739916
170	0.739916
171	0.739916
172	0.739916
173	0.739916
174	0.739916
175	0.739916
176	0.739916
177	0.739916
178	0.739916
179	0.739916
180	0.739916
181	0.739916
182	0.739916
183	0.739916
184	0.739916
185	0.739916
186	0.739916
187	0.739916
188	0.739916
189	0.739916
190	0.739916
191	0.739916
192	0.739916
193	0.739916
194	0.739916
195	0.739916
196	0.739916
197	0.739916
198	0.739916
199	0.739916
200	0.739916
201	0.739916
202	0.739916
203	0.739916
204	0.740153
205	0.740153
206	0.740153
207	0.740153
208	0.740153
209	0.740153
210	0.740153
211	0.740153
212	0.740153
213	0.740153
214	0.740153
215	0.740153
216	0.740865
217	0.740865
218	0.740865
219	0.740865
220	0.740865
221	0.740865
222	0.740865
223	0.740865
224	0.740865
225	0.740865
226	0.740865
227	0.740865
228	0.740865
229	0.740865
230	0.741813
231	0.741813
232	0.741813
233	0.741813
234	0.741813
235	0.741813
236	0.742287
237	0.742287
238	0.742287
239	0.742287
240	0.742287
241	0.742287
242	0.742999
243	0.742999
244	0.742999
245	0.743947
246	0.743947
247	0.744184
248	0.744184
249	0.744184
250	0.744184
251	0.744184
252	0.744184
253	0.744184
254	0.744184
255	0.744184
256	0.744184
257	0.744184
258	0.744184
259	0.744184
260	0.744184
261	0.744184
262	0.744184
263	0.744184
264	0.744184
265	0.744184
266	0.744184
267	0.744184
268	0.744184
269	0.744184
270	0.745049
271	0.745049
272	0.745049
273	0.745049
274	0.745049
275	0.745049
276	0.745049
277	0.745049
278	0.745049
279	0.745049
280	0.745049
281	0.745049
282	0.745049
283	0.745049
284	0.745049
285	0.745049
286	0.746946
287	0.746946
288	0.746946
289	0.746946
290	0.746946
291	0.746946
292	0.746946
293	0.746946
294	0.746946
295	0.746946
296	0.746946
297	0.746946
298	0.746946
299	0.752301
300	0.752301
301	0.752301
302	0.752301
303	0.752301
304	0.752301
305	0.752301
306	0.752301
307	0.752301
308	0.752301
309	0.752301
310	0.752301
311	0.752301
312	0.752301
313	0.752301
314	0.752301
315	0.752301
316	0.752301
317	0.752301
318	0.752301
319	0.752301
320	0.752301
321	0.752301
322	0.752301
323	0.752301
324	0.752301
325	0.752301
326	0.752301
327	0.752301
328	0.752301
329	0.752301
330	0.752301
331	0.752301
332	0.752301
333	0.752301
334	0.752301
335	0.752301
336	0.752301
337	0.752301
338	0.752301
339	0.752301
340	0.752301
341	0.752301
342	0.752301
343	0.752301
344	0.752301
345	0.752301
346	0.752301
347	0.752301
348	0.752301
349	0.752301
350	0.752301
351	0.752301
352	0.752301
353	0.752301
354	0.752301
355	0.752301
356	0.752301
357	0.752301
358	0.752301
359	0.752301
360	0.752301
361	0.752301
362	0.752301
363	0.752301
364	0.752301
365	0.752301
366	0.752301
367	0.752301
368	0.752301
369	0.752301
370	0.752301
371	0.752301
372	0.752301
373	0.752301
374	0.752301
375	0.752301
376	0.752301
377	0.752301
378	0.752301
379	0.752301
380	0.752301
381	0.752301
382	0.752301
383	0.752301
384	0.752301
385	0.752301
386	0.752301
387	0.752301
388	0.752301
389	0.752301
390	0.752301
391	0.752301
392	0.752301
393	0.752301
394	0.752301
395	0.752301
396	0.752301
397	0.752301
398	0.752301
399	0.752301
400	0.752301
401	0.752301
402	0.753696
403	0.753696
404	0.753696
405	0.753696
406	0.753696
407	0.753696
408	0.753696
409	0.753696
410	0.753696
411	0.753696
412	0.753696
413	0.753696
414	0.753696
415	0.753696
416	0.753696
417	0.753696
418	0.753696
419	0.753696
420	0.753696
421	0.753696
422	0.753696
423	0.753696
424	0.753696
425	0.753696
426	0.753696
427	0.753696
428	0.753696
429	0.753696
430	0.753696
431	0.753696
432	0.753696
433	0.753696
434	0.753696
435	0.753696
436	0.753696
437	0.753696
438	0.753696
439	0.753696
440	0.753696
441	0.753696
442	0.753696
443	0.753696
444	0.753696
445	0.753696
446	0.753696
447	0.753696
448	0.753696
449	0.753696
450	0.753696
451	0.753696
452	0.753696
453	0.753696
454	0.753696
455	0.753696
456	0.753696
457	0.753696
458	0.753696
459	0.753696
460	0.753696
461	0.753696
462	0.753696
463	0.753696
464	0.753696
465	0.753696
466	0.753696
467	0.753696
468	0.753696
469	0.753696
470	0.753696
471	0.753696
472	0.753696
473	0.753696
474	0.753696
475	0.753696
476	0.753696
477	0.753696
478	0.753696
479	0.753696
480	0.753696
481	0.753696
482	0.753696
483	0.753696
484	0.753696
485	0.753696
486	0.753696
487	0.753696
488	0.753696
489	0.753696
490	0.753696
491	0.753696
492	0.753696
493	0.753696
494	0.753696
495	0.753696
496	0.753696
497	0.753696
498	0.753696
499	0.753696
500	0.753696
501	0.753696
502	0.753696
503	0.753696
504	0.753696
505	0.753696
506	0.753696
507	0.753696
508	0.753696
509	0.753696
510	0.753696
511	0.753696
512	0.753696
513	0.753696
514	0.753696
515	0.753696
516	0.753696
517	0.753696
518	0.753696
519	0.758591
520	0.758591
521	0.758591
522	0.758591
523	0.75901
524	0.75901
525	0.75901
526	0.75901
527	0.75901
528	0.770126
529	0.770126
530	0.770126
531	0.770126
532	0.770126
533	0.770126
534	0.770126
535	0.770126
536	0.770126
537	0.770126
538	0.770126
539	0.770126
540	0.770126
541	0.770126
542	0.770126
543	0.770126
544	0.770126
545	0.770126
546	0.770126
547	0.770126
548	0.770126
549	0.770126
550	0.770126
551	0.770126
552	0.770126
553	0.770126
554	0.770126
555	0.770126
556	0.770126
557	0.770126
558	0.770126
559	0.770126
560	0.770126
561	0.770363
562	0.770363
563	0.770363
564	0.770363
565	0.770363
566	0.770363
567	0.770363
568	0.770363
569	0.770363
570	0.770363
571	0.770363
572	0.770363
573	0.770363
574	0.770363
575	0.770363
576	0.770363
577	0.770363
578	0.770363
579	0.770363
580	0.770363
581	0.770363
582	0.770363
583	0.770363
584	0.770363
585	0.770363
586	0.770363
587	0.770363
588	0.770363
589	0.770363
590	0.770363
591	0.770363
592	0.770363
593	0.7706
594	0.7706
595	0.7706
596	0.7706
597	0.7706
598	0.7706
599	0.7706
600	0.7706
601	0.7706
602	0.7706
603	0.7706
604	0.7706
605	0.7706
606	0.7706
607	0.7706
608	0.7706
609	0.7706
610	0.7706
611	0.7706
612	0.7706
613	0.7706
614	0.7706
615	0.7706
616	0.7706
617	0.7706
618	0.7706
619	0.7706
620	0.7706
621	0.7706
622	0.7706
623	0.7706
624	0.7706
625	0.7706
626	0.776374
627	0.776374
628	0.776374
629	0.776374
630	0.776374
631	0.776374
632	0.776374
633	0.781353
634	0.781353
635	0.781353
636	0.781353
637	0.781353
638	0.781353
639	0.781353
640	0.781353
641	0.781353
642	0.781353
643	0.781353
644	0.781353
645	0.781353
646	0.781353
647	0.781353
648	0.781353
649	0.781353
650	0.781353
651	0.786332
652	0.786332
653	0.786332
654	0.786332
655	0.786332
656	0.786332
657	0.786332
658	0.786332
659	0.786332
660	0.786332
661	0.786332
662	0.786332
663	0.786332
664	0.786332
665	0.786332
666	0.786332
667	0.786332
668	0.786332
669	0.786332
670	0.786332
671	0.786332
672	0.786332
673	0.786332
674	0.786332
675	0.786332
676	0.786332
677	0.786332
678	0.786332
679	0.786332
680	0.786332
681	0.786332
682	0.786332
683	0.786332
684	0.786332
685	0.786332
686	0.786332
687	0.786332
688	0.786332
689	0.786332
690	0.786332
691	0.786332
692	0.786332
693	0.786332
694	0.786332
695	0.786332
696	0.786332
697	0.786332
698	0.786332
699	0.786332
700	0.786332
701	0.786332
702	0.786332
703	0.786332
704	0.786332
705	0.786332
706	0.786332
707	0.786332
708	0.786332
709	0.786332
710	0.786332
711	0.786332
712	0.789986
713	0.789986
714	0.789986
715	0.789986
716	0.789986
717	0.789986
718	0.789986
719	0.789986
720	0.789986
721	0.789986
722	0.789986
723	0.789986
724	0.789986
725	0.789986
726	0.789986
727	0.789986
728	0.789986
729	0.789986
730	0.789986
731	0.789986
732	0.789986
733	0.789986
734	0.789986
735	0.789986
736	0.789986
737	0.789986
738	0.789986
739	0.789986
740	0.789986
741	0.789986
742	0.789986
743	0.789986
744	0.789986
745	0.789986
746	0.789986
747	0.789986
748	0.789986
749	0.789986
750	0.789986
751	0.789986
752	0.789986
753	0.789986
754	0.789986
755	0.789986
756	0.789986
757	0.789986
758	0.792106
759	0.792106
760	0.792106
761	0.792106
762	0.792106
763	0.792106
764	0.792106
765	0.793236
766	0.793236
767	0.793236
768	0.795551
769	0.795551
770	0.795551
771	0.795551
772	0.795551
773	0.799637
774	0.799637
775	0.800181
776	0.800181
777	0.807587
778	0.807587
779	0.807587
780	0.807587
781	0.810139
782	0.810139
783	0.810139
784	0.810139
785	0.810139
786	0.810139
787	0.810139
788	0.810139
789	0.810139
790	0.810139
791	0.810139
792	0.810139
793	0.810167
794	0.810167
795	0.810167
796	0.810167
797	0.810167
798	0.810167
799	0.810167
800	0.810167
801	0.810167
802	0.810167
803	0.810167
804	0.810167
805	0.810167
806	0.810167
807	0.810167
808	0.810167
809	0.810167
810	0.810167
811	0.810167
812	0.810167
813	0.810167
814	0.810167
815	0.810167
816	0.810167
817	0.810167
818	0.810167
819	0.810167
820	0.810167
821	0.810167
822	0.810167
823	0.810167
824	0.810167
825	0.810167
826	0.810167
827	0.810167
828	0.810167
829	0.810167
830	0.810167
831	0.810167
832	0.810167
833	0.810167
834	0.810167
835	0.810167
836	0.810167
837	0.810167
838	0.810167
839	0.810167
840	0.810167
841	0.810167
842	0.810167
843	0.810167
844	0.810167
845	0.810167
846	0.810167
847	0.810167
848	0.810167
849	0.810167
850	0.810167
851	0.810167
852	0.810167
853	0.810167
854	0.810167
855	0.810167
856	0.810167
857	0.810167
858	0.810167
859	0.810167
860	0.810167
861	0.810167
862	0.810167
863	0.810167
864	0.810167
865	0.810167
866	0.810167
867	0.810167
868	0.810167
869	0.810167
870	0.810167
871	0.810167
872	0.810167
873	0.810167
874	0.810167
875	0.810167
876	0.810167
877	0.810167
878	0.810167
879	0.810167
880	0.810167
881	0.810167
882	0.810167
883	0.810167
884	0.810167
885	0.810167
886	0.810167
887	0.810167
888	0.810167
889	0.810167
890	0.810167
891	0.810167
892	0.810167
893	0.810167
894	0.810167
895	0.810167
896	0.810167
897	0.810167
898	0.810167
899	0.810167
900	0.810167
901	0.810167
902	0.810167
903	0.810167
904	0.810167
905	0.810167
906	0.810167
907	0.810167
908	0.810167
909	0.810167
910	0.810167
911	0.810167
912	0.810167
913	0.810167
914	0.810167
915	0.810167
916	0.810167
917	0.810167
918	0.810167
919	0.810167
920	0.810167
921	0.810167
922	0.810167
923	0.810167
924	0.810167
925	0.810167
926	0.810167
927	0.810167
928	0.810167
929	0.810167
930	0.810167
931	0.810167
932	0.810167
933	0.810167
934	0.810167
935	0.810167
936	0.810167
937	0.810167
938	0.810167
939	0.810167
940	0.810167
941	0.810167
942	0.810167
943	0.810167
944	0.810167
945	0.810167
946	0.810167
947	0.810167
948	0.810167
949	0.810167
950	0.810167
951	0.810167
952	0.810167
953	0.810167
954	0.810167
955	0.810167
956	0.810167
957	0.810167
958	0.810167
959	0.810167
960	0.810167
961	0.810167
962	0.810167
963	0.810167
964	0.810167
965	0.810167
966	0.810167
967	0.810167
968	0.810167
969	0.810167
970	0.810167
971	0.810167
972	0.810167
973	0.810167
974	0.810167
975	0.810167
976	0.810167
977	0.810167
978	0.810167
979	0.810167
980	0.810167
981	0.810167
982	0.810167
983	0.810167
984	0.810167
985	0.810167
986	0.810167
987	0.810167
988	0.810167
989	0.810167
990	0.810167
991	0.810167
992	0.810167
993	0.810167
994	0.810167
995	0.810167
996	0.810167
997	0.810167
998	0.810167
999	0.810167
1000	0.810167
1001	0.810167
1002	0.810167
1003	0.810167
1004	0.810167
1005	0.810167
1006	0.810167
1007	0.810167
1008	0.810167
1009	0.810167
1010	0.810167
1011	0.810167
1012	0.810167
1013	0.810167
1014	0.810167
1015	0.810167
1016	0.810167
1017	0.810167
1018	0.810167
1019	0.810167
1020	0.810167
1021	0.810167
1022	0.810167
1023	0.810167
1024	0.810167
1025	0.810167
1026	0.810167
1027	0.810167
1028	0.810167
1029	0.810167
1030	0.810167
1031	0.810167
1032	0.810167
1033	0.810167
1034	0.810167
1035	0.810167
1036	0.810167
1037	0.810167
1038	0.810167
1039	0.810167
1040	0.810167
1041	0.810167
1042	0.810167
1043	0.810167
1044	0.810167
1045	0.810167
1046	0.810167
1047	0.810167
1048	0.810167
1049	0.810167
1050	0.810167
1051	0.810167
1052	0.810167
1053	0.810167
1054	0.810404
1055	0.810404
1056	0.810404
1057	0.810404
1058	0.810404
1059	0.810404
1060	0.810404
1061	0.810404
1062	0.810404
1063	0.810404
1064	0.810404
1065	0.810404
1066	0.810404
1067	0.810404
1068	0.810404
1069	0.810404
1070	0.810404
1071	0.810404
1072	0.810404
1073	0.810404
1074	0.810404
1075	0.810404
1076	0.810404
1077	0.810404
1078	0.810404
1079	0.810404
1080	0.810404
1081	0.810404
1082	0.810404
1083	0.810404
1084	0.810404
1085	0.810404
1086	0.810404
1087	0.810404
1088	0.810404
1089	0.810404
1090	0.810404
1091	0.810404
1092	0.810404
1093	0.810404
1094	0.810404
1095	0.810404
1096	0.810404
1097	0.810404
1098	0.810404
1099	0.810404
1100	0.810404
1101	0.810404
1102	0.810642
1103	0.810642
1104	0.810642
1105	0.810642
1106	0.810642
1107	0.810642
1108	0.810642
1109	0.810642
1110	0.810642
1111	0.810642
1112	0.810642
1113	0.810642
1114	0.810642
1115	0.810642
1116	0.810642
1117	0.810642
1118	0.810642
1119	0.810642
1120	0.810642
1121	0.810642
1122	0.810642
1123	0.810642
1124	0.810642
1125	0.810642
1126	0.810642
1127	0.810642
1128	0.810642
1129	0.810642
1130	0.810642
1131	0.810642
1132	0.810642
1133	0.810642
1134	0.810642
1135	0.810642
1136	0.810642
1137	0.810642
1138	0.810642
1139	0.810642
1140	0.810642
1141	0.810642
1142	0.810642
1143	0.810642
1144	0.810642
1145	0.810642
1146	0.810642
1147	0.810642
1148	0.810642
1149	0.810642
1150	0.810642
1151	0.810642
1152	0.810642
1153	0.810642
1154	0.810642
1155	0.810642
1156	0.810642
1157	0.810642
1158	0.810642
1159	0.810642
1160	0.810642
1161	0.810642
1162	0.810642
1163	0.810642
1164	0.810642
1165	0.810642
1166	0.810642
1167	0.810642
1168	0.822538
1169	0.822538
1170	0.822538
1171	0.822538
1172	0.822538
1173	0.822538
1174	0.822538
1175	0.824324
1176	0.824324
1177	0.827169
1178	0.827169
1179	0.827169
1180	0.827169
1181	0.827169
1182	0.827169
1183	0.827169
1184	0.827169
1185	0.827169
1186	0.827169
1187	0.827169
1188	0.827169
1189	0.827169
1190	0.827169
1191	0.827169
1192	0.827169
1193	0.827169
1194	0.827169
1195	0.827169
1196	0.827169
1197	0.827169
1198	0.827169
1199	0.827169
1200	0.827169
1201	0.827169
1202	0.827169
1203	0.827169
1204	0.827169
1205	0.827169
1206	0.833333
1207	0.833333
1208	0.833333
1209	0.833333
1210	0.833333
1211	0.833333
1212	0.833333
1213	0.833333
1214	0.833333
1215	0.833333
1216	0.833333
1217	0.833333
1218	0.833333
1219	0.833333
1220	0.833333
1221	0.833333
1222	0.833333
1223	0.833333
1224	0.833333
1225	0.833333
1226	0.833333
1227	0.833333
1228	0.833333
1229	0.833333
1230	0.833333
1231	0.834561
1232	0.8359
1233	0.8359
1234	0.839052
1235	0.839052
1236	0.839052
1237	0.839052
1238	0.839052
1239	0.839052
1240	0.839052
1241	0.839052
1242	0.839052
1243	0.839052
1244	0.839052
1245	0.839052
1246	0.839052
1247	0.839052
1248	0.839052
1249	0.841269
1250	0.841269
1251	0.842929
1252	0.842929
1253	0.842929
1254	0.842929
1255	0.842929
1256	0.842929
1257	0.842929
1258	0.842929
1259	0.842929
1260	0.842929
1261	0.842929
1262	0.842929
1263	0.842929
1264	0.842929
1265	0.842929
1266	0.84523
1267	0.84523
1268	0.847992
1269	0.847992
1270	0.847992
1271	0.847992
1272	0.847992
1273	0.847992
1274	0.847992
1275	0.847992
1276	0.847992
1277	0.847992
1278	0.847992
1279	0.847992
1280	0.847992
1281	0.847992
1282	0.847992
1283	0.847992
1284	0.847992
1285	0.847992
1286	0.847992
1287	0.847992
1288	0.847992
1289	0.847992
1290	0.847992
1291	0.847992
1292	0.847992
1293	0.847992
1294	0.847992
1295	0.847992
1296	0.847992
1297	0.847992
1298	0.847992
1299	0.847992
1300	0.847992
1301	0.847992
1302	0.847992
1303	0.8506
1304	0.8506
1305	0.8506
1306	0.8506
1307	0.8506
1308	0.8506
1309	0.8506
1310	0.8506
1311	0.8506
1312	0.8506
1313	0.865439
1314	0.865439
1315	0.865439
1316	0.865439
1317	0.865439
1318	0.867322
1319	0.868508
1320	0.868508
1321	0.868508
1322	0.868508
1323	0.868508
1324	0.868508
1325	0.868508
1326	0.868508
1327	0.868508
1328	0.868508
1329	0.868508
1330	0.868508
1331	0.868508
1332	0.868508
1333	0.868508
1334	0.868508
1335	0.868508
1336	0.868508
1337	0.868508
1338	0.868508
1339	0.868508
1340	0.868508
1341	0.868508
1342	0.868508
1343	0.868508
1344	0.869317
1345	0.869317
1346	0.869317
1347	0.869317
1348	0.869317
1349	0.869317
1350	0.869317
1351	0.869317
1352	0.869317
1353	0.869317
1354	0.869317
1355	0.869317
1356	0.869317
1357	0.869317
1358	0.869317
1359	0.869317
1360	0.869317
1361	0.869317
1362	0.869317
1363	0.869317
1364	0.869317
1365	0.869317
1366	0.869317
1367	0.869317
1368	0.869317
1369	0.869317
1370	0.869317
1371	0.869317
1372	0.869317
1373	0.869317
1374	0.869317
1375	0.869317
1376	0.869317
1377	0.869317
1378	0.869317
1379	0.869317
1380	0.869317
1381	0.869317
1382	0.869317
1383	0.869317
1384	0.869317
1385	0.869317
1386	0.869317
1387	0.869317
1388	0.871102
1389	0.871102
1390	0.871102
1391	0.871102
1392	0.871102
1393	0.871102
1394	0.871102
1395	0.871102
1396	0.871102
1397	0.871102
1398	0.871102
1399	0.871102
1400	0.871102
1401	0.871102
1402	0.871102
1403	0.871102
1404	0.871102
1405	0.871102
1406	0.871102
1407	0.871102
1408	0.871102
1409	0.871102
1410	0.871102
1411	0.872455
1412	0.872455
1413	0.872455
1414	0.872455
1415	0.872455
1416	0.872455
1417	0.872455
1418	0.872455
1419	0.872455
1420	0.872455
1421	0.872455
1422	0.872455
1423	0.872455
1424	0.872455
1425	0.878968
1426	0.878968
1427	0.878968
1428	0.878968
1429	0.878968
1430	0.878968
1431	0.878968
1432	0.878968
1433	0.878968
1434	0.878968
1435	0.878968
1436	0.878968
1437	0.878968
1438	0.878968
1439	0.878968
1440	0.888298
1441	0.888298
1442	0.888298
1443	0.888298
1444	0.888298
1445	0.888298
1446	0.888298
1447	0.888298
1448	0.893431
1449	0.893431
1450	0.893431
1451	0.893431
1452	0.893431
1453	0.893431
1454	0.893431
1455	0.893431
1456	0.893431
1457	0.893431
1458	0.893431
1459	0.893431
1460	0.893431
1461	0.893431
1462	0.893431
1463	0.893431
1464	0.893431
1465	0.893431
1466	0.893431
1467	0.893431
1468	0.893431
1469	0.893431
1470	0.893431
1471	0.896123
1472	0.896123
1473	0.896123
1474	0.896123
1475	0.896123
1476	0.896123
1477	0.896123
1478	0.896123
1479	0.896123
1480	0.896123
1481	0.896123
1482	0.896123
1483	0.896123
1484	0.896123
1485	0.896123
1486	0.896123
1487	0.896123
1488	0.896123
1489	0.897378
1490	0.897378
1491	0.897378
1492	0.897378
1493	0.897378
1494	0.897378
1495	0.897378
1496	0.897378
1497	0.897378
1498	0.897378
1499	0.897378
1500	0.897378
1501	0.897378
1502	0.897378
1503	0.897378
1504	0.897378
1505	0.897378
1506	0.897378
1507	0.897378
1508	0.897378
1509	0.897378
1510	0.897378
1511	0.897378
1512	0.897378
1513	0.897378
1514	0.897378
1515	0.897378
1516	0.897378
1517	0.897378
1518	0.897378
1519	0.897378
1520	0.897378
1521	0.897378
1522	0.897378
1523	0.897378
1524	0.897378
1525	0.898271
1526	0.898271
1527	0.898271
1528	0.898271
1529	0.898271
1530	0.898271
1531	0.898271
1532	0.898271
1533	0.898271
1534	0.898271
1535	0.898271
1536	0.898271
1537	0.898271
1538	0.898271
1539	0.898271
1540	0.898271
1541	0.901269
1542	0.901269
1543	0.901269
1544	0.901269
1545	0.901269
1546	0.901269
1547	0.901269
1548	0.901269
1549	0.901269
1550	0.901269
1551	0.901269
1552	0.901269
1553	0.901269
1554	0.901269
1555	0.901269
1556	0.901269
1557	0.901269
1558	0.901269
1559	0.901269
1560	0.902162
1561	0.902162
1562	0.902162
1563	0.902162
1564	0.902162
1565	0.902162
1566	0.902162
1567	0.902162
1568	0.902162
1569	0.902162
1570	0.902162
1571	0.902162
1572	0.902162
1573	0.902162
1574	0.902162
1575	0.902162
1576	0.902162
1577	0.902162
1578	0.902162
1579	0.902162
1580	0.902162
1581	0.902162
1582	0.902162
1583	0.902162
1584	0.902162
1585	0.902162
1586	0.902162
1587	0.902162
1588	0.902162
1589	0.902162
1590	0.902162
1591	0.902162
1592	0.902162
1593	0.902162
1594	0.902162
1595	0.902162
1596	0.902162
1597	0.902162
1598	0.902162
1599	0.902162
1600	0.902162
1601	0.902162
1602	0.902162
1603	0.902162
1604	0.902162
1605	0.902162
1606	0.902162
1607	0.902162
1608	0.902162
1609	0.902162
1610	0.902162
1611	0.902162
1612	0.902162
1613	0.902162
1614	0.902162
1615	0.902162
1616	0.902162
1617	0.902162
1618	0.902162
1619	0.902162
1620	0.902162
1621	0.902162
1622	0.902162
1623	0.902162
1624	0.902162
1625	0.902162
1626	0.902162
1627	0.902162
1628	0.902162
1629	0.902162
1630	0.902162
1631	0.902162
1632	0.902162
1633	0.902162
1634	0.902162
1635	0.902162
1636	0.902162
1637	0.902162
1638	0.902162
1639	0.902162
1640	0.902162
1641	0.902162
1642	0.902162
1643	0.902162
1644	0.902162
1645	0.902162
1646	0.902162
1647	0.902162
1648	0.902162
1649	0.902162
1650	0.902162
1651	0.902162
1652	0.902162
1653	0.902162
1654	0.902162
1655	0.902162
1656	0.902162
1657	0.902162
1658	0.902162
1659	0.902162
1660	0.902162
1661	0.902162
1662	0.902162
1663	0.902162
1664	0.902162
1665	0.902162
1666	0.902162
1667	0.902162
1668	0.902162
1669	0.902162
1670	0.902162
1671	0.902162
1672	0.902162
1673	0.902162
1674	0.902162
1675	0.902162
1676	0.902162
1677	0.902162
1678	0.902162
1679	0.902162
1680	0.902162
1681	0.902162
1682	0.902162
1683	0.902162
1684	0.902162
1685	0.902162
1686	0.902162
1687	0.902162
1688	0.902162
1689	0.902162
1690	0.902162
1691	0.902162
1692	0.902162
1693	0.902162
1694	0.902162
1695	0.902162
1696	0.902162
1697	0.902162
1698	0.902162
1699	0.902162
1700	0.902162
1701	0.902162
1702	0.902162
1703	0.902162
1704	0.902162
1705	0.902162
1706	0.902162
1707	0.902162
1708	0.902162
1709	0.902162
1710	0.902162
1711	0.902162
1712	0.902162
1713	0.902162
1714	0.902162
1715	0.902162
1716	0.902162
1717	0.902162
1718	0.902162
1719	0.902162
1720	0.902162
1721	0.902162
1722	0.902162
1723	0.902162
1724	0.902162
1725	0.902162
1726	0.902162
1727	0.902162
1728	0.902162
1729	0.902162
1730	0.902162
1731	0.902162
1732	0.902162
1733	0.902162
1734	0.902162
1735	0.902162
1736	0.902162
1737	0.902162
1738	0.902162
1739	0.902162
1740	0.902162
1741	0.902162
1742	0.902162
1743	0.902162
1744	0.902162
1745	0.902162
1746	0.902162
1747	0.902162
1748	0.902162
1749	0.902162
1750	0.902162
1751	0.902162
1752	0.902162
1753	0.902162
1754	0.902162
1755	0.902162
1756	0.902162
1757	0.902162
1758	0.902162
1759	0.902162
1760	0.902162
1761	0.902162
1762	0.902162
1763	0.902162
1764	0.902162
1765	0.902162
1766	0.902162
1767	0.902162
1768	0.902162
1769	0.902162
1770	0.902162
1771	0.902162
1772	0.902162
1773	0.902162
1774	0.902162
1775	0.902162
1776	0.902162
1777	0.902162
1778	0.902162
1779	0.902162
1780	0.902162
1781	0.902162
1782	0.902162
1783	0.902162
1784	0.902162
1785	0.902162
1786	0.902162
1787	0.902162
1788	0.902162
1789	0.902162
1790	0.902162
1791	0.902162
1792	0.902162
1793	0.902162
1794	0.902162
1795	0.902162
1796	0.902162
1797	0.902162
1798	0.902162
1799	0.902162
1800	0.902162
1801	0.902162
1802	0.902162
1803	0.902162
1804	0.90417
1805	0.90417
1806	0.90417
1807	0.90417
1808	0.90417
1809	0.90417
1810	0.90417
1811	0.90417
1812	0.90417
1813	0.90417
1814	0.90417
1815	0.90417
1816	0.909079
1817	0.909079
1818	0.909079
1819	0.909079
1820	0.909079
1821	0.909079
1822	0.909079
1823	0.909079
1824	0.909079
1825	0.909079
1826	0.909079
1827	0.909079
1828	0.909079
1829	0.909079
1830	0.909079
1831	0.909079
1832	0.909079
1833	0.909079
1834	0.909079
1835	0.909079
1836	0.909079
1837	0.909079
1838	0.909079
1839	0.909079
1840	0.909079
1841	0.909079
1842	0.909079
1843	0.913096
1844	0.913096
1845	0.913096
1846	0.913096
1847	0.913096
1848	0.913096
1849	0.913096
1850	0.913096
1851	0.913096
1852	0.913096
1853	0.913096
1854	0.915105
1855	0.915105
1856	0.915105
1857	0.915105
1858	0.915105
1859	0.915105
1860	0.915105
1861	0.915105
1862	0.915105
1863	0.915105
1864	0.915105
1865	0.915105
1866	0.915105
1867	0.915105
1868	0.915105
1869	0.915105
1870	0.915105
1871	0.915105
1872	0.915105
1873	0.915105
1874	0.915105
1875	0.915105
1876	0.915105
1877	0.915105
1878	0.915105
1879	0.915105
1880	0.915105
1881	0.915105
1882	0.915105
1883	0.915105
1884	0.915105
1885	0.915105
1886	0.915105
1887	0.915105
1888	0.915105
1889	0.915105
1890	0.915105
1891	0.915105
1892	0.915105
1893	0.915105
1894	0.915105
1895	0.915105
1896	0.915105
1897	0.915105
1898	0.915105
1899	0.915105
1900	0.915105
1901	0.915105
1902	0.915105
1903	0.915105
1904	0.915105
1905	0.915105
1906	0.915105
1907	0.915105
1908	0.915105
1909	0.915105
1910	0.915105
1911	0.915105
1912	0.915105
1913	0.915105
1914	0.915105
1915	0.915105
1916	0.915105
1917	0.915105
1918	0.915105
1919	0.915105
1920	0.915105
1921	0.915105
1922	0.915105
1923	0.915105
1924	0.915105
1925	0.915105
1926	0.915105
1927	0.915105
1928	0.915105
1929	0.915105
1930	0.915105
1931	0.915105
1932	0.915105
1933	0.915105
1934	0.915105
1935	0.915105
1936	0.915105
1937	0.915105
1938	0.915105
1939	0.915105
1940	0.915105
1941	0.915105
1942	0.915105
1943	0.915105
1944	0.915105
1945	0.915105
1946	0.915105
1947	0.915105
1948	0.915105
1949	0.915105
1950	0.915105
1951	0.915105
1952	0.915105
1953	0.915105
1954	0.915105
1955	0.915105
1956	0.915105
1957	0.915105
1958	0.915105
1959	0.915105
1960	0.915105
1961	0.915105
1962	0.915105
1963	0.915105
1964	0.915105
1965	0.915105
1966	0.915105
1967	0.915105
1968	0.915105
1969	0.915105
1970	0.915105
1971	0.915105
1972	0.915105
1973	0.915105
1974	0.915105
1975	0.915105
1976	0.915105
1977	0.915105
1978	0.915105
1979	0.915105
1980	0.915105
1981	0.915105
1982	0.915105
1983	0.915105
1984	0.915105
1985	0.915105
1986	0.915105
1987	0.915105
1988	0.916667
1989	0.917559
1990	0.917559
1991	0.917559
1992	0.917559
1993	0.917559
1994	0.917559
1995	0.917559
1996	0.917559
1997	0.917559
1998	0.927155
1999	0.927155
2000	0.927155
2001	0.932064
2002	0.932064
2003	0.932064
2004	0.932064
2005	0.932064
2006	0.932064
2007	0.932064
2008	0.932064
2009	0.932064
2010	0.932064
2011	0.932064
2012	0.932064
2013	0.932064
2014	0.932064
2015	0.932064
2016	0.932064
2017	0.932064
2018	0.932064
2019	0.932064
2020	0.932064
2021	0.932064
2022	0.932064
2023	0.932064
2024	0.932064
2025	0.932064
2026	0.932064
2027	0.932064
2028	0.932064
2029	0.932064
2030	0.932064
2031	0.932064
2032	0.932064
2033	0.932064
2034	0.932064
2035	0.932064
2036	0.932064
2037	0.932064
2038	0.932064
2039	0.934073
2040	0.934073
2041	0.934073
2042	0.934073
2043	0.934073
2044	0.934073
2045	0.934073
2046	0.934073
2047	0.934073
2048	0.934073
2049	0.934073
2050	0.934073
2051	0.934073
2052	0.934073
2053	0.934073
2054	0.934073
2055	0.934073
2056	0.934073
2057	0.934073
2058	0.934073
2059	0.934073
2060	0.934073
2061	0.934073
2062	0.934073
2063	0.934073
2064	0.934073
2065	0.934073
2066	0.934073
2067	0.934073
2068	0.934073
2069	0.934073
2070	0.934073
2071	0.934073
2072	0.934073
2073	0.939219
2074	0.939219
2075	0.939219
2076	0.943598
2077	0.943598
2078	0.95046
2079	0.958717
2080	0.958717
2081	0.958717
2082	0.958717
2083	0.958717
2084	0.958717
2085	0.958717
2086	0.958717
2087	0.958717
2088	0.958717
2089	0.958717
2090	0.958717
2091	0.958717
2092	0.958717
2093	0.958717
2094	0.958717
2095	0.958717
2096	0.958717
2097	0.958717
2098	0.958717
2099	0.958717
2100	0.958717
2101	0.958717
2102	0.958717
2103	0.958717
2104	0.958717
2105	0.958717
2106	0.958717
2107	0.958717
2108	0.958717
2109	0.958717
2110	0.958717
2111	0.958717
2112	0.958717
2113	0.958717
2114	0.958717
2115	0.958717
2116	0.958717
2117	0.958717
2118	0.958717
2119	0.958717
2120	0.958717
2121	0.958717
2122	0.958717
2123	0.958717
2124	0.958717
2125	0.958717
2126	0.958717
2127	0.958717
2128	0.958717
2129	0.958717
2130	0.958717
2131	0.958717
2132	0.958717
2133	0.958717
2134	0.958717
2135	0.958717
2136	0.958717
2137	0.958717
2138	0.958717
2139	0.958717
2140	0.958717
2141	0.958717
2142	0.958717
2143	0.958717
2144	0.958717
2145	0.958717
2146	0.958717
2147	0.958717
2148	0.958717
2149	0.958717
2150	0.958717
2151	0.958717
2152	0.958717
2153	0.958717
2154	0.958717
2155	0.958717
2156	0.958717
2157	0.958717
2158	0.958717
2159	0.958717
2160	0.958717
2161	0.958717
2162	0.958717
2163	0.958717
2164	0.958717
2165	0.958717
2166	0.958717
2167	0.958717
2168	0.958717
2169	0.958717
2170	0.958717
2171	0.958717
2172	0.958717
2173	0.958717
2174	0.958717
2175	0.958717
2176	0.958717
2177	0.958717
2178	0.958717
2179	0.958717
2180	0.958717
2181	0.958717
2182	0.958717
2183	0.958717
2184	0.958717
2185	0.958717
2186	0.958717
2187	0.958717
2188	0.958717
2189	0.958717
2190	0.958717
2191	0.958717
2192	0.958717
2193	0.958717
2194	0.958717
2195	0.958717
2196	0.958717
2197	0.958717
2198	0.958717
2199	0.958717
2200	0.958717
2201	0.958717
2202	0.958717
2203	0.958717
2204	0.958717
2205	0.958717
2206	0.958717
2207	0.958717
2208	0.958717
2209	0.958717
2210	0.958717
2211	0.958717
2212	0.958717
2213	0.958717
2214	0.958717
2215	0.958717
2216	0.958717
2217	0.958717
2218	0.958717
2219	0.958717
2220	0.958717
2221	0.958717
2222	0.958717
2223	0.958717
2224	0.958717
2225	0.958717
2226	0.958717
2227	0.958717
2228	0.958717
2229	0.958717
2230	0.958717
2231	0.958717
2232	0.958717
2233	0.958717
2234	0.958717
2235	0.958717
2236	0.958717
2237	0.958717
2238	0.958717
2239	0.958717
2240	0.958717
2241	0.958717
2242	0.958717
2243	0.958717
2244	0.958717
2245	0.958717
2246	0.958717
2247	0.958717
2248	0.958717
2249	0.958717
2250	0.958717
2251	0.958717
2252	0.958717
2253	0.958717
2254	0.958717
2255	0.958717
2256	0.958717
2257	0.958717
2258	0.958717
2259	0.958717
2260	0.958717
2261	0.958717
2262	0.958717
2263	0.958717
2264	0.958717
2265	0.958717
2266	0.958717
2267	0.958717
2268	0.958717
2269	0.958717
2270	0.958717
2271	0.958717
2272	0.958717
2273	0.958717
2274	0.958717
2275	0.958717
2276	0.958717
2277	0.958717
2278	0.958717
2279	0.958717
2280	0.958717
2281	0.958717
2282	0.958717
2283	0.958717
2284	0.958717
2285	0.958717
2286	0.958717
2287	0.958717
2288	0.958717
2289	0.958717
2290	0.958717
2291	0.958717
2292	0.958717
2293	0.958717
2294	0.958717
2295	0.958717
2296	0.958717
2297	0.958717
2298	0.958717
2299	0.958717
2300	0.958717
2301	0.958717
2302	0.958717
2303	0.958717
2304	0.958717
2305	0.958717
2306	0.958717
2307	0.958717
2308	0.958717
2309	0.958717
2310	0.958717
2311	0.958717
2312	0.958717
2313	0.958717
2314	0.958717
2315	0.958717
2316	0.958717
2317	0.958717
2318	0.958717
2319	0.958717
2320	0.958717
2321	0.958717
2322	0.958717
2323	0.958717
2324	0.958717
2325	0.958717
2326	0.958717
2327	0.958717
2328	0.958717
2329	0.958717
2330	0.958717
2331	0.958717
2332	0.958717
2333	0.958717
2334	0.958717
2335	0.958717
2336	0.958717
2337	0.958717
2338	0.958717
2339	0.958717
2340	0.958717
2341	0.958717
2342	0.958717
2343	0.958717
2344	0.958717
2345	0.958717
2346	0.958717
2347	0.958717
2348	0.958717
2349	0.958717
2350	0.958717
2351	0.958717
2352	0.958717
2353	0.958717
2354	0.958717
2355	0.958717
2356	0.958717
2357	0.958717
2358	0.958717
2359	0.958717
2360	0.958717
2361	0.958717
2362	0.958717
2363	0.958717
2364	0.958717
2365	0.958717
2366	0.958717
2367	0.958717
2368	0.958717
2369	0.958717
2370	0.958717
2371	0.958717
2372	0.958717
2373	0.958717
2374	0.958717
2375	0.958717
2376	0.958717
2377	0.958717
2378	0.958717
2379	0.958717
2380	0.958717
2381	0.958717
2382	0.958717
2383	0.958717
2384	0.958717
2385	0.958717
2386	0.958717
2387	0.958717
2388	0.958717
2389	0.958717
2390	0.958717
2391	0.958717
2392	0.958717
2393	0.958717
2394	0.958717
2395	0.958717
2396	0.958717
2397	0.958717
2398	0.958717
2399	0.958717
2400	0.958717
2401	0.958717
2402	0.958717
2403	0.958717
2404	0.958717
2405	0.958717
2406	0.958717
2407	0.958717
2408	0.958717
2409	0.958717
2410	0.958717
2411	0.958717
2412	0.958717
2413	0.958717
2414	0.958717
2415	0.958717
2416	0.958717
2417	0.958717
2418	0.958717
2419	0.958717
2420	0.958717
2421	0.958717
2422	0.958717
2423	0.958717
2424	0.958717
2425	0.958717
2426	0.958717
2427	0.958717
2428	0.958717
2429	0.958717
2430	0.958717
2431	0.958717
2432	0.958717
2433	0.958717
2434	0.958717
2435	0.958717
2436	0.958717
2437	0.958717
2438	0.958717
2439	0.958717
2440	0.958717
2441	0.958717
2442	0.958717
2443	0.958717
2444	0.958717
2445	0.958717
2446	0.958717
2447	0.958717
2448	0.958717
2449	0.958717
2450	0.958717
2451	0.958717
2452	0.958717
2453	0.958717
2454	0.958717
2455	0.958717
2456	0.958717
2457	0.958717
2458	0.958717
2459	0.958717
2460	0.958717
2461	0.958717
2462	0.958717
2463	0.958717
2464	0.958717
2465	0.958717
2466	0.958717
2467	0.961395
2468	0.961395
2469	0.961395
2470	0.961395
2471	0.961395
2472	0.961395
2473	0.961395
2474	0.961395
2475	0.961395
2476	0.961395
2477	0.961395
2478	0.961395
2479	0.961395
2480	0.961395
2481	0.961395
2482	0.961395
2483	0.961395
2484	0.961395
2485	0.961395
2486	0.961395
2487	0.961395
2488	0.961395
2489	0.961395
2490	0.961395
2491	0.961395
2492	0.961395
2493	0.961395
2494	0.961395
2495	0.961395
2496	0.961395
2497	0.961395
2498	0.961395
2499	0.961395
2500	0.961395
2501	0.961395
2502	0.961395
2503	0.961395
2504	0.961395
2505	0.961395
2506	0.961395
2507	0.961395
2508	0.961395
2509	0.961395
2510	0.961395
2511	0.961395
2512	0.961395
2513	0.961395
2514	0.961395
2515	0.961395
2516	0.961395
2517	0.961395
2518	0.961395
2519	0.961395
2520	0.961395
2521	0.961395
2522	0.961395
2523	0.961395
2524	0.961395
2525	0.961395
2526	0.961395
2527	0.961395
2528	0.961395
2529	0.961395
2530	0.961395
2531	0.961395
2532	0.961395
2533	0.961395
2534	0.961395
2535	0.961395
2536	0.961395
2537	0.961395
2538	0.961395
2539	0.961395
2540	0.961395
2541	0.961395
2542	0.961395
2543	0.961395
2544	0.961395
2545	0.961395
2546	0.961395
2547	0.961395
2548	0.961395
2549	0.961395
2550	0.961395
2551	0.961395
2552	0.961395
2553	0.961395
2554	0.961395
2555	0.961395
2556	0.961395
2557	0.961395
2558	0.961395
2559	0.961395
2560	0.961395
2561	0.961395
2562	0.961395
2563	0.961395
2564	0.961395
2565	0.961395
2566	0.961395
2567	0.961395
2568	0.961395
2569	0.961395
2570	0.961395
2571	0.961395
2572	0.961395
2573	0.961395
2574	0.961395
2575	0.961395
2576	0.961395
2577	0.961395
2578	0.961395
2579	0.961395
2580	0.961395
2581	0.961395
2582	0.961395
2583	0.961395
2584	0.961395
2585	0.961395
2586	0.961395
2587	0.961395
2588	0.961395
2589	0.961395
2590	0.961395
2591	0.961395
2592	0.961395
2593	0.961395
2594	0.961395
2595	0.961395
2596	0.961395
2597	0.961395
2598	0.961395
2599	0.961395
2600	0.961395
2601	0.961395
2602	0.961395
2603	0.961395
2604	0.961395
2605	0.961395
2606	0.961395
2607	0.961395
2608	0.961395
2609	0.961395
2610	0.961395
2611	0.961395
2612	0.961395
2613	0.961395
2614	0.961395
2615	0.961395
2616	0.961395
2617	0.961395
2618	0.961395
2619	0.961395
2620	0.961395
2621	0.961395
2622	0.961395
2623	0.961395
2624	0.961395
2625	0.961395
2626	0.961395
2627	0.961395
2628	0.961395
2629	0.961395
2630	0.961395
2631	0.961395
2632	0.961395
2633	0.961395
2634	0.961395
2635	0.961395
2636	0.961395
2637	0.961395
2638	0.961395
2639	0.961395
2640	0.961395
2641	0.961395
2642	0.961395
2643	0.961395
2644	0.961395
2645	0.961395
2646	0.961395
2647	0.961395
2648	0.961395
2649	0.961395
2650	0.961395
2651	0.961395
2652	0.961395
2653	0.961395
2654	0.961395
2655	0.961395
2656	0.961395
2657	0.961395
2658	0.961395
2659	0.961395
2660	0.961395
2661	0.961395
2662	0.961395
2663	0.961395
2664	0.961395
2665	0.961395
2666	0.961395
2667	0.961395
2668	0.961395
2669	0.961395
2670	0.961395
2671	0.961395
2672	0.961395
2673	0.961395
2674	0.961395
2675	0.961395
2676	0.961395
2677	0.961395
2678	0.961395
2679	0.961395
2680	0.961395
2681	0.961395
2682	0.961395
2683	0.961395
2684	0.961395
2685	0.961395
2686	0.961395
2687	0.961395
2688	0.961395
2689	0.961395
2690	0.961395
2691	0.961395
2692	0.961395
2693	0.961395
2694	0.961395
2695	0.961395
2696	0.961395
2697	0.961395
2698	0.961395
2699	0.961395
2700	0.961395
2701	0.961395
2702	0.961395
2703	0.961395
2704	0.961395
2705	0.961395
2706	0.961395
2707	0.961395
2708	0.961395
2709	0.961395
2710	0.961395
2711	0.961395
2712	0.961395
2713	0.961395
2714	0.961395
2715	0.961395
2716	0.961395
2717	0.961395
2718	0.961395
2719	0.961395
2720	0.961395
2721	0.961395
2722	0.961395
2723	0.961395
2724	0.961395
2725	0.961395
2726	0.961395
2727	0.961395
2728	0.961395
2729	0.961395
2730	0.961395
2731	0.961395
2732	0.961395
2733	0.961395
2734	0.961395
2735	0.961395
2736	0.961395
2737	0.961395
2738	0.961395
2739	0.961395
2740	0.961395
2741	0.961395
2742	0.961395
2743	0.961395
2744	0.961395
2745	0.961395
2746	0.961395
2747	0.961395
2748	0.961395
2749	0.961395
2750	0.961395
2751	0.961395
2752	0.961395
2753	0.961395
2754	0.961395
2755	0.961395
2756	0.961395
2757	0.961395
2758	0.961395
2759	0.961395
2760	0.961395
2761	0.961395
2762	0.961395
2763	0.961395
2764	0.961395
2765	0.961395
2766	0.961395
2767	0.961395
2768	0.961395
2769	0.961395
2770	0.961395
2771	0.961395
2772	0.961395
2773	0.961395
2774	0.961395
2775	0.961395
2776	0.961395
2777	0.961395
2778	0.961395
2779	0.961395
2780	0.961395
2781	0.961395
2782	0.961395
2783	0.961395
2784	0.961395
2785	0.961395
2786	0.961395
2787	0.961395
2788	0.961395
2789	0.961395
2790	0.961395
2791	0.961395
2792	0.961395
2793	0.961395
2794	0.961395
2795	0.961395
2796	0.961395
2797	0.961395
2798	0.961395
2799	0.961395
2800	0.961395
2801	0.961395
2802	0.961395
2803	0.961395
2804	0.961395
2805	0.961395
2806	0.961395
2807	0.961395
2808	0.961395
2809	0.961395
2810	0.961395
2811	0.961395
2812	0.961395
2813	0.961395
2814	0.961395
2815	0.961395
2816	0.961395
2817	0.961395
2818	0.961395
2819	0.961395
2820	0.961395
2821	0.961395
2822	0.961395
2823	0.961395
2824	0.961395
2825	0.961395
2826	0.961395
2827	0.961395
2828	0.961395
2829	0.961395
2830	0.961395
2831	0.961395
2832	0.961395
2833	0.961395
2834	0.961395
2835	0.961395
2836	0.961395
2837	0.961395
2838	0.961395
2839	0.961395
2840	0.961395
2841	0.961395
2842	0.961395
2843	0.961395
2844	0.961395
2845	0.961395
2846	0.961395
2847	0.961395
2848	0.961395
2849	0.961395
2850	0.961395
2851	0.961395
2852	0.961395
2853	0.961395
2854	0.961395
2855	0.961395
2856	0.961395
2857	0.961395
2858	0.961395
2859	0.961395
2860	0.961395
2861	0.961395
2862	0.961395
2863	0.961395
2864	0.961395
2865	0.961395
2866	0.961395
2867	0.961395
2868	0.961395
2869	0.961395
2870	0.961395
2871	0.961395
2872	0.961395
2873	0.961395
2874	0.961395
2875	0.961395
2876	0.961395
2877	0.961395
2878	0.961395
2879	0.961395
2880	0.961395
2881	0.961395
2882	0.961395
2883	0.961395
2884	0.961395
2885	0.961395
2886	0.961395
2887	0.961395
2888	0.961395
2889	0.961395
2890	0.961395
2891	0.961395
2892	0.961395
2893	0.961395
2894	0.961395
2895	0.961395
2896	0.961395
2897	0.961395
2898	0.961395
2899	0.961395
2900	0.961395
2901	0.961395
2902	0.961395
2903	0.961395
2904	0.961395
2905	0.961395
2906	0.961395
2907	0.961395
2908	0.961395
2909	0.961395
2910	0.961395
2911	0.961395
2912	0.961395
2913	0.961395
2914	0.961395
2915	0.961395
2916	0.961395
2917	0.961395
2918	0.961395
2919	0.961395
2920	0.961395
2921	0.961395
2922	0.961395
2923	0.961395
2924	0.961395
2925	0.961395
2926	0.961395
2927	0.961395
2928	0.961395
2929	0.961395
2930	0.961395
2931	0.961395
2932	0.961395
2933	0.961395
2934	0.963849
2935	0.963849
2936	0.963849
2937	0.963849
2938	0.963849
2939	0.963849
2940	0.963849
2941	0.963849
2942	0.963849
2943	0.963849
2944	0.963849
2945	0.963849
2946	0.965188
2947	0.965188
2948	0.965188
2949	0.965188
2950	0.965188
2951	0.965188
2952	0.965635
2953	0.965635
2954	0.965635
2955	0.965635
2956	0.965635
2957	0.965635
2958	0.965635
2959	0.965635
2960	0.965635
2961	0.965635
2962	0.965635
2963	0.965635
2964	0.965635
2965	0.965635
2966	0.965635
2967	0.965635
2968	0.965635
2969	0.965635
2970	0.965635
2971	0.965635
2972	0.965635
2973	0.965635
2974	0.965635
2975	0.965635
2976	0.965635
2977	0.965635
2978	0.965635
2979	0.965635
2980	0.965635
2981	0.965635
2982	0.965635
2983	0.965635
2984	0.965635
2985	0.965635
2986	0.965635
2987	0.965635
2988	0.965635
2989	0.965635
2990	0.965635
2991	0.965635
2992	0.965858
2993	0.965858
2994	0.965858
2995	0.965858
2996	0.965858
2997	0.965858
2998	0.965858
2999	0.965858
3000	0.965858
3001	0.965858
3002	0.968312
3003	0.968312
3004	0.968312
3005	0.968312
3006	0.968312
3007	0.969428
3008	0.971855
3009	0.971855
3010	0.971855
3011	0.971855
3012	0.976123
3013	0.976123
3014	0.976123
3015	0.976123
3016	0.976123
3017	0.976123
3018	0.976123
3019	0.976123
3020	0.976123
3021	0.976123
3022	0.976123
3023	0.976123
3024	0.976123
3025	0.976123
3026	0.976123
3027	0.976123
3028	0.976123
3029	0.976123
3030	0.976123
3031	0.976123
3032	0.976123
3033	0.976123
3034	0.976123
3035	0.976123
3036	0.976123
3037	0.976123
3038	0.976123
3039	0.976123
3040	0.976123
3041	0.976123
3042	0.976123
3043	0.976123
3044	0.976123
3045	0.976123
3046	0.976123
3047	0.976123
3048	0.976123
3049	0.976123
3050	0.976123
3051	0.989958
3052	0.989958
3053	0.989958
3054	0.989958
3055	0.989958
3056	0.989958
3057	0.989958
3058	0.989958
3059	0.989958
3060	0.989958
3061	0.989958
3062	0.989958
3063	0.989958
3064	0.989958
3065	0.989958
3066	0.989958
3067	0.989958
3068	0.989958
3069	0.989958
3070	0.989958
3071	0.989958
3072	0.989958
3073	0.989958
3074	0.989958
3075	0.989958
3076	0.989958
3077	0.989958
3078	0.989958
3079	0.989958
3080	0.989958
3081	0.989958
3082	0.989958
3083	0.989958
3084	0.989958
3085	0.989958
3086	0.989958
3087	0.989958
3088	0.989958
3089	0.989958
3090	0.989958
3091	1
## No. organisms: 20
## Seeds        : 1502903744, 50662
## Runtime      : 0h 32m 20s.
## Started at   : Fri Sep  4 17:04:27 2020
## Ended at     : Fri Sep  4 17:36:47 2020
