1	0.4375	0.4375	1	60	5
2	0.5	0.5	1	60	1
3	0.5	0.5	1	60	1
4	0.5	0.5	1	60	5
5	0.5	0.5	1	60	2
6	0.5	0.5	1	60	3
7	0.5	0.5	1	60	4
8	0.5	0.5	1	60	3
9	0.5	0.5	1	60	1
10	0.5	0.5	1	60	1
11	0.5	0.5	1	60	3
12	0.5	0.5	1	60	2
13	0.5	0.5	1	60	1
14	0.5	0.5	1	60	2
15	0.5	0.5	1	60	2
16	0.5	0.5	1	60	1
17	0.5	0.5	1	60	4
18	0.5	0.5	1	60	3
19	0.5	0.5	1	60	3
20	0.5	0.5	1	60	2
21	0.5	0.5	1	60	2
22	0.5	0.5	1	60	2
23	0.5	0.5	1	60	1
24	0.5625	0.5625	1	60	4
25	0.5625	0.5625	1	60	3
26	0.5	0.5625	1	60	6
27	0.5625	0.5625	1	60	2
28	0.5625	0.5625	1	60	1
29	0.5625	0.5625	1	60	2
30	0.5625	0.5625	1	60	3
31	0.5625	0.5625	1	60	1
32	0.5625	0.5625	1	60	2
33	0.5625	0.5625	1	60	3
34	0.5625	0.5625	1	60	1
35	0.5625	0.5625	1	60	1
36	0.5625	0.5625	1	60	2
37	0.5625	0.5625	1	60	1
38	0.5625	0.5625	1	60	3
39	0.5625	0.5625	1	60	2
40	0.5625	0.5625	1	60	1
41	0.5625	0.5625	1	60	3
42	0.5625	0.5625	1	60	5
43	0.5	0.5625	1	60	1
44	0.5	0.5625	1	60	3
45	0.5625	0.5625	1	60	1
46	0.5625	0.5625	1	60	1
47	0.5	0.5625	1	60	3
48	0.5625	0.5625	1	60	1
49	0.5	0.5625	1	60	3
50	0.5625	0.5625	1	60	2
51	0.5625	0.5625	1	60	2
52	0.5	0.5625	1	60	6
53	0.5625	0.5625	1	60	3
54	0.5625	0.5625	1	60	3
55	0.5625	0.5625	1	60	1
56	0.5625	0.5625	1	60	2
57	0.5625	0.5625	1	60	3
58	0.5625	0.5625	1	60	2
59	0.5	0.5625	1	60	2
60	0.5625	0.5625	1	60	2
61	0.5625	0.5625	1	60	4
62	0.5625	0.5625	1	60	3
63	0.5625	0.5625	1	60	1
64	0.5625	0.5625	1	60	2
65	0.5625	0.5625	1	60	2
66	0.5	0.5625	1	60	5
67	0.5625	0.5625	1	60	1
68	0.5625	0.5625	1	60	3
69	0.5625	0.5625	1	60	3
70	0.5625	0.5625	1	60	1
71	0.5625	0.5625	1	60	2
72	0.5	0.5625	1	60	2
73	0.5625	0.5625	1	60	1
74	0.5625	0.5625	1	60	1
75	0.5625	0.5625	1	60	4
76	0.5625	0.5625	1	60	3
77	0.5625	0.5625	1	60	1
78	0.5625	0.5625	1	60	5
79	0.5625	0.5625	1	60	2
80	0.5625	0.5625	1	60	4
81	0.5625	0.5625	1	60	1
82	0.5625	0.5625	1	60	2
83	0.5625	0.5625	1	60	1
84	0.5625	0.5625	1	60	3
85	0.5625	0.5625	1	60	1
86	0.5625	0.5625	1	60	1
87	0.5625	0.5625	1	60	2
88	0.5625	0.5625	1	60	1
89	0.5625	0.5625	1	60	1
90	0.5625	0.5625	1	60	2
91	0.4375	0.5625	1	60	4
92	0.5	0.5625	1	60	5
93	0.5625	0.5625	1	60	1
94	0.5625	0.5625	1	60	3
95	0.5625	0.5625	1	60	1
96	0.5	0.5625	1	60	4
97	0.5625	0.5625	1	60	3
98	0.5	0.5625	1	60	3
99	0.5625	0.5625	1	60	1
100	0.5	0.5625	1	60	6
101	0.5625	0.5625	1	60	2
102	0.5625	0.5625	1	60	3
103	0.5625	0.5625	1	60	2
104	0.4375	0.5625	1	60	4
105	0.5625	0.5625	1	60	5
106	0.5625	0.5625	1	60	1
107	0.5	0.5625	1	60	1
108	0.5625	0.5625	1	60	1
109	0.5625	0.5625	1	60	2
110	0.5625	0.5625	1	60	1
111	0.5625	0.5625	1	60	2
112	0.5625	0.5625	1	60	4
113	0.5625	0.5625	1	60	2
114	0.5625	0.5625	1	60	1
115	0.5625	0.5625	1	60	4
116	0.5	0.5625	1	60	2
117	0.4375	0.5625	1	60	3
118	0.5625	0.5625	1	60	1
119	0.5625	0.5625	1	60	1
120	0.5625	0.5625	1	60	3
121	0.5	0.5625	1	60	3
122	0.5625	0.5625	1	60	1
123	0.5625	0.5625	1	60	5
124	0.5625	0.5625	1	60	4
125	0.5625	0.5625	1	60	1
126	0.5625	0.5625	1	60	4
127	0.5625	0.5625	1	60	2
128	0.5625	0.5625	1	60	1
129	0.5	0.5625	1	60	2
130	0.5	0.5625	1	60	4
131	0.5625	0.5625	1	60	3
132	0.5	0.5625	1	60	2
133	0.5625	0.5625	1	60	1
134	0.5	0.5625	1	60	1
135	0.5625	0.5625	1	60	2
136	0.5	0.5625	1	60	3
137	0.5625	0.5625	1	60	2
138	0.5625	0.5625	1	60	1
139	0.5625	0.5625	1	60	2
140	0.5	0.5625	1	60	3
141	0.5625	0.5625	1	60	2
142	0.5625	0.5625	1	60	2
143	0.5625	0.5625	1	60	1
144	0.5625	0.5625	1	60	3
145	0.5625	0.5625	1	60	3
146	0.5625	0.5625	1	60	4
147	0.5625	0.5625	1	60	3
148	0.5625	0.5625	1	60	1
149	0.375	0.5625	1	60	3
150	0.625	0.625	1	60	3
151	0.625	0.625	1	60	3
152	0.625	0.625	1	60	3
153	0.625	0.625	1	60	4
154	0.625	0.625	1	60	6
155	0.625	0.625	1	60	2
156	0.625	0.625	1	60	1
157	0.625	0.625	1	60	2
158	0.625	0.625	1	60	1
159	0.625	0.625	1	60	1
160	0.625	0.625	1	60	1
161	0.625	0.625	1	60	5
162	0.625	0.625	1	60	2
163	0.625	0.625	1	60	1
164	0.625	0.625	1	60	3
165	0.5	0.625	1	60	1
166	0.625	0.625	1	60	1
167	0.625	0.625	1	60	1
168	0.5	0.625	1	60	7
169	0.625	0.625	1	60	2
170	0.625	0.625	1	60	1
171	0.625	0.625	1	60	1
172	0.625	0.625	1	60	1
173	0.625	0.625	1	60	3
174	0.625	0.625	1	60	3
175	0.625	0.625	1	60	1
176	0.625	0.625	1	60	2
177	0.5625	0.625	1	60	3
178	0.625	0.625	1	60	2
179	0.5	0.625	1	60	1
180	0.625	0.625	1	60	3
181	0.625	0.625	1	60	3
182	0.625	0.625	1	60	1
183	0.625	0.625	1	60	1
184	0.625	0.625	1	60	2
185	0.625	0.625	1	60	2
186	0.625	0.625	1	60	1
187	0.625	0.625	1	60	2
188	0.5	0.625	1	60	2
189	0.625	0.625	1	60	1
190	0.625	0.625	1	60	2
191	0.5625	0.625	1	60	5
192	0.625	0.625	1	60	3
193	0.625	0.625	1	60	1
194	0.625	0.625	1	60	2
195	0.625	0.625	1	60	1
196	0.625	0.625	1	60	1
197	0.625	0.625	1	60	2
198	0.625	0.625	1	60	1
199	0.625	0.625	1	60	1
200	0.625	0.625	1	60	2
201	0.5625	0.625	1	60	1
202	0.5625	0.625	1	60	4
203	0.5625	0.625	1	60	2
204	0.625	0.625	1	60	1
205	0.625	0.625	1	60	2
206	0.625	0.625	1	60	4
207	0.5	0.625	1	60	2
208	0.625	0.625	1	60	1
209	0.625	0.625	1	60	2
210	0.625	0.625	1	60	2
211	0.625	0.625	1	60	1
212	0.625	0.625	1	60	2
213	0.625	0.625	1	60	2
214	0.625	0.625	1	60	2
215	0.625	0.625	1	60	3
216	0.625	0.625	1	60	1
217	0.625	0.625	1	60	1
218	0.625	0.625	1	60	2
219	0.625	0.625	1	60	2
220	0.625	0.625	1	60	2
221	0.625	0.625	1	60	1
222	0.625	0.625	1	60	1
223	0.5625	0.625	1	60	2
224	0.625	0.625	1	60	3
225	0.625	0.625	1	60	1
226	0.625	0.625	1	60	1
227	0.625	0.625	1	60	2
228	0.625	0.625	1	60	2
229	0.625	0.625	1	60	1
230	0.625	0.625	1	60	1
231	0.625	0.625	1	60	2
232	0.625	0.625	1	60	2
233	0.625	0.625	1	60	1
234	0.625	0.625	1	60	2
235	0.5	0.625	1	60	5
236	0.625	0.625	1	60	3
237	0.625	0.625	1	60	3
238	0.625	0.625	1	60	1
239	0.625	0.625	1	60	2
240	0.625	0.625	1	60	1
241	0.5	0.625	1	60	2
242	0.625	0.625	1	60	3
243	0.625	0.625	1	60	2
244	0.625	0.625	1	60	1
245	0.625	0.625	1	60	3
246	0.5625	0.625	1	60	2
247	0.625	0.625	1	60	1
248	0.625	0.625	1	60	4
249	0.625	0.625	1	60	2
250	0.625	0.625	1	60	2
251	0.625	0.625	1	60	5
252	0.625	0.625	1	60	2
253	0.625	0.625	1	60	1
254	0.625	0.625	1	60	2
255	0.625	0.625	1	60	3
256	0.625	0.625	1	60	2
257	0.625	0.625	1	60	3
258	0.625	0.625	1	60	2
259	0.625	0.625	1	60	1
260	0.625	0.625	1	60	2
261	0.625	0.625	1	60	1
262	0.625	0.625	1	60	1
263	0.625	0.625	1	60	1
264	0.625	0.625	1	60	1
265	0.625	0.625	1	60	3
266	0.625	0.625	1	60	1
267	0.625	0.625	1	60	1
268	0.625	0.625	1	60	3
269	0.625	0.625	1	60	1
270	0.5	0.625	1	60	1
271	0.625	0.625	1	60	2
272	0.625	0.625	1	60	2
273	0.625	0.625	1	60	4
274	0.625	0.625	1	60	3
275	0.625	0.625	1	60	3
276	0.625	0.625	1	60	1
277	0.625	0.625	1	60	1
278	0.5625	0.625	1	60	1
279	0.625	0.625	1	60	2
280	0.625	0.625	1	60	1
281	0.625	0.625	1	60	2
282	0.625	0.625	1	60	2
283	0.625	0.625	1	60	1
284	0.625	0.625	1	60	7
285	0.625	0.625	1	60	1
286	0.625	0.625	1	60	2
287	0.625	0.625	1	60	1
288	0.625	0.625	1	60	1
289	0.625	0.625	1	60	5
290	0.625	0.625	1	60	2
291	0.625	0.625	1	60	2
292	0.625	0.625	1	60	1
293	0.625	0.625	1	60	1
294	0.5	0.625	1	60	5
295	0.625	0.625	1	60	1
296	0.625	0.625	1	60	2
297	0.625	0.625	1	60	4
298	0.625	0.625	1	60	1
299	0.625	0.625	1	60	2
300	0.5	0.625	1	60	4
301	0.625	0.625	1	60	2
302	0.625	0.625	1	60	1
303	0.625	0.625	1	60	2
304	0.625	0.625	1	60	3
305	0.625	0.625	1	60	5
306	0.625	0.625	1	60	1
307	0.625	0.625	1	60	5
308	0.625	0.625	1	60	3
309	0.625	0.625	1	60	3
310	0.5625	0.625	1	60	1
311	0.625	0.625	1	60	3
312	0.625	0.625	1	60	4
313	0.625	0.625	1	60	1
314	0.625	0.625	1	60	1
315	0.625	0.625	1	60	2
316	0.625	0.625	1	60	1
317	0.625	0.625	1	60	1
318	0.625	0.625	1	60	2
319	0.625	0.625	1	60	4
320	0.625	0.625	1	60	2
321	0.625	0.625	1	60	4
322	0.625	0.625	1	60	2
323	0.625	0.625	1	60	1
324	0.625	0.625	1	60	1
325	0.625	0.625	1	60	1
326	0.625	0.625	1	60	1
327	0.625	0.625	1	60	3
328	0.625	0.625	1	60	2
329	0.625	0.625	1	60	4
330	0.625	0.625	1	60	3
331	0.625	0.625	1	60	1
332	0.625	0.625	1	60	2
333	0.5	0.625	1	60	3
334	0.625	0.625	1	60	2
335	0.625	0.625	1	60	1
336	0.625	0.625	1	60	3
337	0.625	0.625	1	60	1
338	0.625	0.625	1	60	3
339	0.4375	0.625	1	60	3
340	0.5	0.625	1	60	2
341	0.625	0.625	1	60	1
342	0.625	0.625	1	60	1
343	0.625	0.625	1	60	3
344	0.625	0.625	1	60	4
345	0.75	0.75	1	60	2
346	0.75	0.75	1	60	3
347	0.75	0.75	1	60	4
348	0.625	0.75	1	60	3
349	0.75	0.75	1	60	2
350	0.75	0.75	1	60	2
351	0.75	0.75	1	60	1
352	0.75	0.75	1	60	3
353	0.75	0.75	1	60	1
354	0.75	0.75	1	60	2
355	0.75	0.75	1	60	3
356	0.75	0.75	1	60	3
357	0.75	0.75	1	60	4
358	0.75	0.75	1	60	1
359	0.75	0.75	1	60	1
360	0.625	0.75	1	60	6
361	0.75	0.75	1	60	3
362	0.75	0.75	1	60	4
363	0.625	0.75	1	60	1
364	0.5	0.75	1	60	1
365	0.75	0.75	1	60	2
366	0.5	0.75	1	60	3
367	0.75	0.75	1	60	1
368	0.75	0.75	1	60	3
369	0.75	0.75	1	60	4
370	0.5	0.75	1	60	2
371	0.5	0.75	1	60	1
372	0.625	0.75	1	60	2
373	0.75	0.75	1	60	5
374	0.75	0.75	1	60	1
375	0.75	0.75	1	60	1
376	0.75	0.75	1	60	2
377	0.75	0.75	1	60	2
378	0.625	0.75	1	60	2
379	0.75	0.75	1	60	3
380	0.75	0.75	1	60	5
381	0.75	0.75	1	60	1
382	0.75	0.75	1	60	4
383	0.625	0.75	1	60	3
384	0.75	0.75	1	60	1
385	0.75	0.75	1	60	1
386	0.75	0.75	1	60	1
387	0.75	0.75	1	60	1
388	0.75	0.75	1	60	3
389	0.625	0.75	1	60	6
390	0.75	0.75	1	60	2
391	0.75	0.75	1	60	1
392	0.625	0.75	1	60	4
393	0.75	0.75	1	60	1
394	0.625	0.75	1	60	3
395	0.75	0.75	1	60	1
396	0.75	0.75	1	60	2
397	0.75	0.75	1	60	2
398	0.75	0.75	1	60	1
399	0.625	0.75	1	60	3
400	0.75	0.75	1	60	1
401	0.75	0.75	1	60	1
402	0.5	0.75	1	60	5
403	0.75	0.75	1	60	2
404	0.75	0.75	1	60	2
405	0.75	0.75	1	60	5
406	0.75	0.75	1	60	1
407	0.75	0.75	1	60	2
408	0.625	0.75	1	60	1
409	0.75	0.75	1	60	3
410	0.75	0.75	1	60	2
411	0.75	0.75	1	60	3
412	0.5	0.75	1	60	2
413	0.75	0.75	1	60	1
414	0.75	0.75	1	60	4
415	0.75	0.75	1	60	1
416	0.75	0.75	1	60	4
417	0.75	0.75	1	60	2
418	0.75	0.75	1	60	2
419	0.75	0.75	1	60	2
420	0.75	0.75	1	60	2
421	0.625	0.75	1	60	3
422	0.75	0.75	1	60	2
423	0.75	0.75	1	60	2
424	0.75	0.75	1	60	3
425	0.75	0.75	1	60	2
426	0.75	0.75	1	60	2
427	0.75	0.75	1	60	2
428	0.5625	0.75	1	60	3
429	0.75	0.75	1	60	1
430	0.625	0.75	1	60	3
431	0.625	0.75	1	60	2
432	0.75	0.75	1	60	1
433	0.75	0.75	1	60	1
434	0.75	0.75	1	60	1
435	0.5625	0.75	1	60	1
436	0.6875	0.75	1	60	1
437	0.75	0.75	1	60	2
438	0.5625	0.75	1	60	2
439	0.75	0.75	1	60	1
440	0.75	0.75	1	60	1
441	0.75	0.75	1	60	1
442	0.75	0.75	1	60	2
443	0.75	0.75	1	60	2
444	0.75	0.75	1	60	1
445	0.5	0.75	1	60	3
446	0.75	0.75	1	60	2
447	0.75	0.75	1	60	3
448	0.75	0.75	1	60	3
449	0.625	0.75	1	60	2
450	0.75	0.75	1	60	1
451	0.75	0.75	1	60	1
452	0.75	0.75	1	60	1
453	0.75	0.75	1	60	5
454	0.75	0.75	1	60	2
455	0.75	0.75	1	60	3
456	0.75	0.75	1	60	2
457	0.5	0.75	1	60	3
458	0.75	0.75	1	60	4
459	0.5	0.75	1	60	2
460	0.75	0.75	1	60	2
461	0.75	0.75	1	60	2
462	0.75	0.75	1	60	1
463	0.75	0.75	1	60	1
464	0.75	0.75	1	60	1
465	0.375	0.75	1	60	4
466	0.75	0.75	1	60	1
467	0.5	0.75	1	60	3
468	0.75	0.75	1	60	1
469	0.75	0.75	1	60	2
470	0.75	0.75	1	60	2
471	0.75	0.75	1	60	3
472	0.75	0.75	1	60	1
473	0.75	0.75	1	60	3
474	0.75	0.75	1	60	2
475	0.75	0.75	1	60	1
476	0.5	0.75	1	60	3
477	0.75	0.75	1	60	1
478	0.75	0.75	1	60	2
479	0.75	0.75	1	60	4
480	0.5	0.75	1	60	3
481	0.5	0.75	1	60	3
482	0.75	0.75	1	60	1
483	0.75	0.75	1	60	2
484	0.75	0.75	1	60	1
485	0.75	0.75	1	60	3
486	0.75	0.75	1	60	1
487	0.75	0.75	1	60	1
488	0.75	0.75	1	60	1
489	0.75	0.75	1	60	2
490	0.75	0.75	1	60	1
491	0.75	0.75	1	60	4
492	0.75	0.75	1	60	1
493	0.75	0.75	1	60	2
494	0.6875	0.75	1	60	5
495	0.75	0.75	1	60	2
496	0.75	0.75	1	60	1
497	0.5	0.75	1	60	1
498	0.75	0.75	1	60	1
499	0.75	0.75	1	60	4
500	0.75	0.75	1	60	2
501	0.75	0.75	1	60	1
502	0.75	0.75	1	60	1
503	0.75	0.75	1	60	3
504	0.5	0.75	1	60	3
505	0.75	0.75	1	60	1
506	0.75	0.75	1	60	2
507	0.625	0.75	1	60	2
508	0.75	0.75	1	60	2
509	0.75	0.75	1	60	3
510	0.75	0.75	1	60	1
511	0.75	0.75	1	60	1
512	0.5	0.75	1	60	5
513	0.75	0.75	1	60	1
514	0.5	0.75	1	60	3
515	0.75	0.75	1	60	3
516	0.5	0.75	1	60	5
517	0.75	0.75	1	60	1
518	0.75	0.75	1	60	1
519	0.5	0.75	1	60	1
520	0.75	0.75	1	60	4
521	0.75	0.75	1	60	1
522	0.75	0.75	1	60	1
523	0.75	0.75	1	60	4
524	0.75	0.75	1	60	2
525	0.75	0.75	1	60	2
526	0.75	0.75	1	60	6
527	0.625	0.75	1	60	2
528	0.75	0.75	1	60	4
529	0.75	0.75	1	60	2
530	0.75	0.75	1	60	4
531	0.75	0.75	1	60	1
532	0.625	0.75	1	60	2
533	0.75	0.75	1	60	3
534	0.75	0.75	1	60	2
535	0.75	0.75	1	60	2
536	0.75	0.75	1	60	3
537	0.75	0.75	1	60	2
538	0.75	0.75	1	60	2
539	0.75	0.75	1	60	1
540	0.75	0.75	1	60	2
541	0.625	0.75	1	60	2
542	0.625	0.75	1	60	3
543	0.75	0.75	1	60	2
544	0.5	0.75	1	60	5
545	0.5	0.75	1	60	3
546	0.625	0.75	1	60	2
547	0.75	0.75	1	60	1
548	0.5	0.75	1	60	6
549	0.75	0.75	1	60	2
550	0.6875	0.75	1	60	2
551	0.75	0.75	1	60	3
552	0.6875	0.75	1	60	2
553	0.75	0.75	1	60	1
554	0.75	0.75	1	60	3
555	0.5	0.75	1	60	3
556	0.75	0.75	1	60	1
557	0.75	0.75	1	60	2
558	0.5	0.75	1	60	2
559	0.5625	0.75	1	60	2
560	0.75	0.75	1	60	3
561	0.6875	0.75	1	60	2
562	0.75	0.75	1	60	1
563	0.6875	0.75	1	60	2
564	0.5	0.75	1	60	4
565	0.75	0.75	1	60	2
566	0.75	0.75	1	60	1
567	0.625	0.75	1	60	1
568	0.75	0.75	1	60	1
569	0.75	0.75	1	60	5
570	0.625	0.75	1	60	4
571	0.75	0.75	1	60	1
572	0.625	0.75	1	60	2
573	0.75	0.75	1	60	1
574	0.75	0.75	1	60	2
575	0.5	0.75	1	60	2
576	0.6875	0.75	1	60	2
577	0.75	0.75	1	60	2
578	0.5	0.75	1	60	3
579	0.75	0.75	1	60	1
580	0.75	0.75	1	60	1
581	0.75	0.75	1	60	1
582	0.75	0.75	1	60	2
583	0.5	0.75	1	60	3
584	0.75	0.75	1	60	2
585	0.6875	0.75	1	60	2
586	0.75	0.75	1	60	2
587	0.6875	0.75	1	60	4
588	0.5	0.75	1	60	2
589	0.625	0.75	1	60	2
590	0.75	0.75	1	60	1
591	0.75	0.75	1	60	1
592	0.75	0.75	1	60	1
593	0.5	0.75	1	60	5
594	0.625	0.75	1	60	3
595	0.75	0.75	1	60	3
596	0.5	0.75	1	60	2
597	0.75	0.75	1	60	1
598	0.75	0.75	1	60	1
599	0.75	0.75	1	60	2
600	0.75	0.75	1	60	2
601	0.75	0.75	1	60	1
602	0.75	0.75	1	60	2
603	0.5625	0.75	1	60	1
604	0.75	0.75	1	60	2
605	0.5625	0.75	1	60	3
606	0.75	0.75	1	60	2
607	0.75	0.75	1	60	2
608	0.625	0.75	1	60	2
609	0.5	0.75	1	60	5
610	0.75	0.75	1	60	1
611	0.5625	0.75	1	60	2
612	0.75	0.75	1	60	1
613	0.5625	0.75	1	60	1
614	0.6875	0.75	1	60	2
615	0.75	0.75	1	60	4
616	0.75	0.75	1	60	1
617	0.75	0.75	1	60	2
618	0.75	0.75	1	60	2
619	0.75	0.75	1	60	2
620	0.625	0.75	1	60	3
621	0.75	0.75	1	60	3
622	0.75	0.75	1	60	1
623	0.75	0.75	1	60	2
624	0.75	0.75	1	60	3
625	0.75	0.75	1	60	4
626	0.75	0.75	1	60	3
627	0.6875	0.75	1	60	3
628	0.75	0.75	1	60	1
629	0.75	0.75	1	60	1
630	0.75	0.75	1	60	2
631	0.5	0.75	1	60	3
632	0.75	0.75	1	60	3
633	0.625	0.75	1	60	1
634	0.75	0.75	1	60	2
635	0.75	0.75	1	60	1
636	0.75	0.75	1	60	2
637	0.5	0.75	1	60	1
638	0.75	0.75	1	60	2
639	0.75	0.75	1	60	3
640	0.5	0.75	1	60	2
641	0.5	0.75	1	60	3
642	0.75	0.75	1	60	2
643	0.75	0.75	1	60	1
644	0.5	0.75	1	60	3
645	0.75	0.75	1	60	3
646	0.5	0.75	1	60	5
647	0.75	0.75	1	60	2
648	0.75	0.75	1	60	1
649	0.75	0.75	1	60	5
650	0.75	0.75	1	60	1
651	0.75	0.75	1	60	1
652	0.625	0.75	1	60	5
653	0.5625	0.75	1	60	1
654	0.75	0.75	1	60	2
655	0.5	0.75	1	60	1
656	0.75	0.75	1	60	1
657	0.75	0.75	1	60	6
658	0.75	0.75	1	60	3
659	0.75	0.75	1	60	5
660	0.75	0.75	1	60	2
661	0.5	0.75	1	60	3
662	0.75	0.75	1	60	1
663	0.75	0.75	1	60	1
664	0.75	0.75	1	60	2
665	0.5625	0.75	1	60	3
666	0.6875	0.75	1	60	2
667	0.75	0.75	1	60	1
668	0.75	0.75	1	60	1
669	0.75	0.75	1	60	2
670	0.75	0.75	1	60	7
671	0.75	0.75	1	60	2
672	0.75	0.75	1	60	3
673	0.75	0.75	1	60	1
674	0.75	0.75	1	60	1
675	0.75	0.75	1	60	3
676	0.75	0.75	1	60	1
677	0.5	0.75	1	60	1
678	0.5	0.75	1	60	2
679	0.5	0.75	1	60	3
680	0.75	0.75	1	60	2
681	0.75	0.75	1	60	1
682	0.6875	0.75	1	60	2
683	0.75	0.75	1	60	2
684	0.75	0.75	1	60	1
685	0.75	0.75	1	60	1
686	0.6875	0.75	1	60	1
687	0.75	0.75	1	60	1
688	0.5	0.75	1	60	3
689	0.75	0.75	1	60	2
690	0.75	0.75	1	60	3
691	0.75	0.75	1	60	3
692	0.75	0.75	1	60	3
693	0.75	0.75	1	60	1
694	0.75	0.75	1	60	1
695	0.5	0.75	1	60	4
696	0.75	0.75	1	60	2
697	0.5	0.75	1	60	3
698	0.5	0.75	1	60	3
699	0.5	0.75	1	60	2
700	0.6875	0.75	1	60	3
701	0.75	0.75	1	60	2
702	0.75	0.75	1	60	1
703	0.75	0.75	1	60	2
704	0.75	0.75	1	60	2
705	0.75	0.75	1	60	1
706	0.75	0.75	1	60	1
707	0.75	0.75	1	60	3
708	0.75	0.75	1	60	1
709	0.75	0.75	1	60	2
710	0.625	0.75	1	60	2
711	0.5	0.75	1	60	2
712	0.625	0.75	1	60	1
713	0.75	0.75	1	60	2
714	0.75	0.75	1	60	3
715	0.75	0.75	1	60	2
716	0.5	0.75	1	60	1
717	0.75	0.75	1	60	5
718	0.75	0.75	1	60	2
719	0.75	0.75	1	60	2
720	0.75	0.75	1	60	3
721	0.75	0.75	1	60	1
722	0.75	0.75	1	60	1
723	0.75	0.75	1	60	1
724	0.5	0.75	1	60	4
725	0.75	0.75	1	60	1
726	0.5	0.75	1	60	2
727	0.75	0.75	1	60	1
728	0.75	0.75	1	60	4
729	0.375	0.75	1	60	3
730	0.75	0.75	1	60	1
731	0.75	0.75	1	60	1
732	0.75	0.75	1	60	2
733	0.75	0.75	1	60	3
734	0.75	0.75	1	60	1
735	0.75	0.75	1	60	1
736	0.75	0.75	1	60	2
737	0.75	0.75	1	60	2
738	0.375	0.75	1	60	4
739	0.75	0.75	1	60	4
740	0.75	0.75	1	60	1
741	0.75	0.75	1	60	2
742	0.5	0.75	1	60	3
743	0.75	0.75	1	60	3
744	0.625	0.75	1	60	2
745	0.5	0.75	1	60	1
746	0.5	0.75	1	60	1
747	0.75	0.75	1	60	1
748	0.75	0.75	1	60	2
749	0.75	0.75	1	60	2
750	0.75	0.75	1	60	2
751	0.75	0.75	1	60	2
752	0.5	0.75	1	60	3
753	0.75	0.75	1	60	1
754	0.75	0.75	1	60	1
755	0.75	0.75	1	60	2
756	0.75	0.75	1	60	2
757	0.625	0.75	1	60	4
758	0.75	0.75	1	60	1
759	0.5	0.75	1	60	1
760	0.5	0.75	1	60	3
761	0.5	0.75	1	60	1
762	0.75	0.75	1	60	3
763	0.5	0.75	1	60	3
764	0.75	0.75	1	60	1
765	0.625	0.75	1	60	3
766	0.75	0.75	1	60	2
767	0.625	0.75	1	60	1
768	0.75	0.75	1	60	2
769	0.625	0.75	1	60	1
770	0.625	0.75	1	60	1
771	0.5	0.75	1	60	2
772	0.4375	0.75	1	60	2
773	0.75	0.75	1	60	2
774	0.75	0.75	1	60	3
775	0.5	0.75	1	60	4
776	0.75	0.75	1	60	4
777	0.75	0.75	1	60	4
778	0.75	0.75	1	60	2
779	0.5	0.75	1	60	2
780	0.75	0.75	1	60	1
781	0.625	0.75	1	60	2
782	0.75	0.75	1	60	1
783	0.5	0.75	1	60	4
784	0.75	0.75	1	60	2
785	0.75	0.75	1	60	2
786	0.75	0.75	1	60	2
787	0.75	0.75	1	60	1
788	0.75	0.75	1	60	1
789	0.75	0.75	1	60	2
790	0.75	0.75	1	60	2
791	0.75	0.75	1	60	4
792	0.5	0.75	1	60	3
793	0.75	0.75	1	60	3
794	0.75	0.75	1	60	1
795	0.75	0.75	1	60	1
796	0.5	0.75	1	60	4
797	0.75	0.75	1	60	3
798	0.75	0.75	1	60	2
799	0.75	0.75	1	60	3
800	0.75	0.75	1	60	2
801	0.75	0.75	1	60	1
802	0.75	0.75	1	60	2
803	0.75	0.75	1	60	7
804	0.75	0.75	1	60	2
805	0.5	0.75	1	60	7
806	0.8125	0.8125	1	60	2
807	0.8125	0.8125	1	60	2
808	0.6875	0.8125	1	60	1
809	0.875	0.875	1	60	2
810	0.75	0.875	1	60	2
811	0.875	0.875	1	60	5
812	0.875	0.875	1	60	1
813	0.875	0.875	1	60	3
814	0.875	0.875	1	60	3
815	0.5	0.875	1	60	2
816	0.875	0.875	1	60	3
817	0.875	0.875	1	60	1
818	0.5	0.875	1	60	4
819	0.875	0.875	1	60	2
820	0.875	0.875	1	60	1
821	0.875	0.875	1	60	1
822	0.875	0.875	1	60	1
823	0.5	0.875	1	60	4
824	0.875	0.875	1	60	2
825	0.875	0.875	1	60	3
826	0.875	0.875	1	60	1
827	0.75	0.875	1	60	4
828	0.875	0.875	1	60	2
829	0.875	0.875	1	60	1
830	0.875	0.875	1	60	2
831	0.875	0.875	1	60	1
832	0.875	0.875	1	60	1
833	0.875	0.875	1	60	2
834	0.875	0.875	1	60	3
835	0.875	0.875	1	60	1
836	0.625	0.875	1	60	4
837	0.875	0.875	1	60	2
838	0.875	0.875	1	60	3
839	0.75	0.875	1	60	1
840	0.875	0.875	1	60	1
841	0.875	0.875	1	60	1
842	0.5	0.875	1	60	3
843	0.625	0.875	1	60	2
844	0.75	0.875	1	60	3
845	0.875	0.875	1	60	1
846	0.875	0.875	1	60	1
847	0.875	0.875	1	60	1
848	0.875	0.875	1	60	2
849	0.625	0.875	1	60	4
850	0.875	0.875	1	60	3
851	0.875	0.875	1	60	1
852	0.5	0.875	1	60	3
853	0.875	0.875	1	60	3
854	0.875	0.875	1	60	2
855	0.875	0.875	1	60	1
856	0.75	0.875	1	60	4
857	0.5	0.875	1	60	4
858	0.6875	0.875	1	60	5
859	0.875	0.875	1	60	2
860	0.875	0.875	1	60	2
861	0.875	0.875	1	60	1
862	0.5	0.875	1	60	3
863	0.875	0.875	1	60	2
864	0.875	0.875	1	60	1
865	0.8125	0.875	1	60	3
866	0.875	0.875	1	60	3
867	0.875	0.875	1	60	3
868	0.875	0.875	1	60	5
869	0.875	0.875	1	60	2
870	0.875	0.875	1	60	2
871	0.875	0.875	1	60	2
872	0.875	0.875	1	60	1
873	0.875	0.875	1	60	2
874	0.875	0.875	1	60	3
875	0.875	0.875	1	60	5
876	0.75	0.875	1	60	2
877	0.875	0.875	1	60	4
878	0.6875	0.875	1	60	2
879	0.875	0.875	1	60	1
880	0.625	0.875	1	60	1
881	0.875	0.875	1	60	2
882	0.875	0.875	1	60	1
883	0.875	0.875	1	60	1
884	0.875	0.875	1	60	3
885	0.5625	0.875	1	60	1
886	0.875	0.875	1	60	2
887	0.875	0.875	1	60	1
888	0.875	0.875	1	60	1
889	0.875	0.875	1	60	1
890	0.875	0.875	1	60	2
891	0.875	0.875	1	60	2
892	0.875	0.875	1	60	1
893	0.5625	0.875	1	60	2
894	0.875	0.875	1	60	3
895	0.875	0.875	1	60	2
896	0.6875	0.875	1	60	3
897	0.875	0.875	1	60	3
898	0.875	0.875	1	60	1
899	0.875	0.875	1	60	1
900	0.5	0.875	1	60	2
901	0.875	0.875	1	60	4
902	0.875	0.875	1	60	2
903	0.875	0.875	1	60	2
904	0.875	0.875	1	60	1
905	0.875	0.875	1	60	1
906	0.875	0.875	1	60	1
907	0.875	0.875	1	60	2
908	0.75	0.875	1	60	1
909	0.875	0.875	1	60	1
910	0.875	0.875	1	60	1
911	0.875	0.875	1	60	2
912	0.875	0.875	1	60	2
913	0.75	0.875	1	60	2
914	0.5625	0.875	1	60	4
915	0.625	0.875	1	60	1
916	0.875	0.875	1	60	1
917	0.6875	0.875	1	60	2
918	0.875	0.875	1	60	2
919	0.875	0.875	1	60	2
920	0.875	0.875	1	60	1
921	0.875	0.875	1	60	1
922	0.875	0.875	1	60	1
923	0.875	0.875	1	60	3
924	0.875	0.875	1	60	2
925	0.875	0.875	1	60	4
926	0.875	0.875	1	60	2
927	0.875	0.875	1	60	1
928	0.875	0.875	1	60	1
929	0.875	0.875	1	60	3
930	0.5	0.875	1	60	2
931	0.875	0.875	1	60	1
932	0.875	0.875	1	60	5
933	0.5	0.875	1	60	5
934	0.875	0.875	1	60	1
935	0.625	0.875	1	60	3
936	0.875	0.875	1	60	3
937	0.875	0.875	1	60	1
938	0.5	0.875	1	60	4
939	0.75	0.875	1	60	1
940	0.875	0.875	1	60	2
941	0.8125	0.875	1	60	2
942	0.875	0.875	1	60	1
943	0.875	0.875	1	60	3
944	0.875	0.875	1	60	2
945	0.875	0.875	1	60	1
946	0.875	0.875	1	60	1
947	0.875	0.875	1	60	1
948	0.875	0.875	1	60	1
949	0.875	0.875	1	60	1
950	0.5	0.875	1	60	1
951	0.875	0.875	1	60	1
952	0.5625	0.875	1	60	4
953	0.5625	0.875	1	60	4
954	0.5625	0.875	1	60	4
955	0.875	0.875	1	60	1
956	0.875	0.875	1	60	1
957	0.875	0.875	1	60	1
958	0.875	0.875	1	60	2
959	0.875	0.875	1	60	2
960	0.75	0.875	1	60	2
961	0.875	0.875	1	60	2
962	0.8125	0.875	1	60	6
963	0.8125	0.875	1	60	4
964	0.875	0.875	1	60	1
965	0.875	0.875	1	60	1
966	0.875	0.875	1	60	2
967	0.5	0.875	1	60	4
968	0.875	0.875	1	60	2
969	0.875	0.875	1	60	6
970	0.875	0.875	1	60	2
971	0.875	0.875	1	60	3
972	0.875	0.875	1	60	1
973	0.875	0.875	1	60	1
974	0.875	0.875	1	60	1
975	0.875	0.875	1	60	1
976	0.875	0.875	1	60	4
977	0.875	0.875	1	60	1
978	0.875	0.875	1	60	2
979	0.875	0.875	1	60	1
980	0.75	0.875	1	60	1
981	0.875	0.875	1	60	1
982	0.875	0.875	1	60	3
983	0.5	0.875	1	60	4
984	0.5625	0.875	1	60	3
985	0.875	0.875	1	60	2
986	0.875	0.875	1	60	1
987	0.875	0.875	1	60	1
988	0.875	0.875	1	60	1
989	0.625	0.875	1	60	6
990	0.875	0.875	1	60	2
991	0.875	0.875	1	60	3
992	0.75	0.875	1	60	2
993	0.75	0.875	1	60	3
994	0.875	0.875	1	60	2
995	0.375	0.875	1	60	1
996	0.875	0.875	1	60	1
997	0.875	0.875	1	60	2
998	0.875	0.875	1	60	1
999	0.875	0.875	1	60	1
1000	0.875	0.875	1	60	2
1001	0.875	0.875	1	60	1
1002	0.625	0.875	1	60	1
1003	0.875	0.875	1	60	3
1004	0.875	0.875	1	60	2
1005	0.875	0.875	1	60	4
1006	0.625	0.875	1	60	3
1007	0.5	0.875	1	60	4
1008	0.875	0.875	1	60	4
1009	0.875	0.875	1	60	2
1010	0.5	0.875	1	60	2
1011	0.875	0.875	1	60	5
1012	0.8125	0.875	1	60	2
1013	0.875	0.875	1	60	1
1014	0.75	0.875	1	60	3
1015	0.625	0.875	1	60	3
1016	0.875	0.875	1	60	3
1017	0.875	0.875	1	60	1
1018	0.5	0.875	1	60	3
1019	0.875	0.875	1	60	1
1020	0.875	0.875	1	60	1
1021	0.875	0.875	1	60	1
1022	0.75	0.875	1	60	3
1023	0.875	0.875	1	60	2
1024	0.875	0.875	1	60	1
1025	0.875	0.875	1	60	3
1026	0.875	0.875	1	60	2
1027	0.625	0.875	1	60	2
1028	0.5	0.875	1	60	4
1029	0.875	0.875	1	60	2
1030	0.625	0.875	1	60	2
1031	0.875	0.875	1	60	2
1032	0.875	0.875	1	60	3
1033	0.5	0.875	1	60	4
1034	0.875	0.875	1	60	1
1035	0.5	0.875	1	60	2
1036	0.875	0.875	1	60	2
1037	0.875	0.875	1	60	1
1038	0.875	0.875	1	60	1
1039	0.875	0.875	1	60	2
1040	0.875	0.875	1	60	2
1041	0.5	0.875	1	60	3
1042	0.875	0.875	1	60	4
1043	0.875	0.875	1	60	3
1044	0.875	0.875	1	60	2
1045	0.875	0.875	1	60	2
1046	0.875	0.875	1	60	1
1047	0.5	0.875	1	60	3
1048	0.875	0.875	1	60	3
1049	0.875	0.875	1	60	1
1050	0.875	0.875	1	60	1
1051	0.875	0.875	1	60	4
1052	0.625	0.875	1	60	4
1053	0.875	0.875	1	60	1
1054	0.875	0.875	1	60	1
1055	0.875	0.875	1	60	1
1056	0.875	0.875	1	60	3
1057	0.875	0.875	1	60	2
1058	0.875	0.875	1	60	2
1059	0.875	0.875	1	60	3
1060	0.875	0.875	1	60	2
1061	0.875	0.875	1	60	2
1062	0.875	0.875	1	60	1
1063	0.5	0.875	1	60	2
1064	0.875	0.875	1	60	2
1065	0.875	0.875	1	60	3
1066	0.875	0.875	1	60	1
1067	0.875	0.875	1	60	2
1068	0.875	0.875	1	60	1
1069	0.875	0.875	1	60	1
1070	0.875	0.875	1	60	1
1071	0.875	0.875	1	60	2
1072	0.875	0.875	1	60	2
1073	0.625	0.875	1	60	3
1074	0.875	0.875	1	60	1
1075	0.5	0.875	1	60	5
1076	0.875	0.875	1	60	4
1077	0.875	0.875	1	60	4
1078	0.5	0.875	1	60	2
1079	0.875	0.875	1	60	2
1080	0.875	0.875	1	60	1
1081	0.875	0.875	1	60	2
1082	0.875	0.875	1	60	2
1083	0.875	0.875	1	60	1
1084	0.875	0.875	1	60	1
1085	0.875	0.875	1	60	2
1086	0.875	0.875	1	60	1
1087	0.875	0.875	1	60	1
1088	0.875	0.875	1	60	2
1089	0.875	0.875	1	60	1
1090	0.875	0.875	1	60	1
1091	0.875	0.875	1	60	3
1092	1	1	1	60	2
## Seeds    : 1502474949, 77891
## Runtime  : 0h 0m 1s.
## Begins at: Sun Aug 30 11:29:09 2020
## Ends   at: Sun Aug 30 11:29:10 2020
