1	0.5
2	0.5
3	0.5
4	0.5
5	0.5
6	0.5
7	0.5
8	0.5
9	0.5
10	0.5
11	0.5
12	0.5625
13	0.5625
14	0.5625
15	0.5625
16	0.5625
17	0.5625
18	0.5625
19	0.5625
20	0.5625
21	0.5625
22	0.5625
23	0.5625
24	0.625
25	0.625
26	0.625
27	0.625
28	0.625
29	0.6875
30	0.6875
31	0.6875
32	0.6875
33	0.6875
34	0.6875
35	0.6875
36	0.6875
37	0.6875
38	0.6875
39	0.6875
40	0.6875
41	0.6875
42	0.6875
43	0.6875
44	0.6875
45	0.6875
46	0.6875
47	0.75
48	0.75
49	0.75
50	0.75
51	0.75
52	0.75
53	0.75
54	0.75
55	0.75
56	0.75
57	0.75
58	0.75
59	0.75
60	0.75
61	0.75
62	0.75
63	0.75
64	0.75
65	0.75
66	0.75
67	0.75
68	0.75
69	0.75
70	0.75
71	0.75
72	0.75
73	0.75
74	0.75
75	0.75
76	0.75
77	0.75
78	0.75
79	0.75
80	0.75
81	0.75
82	0.75
83	0.75
84	0.75
85	0.75
86	0.75
87	0.75
88	0.75
89	0.75
90	0.75
91	0.75
92	0.75
93	0.75
94	0.75
95	0.75
96	0.75
97	0.75
98	0.75
99	0.75
100	0.75
101	0.75
102	0.75
103	0.75
104	0.75
105	0.75
106	0.75
107	0.75
108	0.75
109	0.8125
110	0.8125
111	0.8125
112	0.8125
113	0.8125
114	0.875
115	0.875
116	0.875
117	0.875
118	0.875
119	1
## No. organisms: 20
## Seeds        : 1502474949, 77891
## Runtime      : 0h 0m 1s.
## Started at   : Sun Aug 30 11:29:50 2020
## Ended at     : Sun Aug 30 11:29:51 2020
