1	0.625
2	0.625
3	0.75
4	0.75
5	0.75
6	0.75
7	0.75
8	0.75
9	0.75
10	0.75
11	0.75
12	0.75
13	0.75
14	0.75
15	0.75
16	0.75
17	0.75
18	0.75
19	0.75
20	0.75
21	0.75
22	0.75
23	0.75
24	0.75
25	0.75
26	0.75
27	0.75
28	0.75
29	0.75
30	0.75
31	0.75
32	0.75
33	0.75
34	0.75
35	0.75
36	0.75
37	0.75
38	0.75
39	0.75
40	0.75
41	0.75
42	0.75
43	0.75
44	0.75
45	0.75
46	0.75
47	0.75
48	0.75
49	0.75
50	0.75
51	0.75
52	0.75
53	0.75
54	0.75
55	0.75
56	0.75
57	0.75
58	0.75
59	0.75
60	0.8125
61	0.8125
62	0.8125
63	0.8125
64	0.8125
65	0.8125
66	0.8125
67	0.8125
68	0.8125
69	0.8125
70	0.8125
71	0.8125
72	0.8125
73	0.875
74	0.875
75	0.875
76	0.875
77	0.875
78	0.875
79	0.875
80	0.875
81	0.875
82	0.875
83	0.875
84	0.875
85	0.875
86	0.875
87	0.875
88	0.875
89	0.875
90	0.875
91	0.875
92	0.875
93	0.875
94	0.875
95	0.875
96	0.875
97	0.875
98	0.875
99	0.875
100	0.875
101	0.875
102	0.875
103	0.875
104	0.875
105	0.875
106	0.875
107	0.875
108	0.875
109	0.875
110	0.875
111	0.875
112	0.875
113	0.875
114	0.875
115	0.875
116	0.875
117	0.875
118	0.875
119	0.875
120	0.875
121	0.875
122	0.875
123	0.875
124	0.875
125	0.875
126	0.875
127	0.875
128	0.875
129	0.875
130	0.875
131	0.875
132	0.875
133	0.875
134	0.875
135	0.875
136	0.875
137	0.875
138	0.875
139	0.875
140	0.875
141	0.875
142	0.875
143	0.875
144	0.875
145	0.875
146	0.875
147	0.875
148	0.875
149	0.875
150	0.875
151	0.875
152	0.875
153	0.875
154	0.875
155	0.875
156	0.875
157	0.875
158	0.875
159	0.875
160	0.875
161	0.875
162	0.875
163	0.875
164	0.875
165	0.875
166	0.875
167	0.875
168	0.875
169	0.875
170	0.875
171	0.875
172	0.875
173	0.875
174	0.9375
175	0.9375
176	0.9375
177	0.9375
178	0.9375
179	0.9375
180	0.9375
181	0.9375
182	0.9375
183	0.9375
184	0.9375
185	0.9375
186	0.9375
187	0.9375
188	0.9375
189	0.9375
190	0.9375
191	0.9375
192	0.9375
193	0.9375
194	0.9375
195	0.9375
196	0.9375
197	0.9375
198	0.9375
199	0.9375
200	0.9375
201	0.9375
202	0.9375
203	0.9375
204	0.9375
205	0.9375
206	0.9375
207	0.9375
208	0.9375
209	0.9375
210	0.9375
211	0.9375
212	0.9375
213	0.9375
214	0.9375
215	0.9375
216	0.9375
217	0.9375
218	0.9375
219	0.9375
220	0.9375
221	0.9375
222	0.9375
223	0.9375
224	0.9375
225	0.9375
226	0.9375
227	0.9375
228	0.9375
229	0.9375
230	0.9375
231	1
## No. organisms: 20
## Seeds        : 1502474949, 77891
## Runtime      : 0h 0m 2s.
## Started at   : Sun Aug 30 11:29:58 2020
## Ended at     : Sun Aug 30 11:30:00 2020
